6.929993E+1	-5.285714E-6	0.000000E+0
6.929293E+1	-7.714286E-7	4.669933E-2
6.928593E+1	1.942857E-6	9.339865E-2
6.927893E+1	-3.200000E-6	1.400980E-1
6.927193E+1	5.714286E-7	1.867973E-1
6.926493E+1	-4.800000E-6	2.334966E-1
6.925793E+1	-1.582857E-5	2.801960E-1
6.925093E+1	-1.134286E-5	3.268953E-1
6.924393E+1	1.685714E-6	3.735946E-1
6.923693E+1	-5.714286E-6	4.202939E-1
6.922993E+1	-2.857143E-6	4.669932E-1
6.922293E+1	-2.085714E-6	5.136926E-1
6.921593E+1	-1.048571E-5	5.603919E-1
6.920893E+1	-2.714286E-6	6.070912E-1
6.920193E+1	-7.342857E-6	6.537905E-1
6.919493E+1	-8.485715E-6	7.004899E-1
6.918793E+1	8.285714E-7	7.471892E-1
6.918093E+1	2.628571E-6	7.938885E-1
6.917393E+1	-8.657143E-6	8.405879E-1
6.916693E+1	-2.285714E-6	8.872872E-1
6.915993E+1	-1.480000E-5	9.339865E-1
6.915293E+1	-1.714286E-5	9.806858E-1
6.914593E+1	-2.514286E-5	1.027385E+0
6.913893E+1	-4.717143E-5	1.074085E+0
6.913193E+1	-5.011429E-5	1.120784E+0
6.912493E+1	-7.385714E-5	1.167483E+0
6.911793E+1	-1.019429E-4	1.214182E+0
6.911093E+1	-1.154286E-4	1.260882E+0
6.910393E+1	-1.656286E-4	1.307581E+0
6.909693E+1	-2.164571E-4	1.354280E+0
6.908993E+1	-2.762286E-4	1.400980E+0
6.908293E+1	-3.428000E-4	1.447679E+0
6.907593E+1	-4.258000E-4	1.494378E+0
6.906893E+1	-4.441714E-4	1.541078E+0
6.906193E+1	-4.216857E-4	1.587777E+0
6.905493E+1	-3.018286E-4	1.634476E+0
6.904793E+1	-4.174286E-5	1.681176E+0
6.904093E+1	3.805714E-4	1.727875E+0
6.903393E+1	8.210571E-4	1.774574E+0
6.902693E+1	1.153857E-3	1.821274E+0
6.901993E+1	1.285200E-3	1.867973E+0
6.901293E+1	1.160771E-3	1.914672E+0
6.900593E+1	7.492000E-4	1.961372E+0
6.899893E+1	2.708572E-4	2.008071E+0
6.899193E+1	-1.178857E-4	2.054770E+0
6.898493E+1	-5.576000E-4	2.101470E+0
6.897793E+1	-6.312571E-4	2.148169E+0
6.897093E+1	-5.119714E-4	2.194868E+0
6.896393E+1	-3.222286E-4	2.241568E+0
6.895693E+1	-1.083143E-4	2.288267E+0
6.894993E+1	4.297143E-5	2.334966E+0
6.894293E+1	6.680000E-5	2.381665E+0
6.893593E+1	-6.057143E-6	2.428365E+0
6.892893E+1	-1.024000E-4	2.475064E+0
6.892193E+1	-1.647429E-4	2.521764E+0
6.891493E+1	-1.767714E-4	2.568463E+0
6.890793E+1	-1.128571E-4	2.615162E+0
6.890093E+1	-1.142857E-5	2.661861E+0
6.889393E+1	6.631429E-5	2.708561E+0
6.888693E+1	1.084857E-4	2.755260E+0
6.887993E+1	9.197143E-5	2.801960E+0
6.887293E+1	2.711429E-5	2.848659E+0
6.886593E+1	-2.331429E-5	2.895358E+0
6.885893E+1	-6.231428E-5	2.942057E+0
6.885193E+1	-7.522857E-5	2.988757E+0
6.884493E+1	-6.071429E-5	3.035456E+0
6.883793E+1	-3.862857E-5	3.082155E+0
6.883093E+1	-1.560000E-5	3.128855E+0
6.882393E+1	9.114286E-6	3.175554E+0
6.881693E+1	1.937143E-5	3.222253E+0
6.880993E+1	3.520000E-5	3.268953E+0
6.880293E+1	2.220000E-5	3.315652E+0
6.879593E+1	3.180000E-5	3.362351E+0
6.878893E+1	1.345714E-5	3.409051E+0
6.878193E+1	-4.542857E-6	3.455750E+0
6.877493E+1	-3.025714E-5	3.502449E+0
6.876793E+1	-5.182857E-5	3.549149E+0
6.876093E+1	-8.591429E-5	3.595848E+0
6.875393E+1	-9.680000E-5	3.642547E+0
6.874693E+1	-8.840000E-5	3.689247E+0
6.873993E+1	-5.411429E-5	3.735946E+0
6.873293E+1	-1.037143E-5	3.782645E+0
6.872593E+1	6.751429E-5	3.829345E+0
6.871893E+1	7.311429E-5	3.876044E+0
6.871193E+1	9.560000E-5	3.922743E+0
6.870493E+1	7.102857E-5	3.969443E+0
6.869793E+1	4.128572E-5	4.016142E+0
6.869093E+1	-2.728571E-5	4.062841E+0
6.868393E+1	-5.260000E-5	4.109540E+0
6.867693E+1	-7.942857E-5	4.156240E+0
6.866993E+1	-6.674285E-5	4.202939E+0
6.866293E+1	-5.540000E-5	4.249639E+0
6.865593E+1	-6.657143E-6	4.296338E+0
6.864893E+1	2.048572E-5	4.343037E+0
6.864193E+1	1.805714E-5	4.389737E+0
6.863493E+1	1.751428E-5	4.436436E+0
6.862793E+1	-2.314286E-6	4.483135E+0
6.862093E+1	-2.285714E-5	4.529835E+0
6.861393E+1	-2.920000E-5	4.576534E+0
6.860693E+1	-2.191429E-5	4.623233E+0
6.859993E+1	-1.351429E-5	4.669932E+0
6.859293E+1	-1.714286E-7	4.716632E+0
6.858593E+1	6.028572E-6	4.763331E+0
6.857893E+1	-4.371429E-6	4.810030E+0
6.857193E+1	-1.348571E-5	4.856730E+0
6.856493E+1	-1.825714E-5	4.903429E+0
6.855793E+1	-2.571428E-6	4.950129E+0
6.855093E+1	3.280000E-5	4.996828E+0
6.854393E+1	4.382857E-5	5.043527E+0
6.853693E+1	5.460000E-5	5.090227E+0
6.852993E+1	4.280000E-5	5.136926E+0
6.852293E+1	2.765714E-5	5.183625E+0
6.851593E+1	-1.628571E-6	5.230324E+0
6.850893E+1	-2.617143E-5	5.277024E+0
6.850193E+1	-4.314286E-5	5.323723E+0
6.849493E+1	-5.345714E-5	5.370422E+0
6.848793E+1	-5.748571E-5	5.417122E+0
6.848093E+1	-5.682857E-5	5.463821E+0
6.847393E+1	-4.574286E-5	5.510520E+0
6.846693E+1	-2.908572E-5	5.557220E+0
6.845993E+1	-4.000000E-6	5.603919E+0
6.845293E+1	2.614286E-5	5.650619E+0
6.844593E+1	5.200000E-5	5.697318E+0
6.843893E+1	8.000000E-5	5.744017E+0
6.843193E+1	7.128571E-5	5.790716E+0
6.842493E+1	3.434286E-5	5.837416E+0
6.841793E+1	1.540000E-5	5.884115E+0
6.841093E+1	-3.322857E-5	5.930814E+0
6.840393E+1	-7.822857E-5	5.977514E+0
6.839693E+1	-8.851429E-5	6.024213E+0
6.838993E+1	-5.940000E-5	6.070912E+0
6.838293E+1	-4.437143E-5	6.117611E+0
6.837593E+1	1.200000E-6	6.164311E+0
6.836893E+1	2.777143E-5	6.211010E+0
6.836193E+1	3.311429E-5	6.257710E+0
6.835493E+1	3.211429E-5	6.304409E+0
6.834793E+1	2.665714E-5	6.351108E+0
6.834093E+1	-7.771428E-6	6.397808E+0
6.833393E+1	-1.182857E-5	6.444507E+0
6.832693E+1	-2.451429E-5	6.491206E+0
6.831993E+1	-2.431429E-5	6.537906E+0
6.831293E+1	-1.742857E-6	6.584605E+0
6.830593E+1	2.377143E-5	6.631304E+0
6.829893E+1	1.871429E-5	6.678003E+0
6.829193E+1	1.037143E-5	6.724703E+0
6.828493E+1	-8.228571E-6	6.771402E+0
6.827793E+1	-2.045714E-5	6.818101E+0
6.827093E+1	-2.448571E-5	6.864801E+0
6.826393E+1	-9.085715E-6	6.911500E+0
6.825693E+1	1.154286E-5	6.958200E+0
6.824993E+1	2.851429E-5	7.004899E+0
6.824293E+1	3.665714E-5	7.051598E+0
6.823593E+1	1.642857E-5	7.098298E+0
6.822893E+1	-2.182857E-5	7.144997E+0
6.822193E+1	-5.200000E-5	7.191696E+0
6.821493E+1	-6.442857E-5	7.238395E+0
6.820793E+1	-5.165714E-5	7.285095E+0
6.820093E+1	-2.000000E-5	7.331794E+0
6.819393E+1	2.177143E-5	7.378493E+0
6.818693E+1	4.782857E-5	7.425193E+0
6.817993E+1	4.837143E-5	7.471892E+0
6.817293E+1	2.360000E-5	7.518591E+0
6.816593E+1	-7.000000E-6	7.565290E+0
6.815893E+1	-2.651429E-5	7.611990E+0
6.815193E+1	-3.508572E-5	7.658689E+0
6.814493E+1	-2.577143E-5	7.705389E+0
6.813793E+1	-8.028572E-6	7.752088E+0
6.813093E+1	-4.228571E-6	7.798787E+0
6.812393E+1	-2.542857E-6	7.845487E+0
6.811693E+1	1.288571E-5	7.892186E+0
6.810993E+1	7.428571E-7	7.938885E+0
6.810293E+1	8.971429E-6	7.985585E+0
6.809593E+1	1.868571E-5	8.032284E+0
6.808893E+1	1.374286E-5	8.078983E+0
6.808193E+1	7.371429E-6	8.125683E+0
6.807493E+1	-1.057143E-6	8.172382E+0
6.806793E+1	-1.720000E-5	8.219081E+0
6.806093E+1	-3.431429E-5	8.265780E+0
6.805393E+1	-3.648572E-5	8.312480E+0
6.804693E+1	-2.868571E-5	8.359179E+0
6.803993E+1	-2.162857E-5	8.405878E+0
6.803293E+1	5.828571E-6	8.452578E+0
6.802593E+1	2.145714E-5	8.499277E+0
6.801893E+1	3.480000E-5	8.545977E+0
6.801193E+1	2.665714E-5	8.592676E+0
6.800493E+1	1.388571E-5	8.639375E+0
6.799793E+1	2.857143E-6	8.686074E+0
6.799093E+1	-2.282857E-5	8.732774E+0
6.798393E+1	-1.674286E-5	8.779473E+0
6.797693E+1	-1.388571E-5	8.826173E+0
6.796993E+1	-3.800000E-6	8.872871E+0
6.796293E+1	6.171429E-6	8.919571E+0
6.795593E+1	9.114286E-6	8.966270E+0
6.794893E+1	-1.702857E-5	9.012970E+0
6.794193E+1	-2.737143E-5	9.059669E+0
6.793493E+1	-4.448571E-5	9.106368E+0
6.792793E+1	-3.528571E-5	9.153068E+0
6.792093E+1	1.742857E-6	9.199767E+0
6.791393E+1	2.394286E-5	9.246467E+0
6.790693E+1	3.791429E-5	9.293166E+0
6.789993E+1	4.231428E-5	9.339865E+0
6.789293E+1	1.180000E-5	9.386564E+0
6.788593E+1	-8.371429E-6	9.433264E+0
6.787893E+1	-2.157143E-5	9.479963E+0
6.787193E+1	-3.508572E-5	9.526662E+0
6.786493E+1	-2.288571E-5	9.573361E+0
6.785793E+1	-5.057143E-6	9.620061E+0
6.785093E+1	1.280000E-5	9.666760E+0
6.784393E+1	5.742857E-6	9.713460E+0
6.783693E+1	-6.485714E-6	9.760159E+0
6.782993E+1	-1.891429E-5	9.806858E+0
6.782293E+1	-2.160000E-5	9.853558E+0
6.781593E+1	3.228571E-6	9.900257E+0
6.780893E+1	1.774286E-5	9.946957E+0
6.780193E+1	2.657143E-5	9.993655E+0
6.779493E+1	2.354286E-5	1.004035E+1
6.778793E+1	9.400000E-6	1.008705E+1
6.778093E+1	-1.022857E-5	1.013375E+1
6.777393E+1	-4.597143E-5	1.018045E+1
6.776693E+1	-5.977143E-5	1.022715E+1
6.775993E+1	-3.968571E-5	1.027385E+1
6.775293E+1	-2.631429E-5	1.032055E+1
6.774593E+1	8.571428E-6	1.036725E+1
6.773893E+1	2.011429E-5	1.041395E+1
6.773193E+1	2.820000E-5	1.046065E+1
6.772493E+1	1.302857E-5	1.050735E+1
6.771793E+1	7.142857E-7	1.055405E+1
6.771093E+1	-1.802857E-5	1.060075E+1
6.770393E+1	-1.240000E-5	1.064745E+1
6.769693E+1	1.371429E-6	1.069415E+1
6.768993E+1	1.571429E-5	1.074084E+1
6.768293E+1	2.277143E-5	1.078754E+1
6.767593E+1	3.217143E-5	1.083424E+1
6.766893E+1	1.771429E-5	1.088094E+1
6.766193E+1	-2.342857E-6	1.092764E+1
6.765493E+1	-4.314286E-6	1.097434E+1
6.764793E+1	-1.342857E-5	1.102104E+1
6.764093E+1	-8.314286E-6	1.106774E+1
6.763393E+1	-1.260000E-5	1.111444E+1
6.762693E+1	-1.200000E-6	1.116114E+1
6.761993E+1	-8.514286E-6	1.120784E+1
6.761293E+1	-6.314286E-6	1.125454E+1
6.760593E+1	-1.514286E-6	1.130124E+1
6.759893E+1	-3.228571E-6	1.134794E+1
6.759193E+1	1.220000E-5	1.139464E+1
6.758493E+1	7.828571E-6	1.144133E+1
6.757793E+1	7.142857E-6	1.148803E+1
6.757093E+1	-3.228571E-6	1.153473E+1
6.756393E+1	-4.285714E-6	1.158143E+1
6.755693E+1	-1.528571E-5	1.162813E+1
6.754993E+1	-7.085714E-6	1.167483E+1
6.754293E+1	-1.582857E-5	1.172153E+1
6.753593E+1	4.571429E-6	1.176823E+1
6.752893E+1	1.225714E-5	1.181493E+1
6.752193E+1	2.265714E-5	1.186163E+1
6.751493E+1	-3.514286E-6	1.190833E+1
