6.969991E+1	3.771429E-6	0.000000E+0
6.969290E+1	-7.657143E-6	4.669933E-2
6.968591E+1	-2.514286E-6	9.339865E-2
6.967890E+1	1.857143E-6	1.400980E-1
6.967191E+1	-5.142857E-7	1.867973E-1
6.966490E+1	4.428572E-6	2.334966E-1
6.965791E+1	-8.171429E-6	2.801960E-1
6.965090E+1	-1.285714E-6	3.268953E-1
6.964391E+1	8.000000E-7	3.735946E-1
6.963690E+1	3.114286E-6	4.202939E-1
6.962991E+1	-1.600000E-6	4.669932E-1
6.962290E+1	-2.914286E-6	5.136926E-1
6.961591E+1	-1.857143E-6	5.603919E-1
6.960890E+1	8.685714E-6	6.070912E-1
6.960191E+1	8.857143E-7	6.537905E-1
6.959490E+1	7.314286E-6	7.004899E-1
6.958791E+1	2.400000E-6	7.471892E-1
6.958090E+1	8.257143E-6	7.938885E-1
6.957391E+1	6.285714E-6	8.405879E-1
6.956690E+1	1.085714E-6	8.872872E-1
6.955991E+1	2.257143E-6	9.339865E-1
6.955290E+1	-5.800000E-6	9.806858E-1
6.954591E+1	-2.857143E-6	1.027385E+0
6.953890E+1	-3.314286E-6	1.074085E+0
6.953191E+1	-3.371429E-6	1.120784E+0
6.952490E+1	-8.657143E-6	1.167483E+0
6.951791E+1	-1.714286E-6	1.214182E+0
6.951090E+1	-4.771428E-6	1.260882E+0
6.950391E+1	-9.142857E-6	1.307581E+0
6.949690E+1	-1.314286E-6	1.354280E+0
6.948991E+1	-4.342857E-6	1.400980E+0
6.948290E+1	-1.145714E-5	1.447679E+0
6.947591E+1	-2.171429E-6	1.494378E+0
6.946890E+1	4.400000E-6	1.541078E+0
6.946191E+1	2.314286E-6	1.587777E+0
6.945490E+1	-7.571429E-6	1.634476E+0
6.944791E+1	1.628571E-6	1.681176E+0
6.944090E+1	7.171428E-6	1.727875E+0
6.943391E+1	-2.857143E-7	1.774574E+0
6.942690E+1	-4.314286E-6	1.821274E+0
6.941991E+1	-6.485714E-6	1.867973E+0
6.941290E+1	-9.428572E-6	1.914672E+0
6.940591E+1	9.428571E-7	1.961372E+0
6.939890E+1	1.742857E-6	2.008071E+0
6.939191E+1	2.714286E-6	2.054770E+0
6.938490E+1	4.314286E-6	2.101470E+0
6.937791E+1	-4.600000E-6	2.148169E+0
6.937090E+1	-5.628571E-6	2.194868E+0
6.936391E+1	-2.085714E-6	2.241568E+0
6.935690E+1	-5.028572E-6	2.288267E+0
6.934991E+1	4.314286E-6	2.334966E+0
6.934290E+1	-4.457143E-6	2.381665E+0
6.933591E+1	1.371429E-6	2.428365E+0
6.932890E+1	-2.514286E-6	2.475064E+0
6.932191E+1	-5.457143E-6	2.521764E+0
6.931490E+1	9.714286E-7	2.568463E+0
6.930791E+1	4.457143E-6	2.615162E+0
6.930090E+1	-1.828571E-6	2.661861E+0
6.929391E+1	1.142857E-6	2.708561E+0
6.928690E+1	-1.000000E-6	2.755260E+0
6.927991E+1	4.314286E-6	2.801960E+0
6.927290E+1	7.685714E-6	2.848659E+0
6.926591E+1	-5.685714E-6	2.895358E+0
6.925890E+1	-1.000000E-6	2.942057E+0
6.925191E+1	-1.971429E-6	2.988757E+0
6.924490E+1	1.457143E-6	3.035456E+0
6.923791E+1	-3.371429E-6	3.082155E+0
6.923090E+1	-5.285714E-6	3.128855E+0
6.922391E+1	-2.371429E-6	3.175554E+0
6.921690E+1	5.714286E-7	3.222253E+0
6.920991E+1	-6.000000E-6	3.268953E+0
6.920290E+1	-2.114286E-6	3.315652E+0
6.919591E+1	-4.885714E-6	3.362351E+0
6.918890E+1	-3.600000E-6	3.409051E+0
6.918191E+1	-9.428572E-6	3.455750E+0
6.917490E+1	-2.060000E-5	3.502449E+0
6.916791E+1	-2.225714E-5	3.549149E+0
6.916090E+1	-1.920000E-5	3.595848E+0
6.915391E+1	-2.574286E-5	3.642547E+0
6.914690E+1	-4.211429E-5	3.689247E+0
6.913991E+1	-3.785714E-5	3.735946E+0
6.913290E+1	-5.791429E-5	3.782645E+0
6.912591E+1	-8.002857E-5	3.829345E+0
6.911890E+1	-1.002000E-4	3.876044E+0
6.911191E+1	-1.234000E-4	3.922743E+0
6.910490E+1	-1.589429E-4	3.969443E+0
6.909791E+1	-1.826571E-4	4.016142E+0
6.909090E+1	-2.239429E-4	4.062841E+0
6.908391E+1	-2.109429E-4	4.109540E+0
6.907690E+1	-1.777143E-4	4.156240E+0
6.906991E+1	-9.514286E-5	4.202939E+0
6.906290E+1	5.571428E-5	4.249639E+0
6.905591E+1	2.368000E-4	4.296338E+0
6.904890E+1	4.198000E-4	4.343037E+0
6.904191E+1	5.535714E-4	4.389737E+0
6.903490E+1	5.686857E-4	4.436436E+0
6.902791E+1	4.795429E-4	4.483135E+0
6.902090E+1	3.225429E-4	4.529835E+0
6.901391E+1	9.720000E-5	4.576534E+0
6.900690E+1	-6.137143E-5	4.623233E+0
6.899991E+1	-1.996571E-4	4.669932E+0
6.899290E+1	-2.209429E-4	4.716632E+0
6.898591E+1	-1.842571E-4	4.763331E+0
6.897890E+1	-1.130286E-4	4.810030E+0
6.897191E+1	-4.757143E-5	4.856730E+0
6.896490E+1	-1.471429E-5	4.903429E+0
6.895791E+1	-8.228571E-6	4.950129E+0
6.895090E+1	-2.634286E-5	4.996828E+0
6.894391E+1	-6.774285E-5	5.043527E+0
6.893690E+1	-7.868571E-5	5.090227E+0
6.892991E+1	-7.125714E-5	5.136926E+0
6.892290E+1	-4.308571E-5	5.183625E+0
6.891591E+1	1.085714E-6	5.230324E+0
6.890891E+1	2.491428E-5	5.277024E+0
6.890190E+1	2.448571E-5	5.323723E+0
6.889491E+1	2.374286E-5	5.370422E+0
6.888790E+1	1.057143E-5	5.417122E+0
6.888091E+1	-1.900000E-5	5.463821E+0
6.887390E+1	-2.342857E-5	5.510520E+0
6.886691E+1	-3.085714E-5	5.557220E+0
6.885990E+1	-2.340000E-5	5.603919E+0
6.885291E+1	-3.971429E-6	5.650619E+0
6.884590E+1	-4.857143E-7	5.697318E+0
6.883891E+1	1.802857E-5	5.744017E+0
6.883190E+1	1.568571E-5	5.790716E+0
6.882491E+1	1.540000E-5	5.837416E+0
6.881790E+1	1.931429E-5	5.884115E+0
6.881091E+1	1.668571E-5	5.930814E+0
6.880390E+1	1.177143E-5	5.977514E+0
6.879691E+1	-1.828571E-6	6.024213E+0
6.878990E+1	-1.245714E-5	6.070912E+0
6.878291E+1	-3.197143E-5	6.117611E+0
6.877590E+1	-3.317143E-5	6.164311E+0
6.876891E+1	-5.014286E-5	6.211010E+0
6.876190E+1	-3.611428E-5	6.257710E+0
6.875491E+1	-1.877143E-5	6.304409E+0
6.874790E+1	-1.282857E-5	6.351108E+0
6.874091E+1	1.622857E-5	6.397808E+0
6.873390E+1	3.708572E-5	6.444507E+0
6.872691E+1	3.694286E-5	6.491206E+0
6.871990E+1	3.614286E-5	6.537906E+0
6.871291E+1	7.085714E-6	6.584605E+0
6.870590E+1	-1.120000E-5	6.631304E+0
6.869891E+1	-2.600000E-5	6.678003E+0
6.869190E+1	-3.685714E-5	6.724703E+0
6.868491E+1	-2.848571E-5	6.771402E+0
6.867790E+1	-1.177143E-5	6.818101E+0
6.867091E+1	-8.457143E-6	6.864801E+0
6.866390E+1	-1.114286E-6	6.911500E+0
6.865691E+1	6.400000E-6	6.958200E+0
6.864990E+1	-1.342857E-6	7.004899E+0
6.864291E+1	-1.142857E-6	7.051598E+0
6.863590E+1	-8.942857E-6	7.098298E+0
6.862891E+1	-8.514286E-6	7.144997E+0
6.862190E+1	-6.857143E-7	7.191696E+0
6.861491E+1	-2.657143E-6	7.238395E+0
6.860790E+1	-6.600000E-6	7.285095E+0
6.860091E+1	-4.742857E-6	7.331794E+0
6.859390E+1	-1.165714E-5	7.378493E+0
6.858691E+1	-1.548571E-5	7.425193E+0
6.857990E+1	-9.457143E-6	7.471892E+0
6.857291E+1	1.017143E-5	7.518591E+0
6.856590E+1	1.860000E-5	7.565290E+0
6.855891E+1	2.388571E-5	7.611990E+0
6.855190E+1	2.877143E-5	7.658689E+0
6.854491E+1	2.448571E-5	7.705389E+0
6.853790E+1	1.254286E-5	7.752088E+0
6.853091E+1	-2.457143E-6	7.798787E+0
6.852390E+1	-5.114286E-6	7.845487E+0
6.851691E+1	-1.517143E-5	7.892186E+0
6.850990E+1	-2.045714E-5	7.938885E+0
6.850291E+1	-2.357143E-5	7.985585E+0
6.849590E+1	-2.231429E-5	8.032284E+0
6.848891E+1	-1.677143E-5	8.078983E+0
6.848190E+1	-8.828571E-6	8.125683E+0
6.847491E+1	-1.542857E-6	8.172382E+0
6.846790E+1	2.114286E-5	8.219081E+0
6.846091E+1	2.451429E-5	8.265780E+0
6.845390E+1	3.394286E-5	8.312480E+0
6.844691E+1	2.754286E-5	8.359179E+0
6.843990E+1	1.254286E-5	8.405878E+0
6.843291E+1	2.857143E-8	8.452578E+0
6.842590E+1	-1.065714E-5	8.499277E+0
6.841891E+1	-3.574286E-5	8.545977E+0
6.841190E+1	-2.757143E-5	8.592676E+0
6.840491E+1	-2.514286E-5	8.639375E+0
6.839790E+1	-1.462857E-5	8.686074E+0
6.839091E+1	-3.800000E-6	8.732774E+0
6.838390E+1	6.371429E-6	8.779473E+0
6.837691E+1	1.734286E-5	8.826173E+0
6.836990E+1	2.225714E-5	8.872871E+0
6.836291E+1	1.534286E-5	8.919571E+0
6.835590E+1	7.257143E-6	8.966270E+0
6.834891E+1	7.628571E-6	9.012970E+0
6.834190E+1	-2.514286E-6	9.059669E+0
6.833491E+1	2.971429E-6	9.106368E+0
6.832790E+1	1.977143E-5	9.153068E+0
6.832091E+1	6.171429E-6	9.199767E+0
6.831390E+1	1.020000E-5	9.246467E+0
6.830691E+1	8.600000E-6	9.293166E+0
6.829990E+1	-7.428571E-7	9.339865E+0
6.829291E+1	-2.914286E-6	9.386564E+0
6.828590E+1	-1.445714E-5	9.433264E+0
6.827891E+1	-5.714286E-7	9.479963E+0
6.827190E+1	1.174286E-5	9.526662E+0
6.826491E+1	6.171429E-6	9.573361E+0
6.825790E+1	1.042857E-5	9.620061E+0
6.825091E+1	-4.571428E-7	9.666760E+0
6.824390E+1	-1.551429E-5	9.713460E+0
6.823691E+1	-2.777143E-5	9.760159E+0
6.822990E+1	-2.542857E-5	9.806858E+0
6.822291E+1	-1.131429E-5	9.853558E+0
6.821590E+1	5.114286E-6	9.900257E+0
6.820891E+1	1.674286E-5	9.946957E+0
6.820190E+1	2.588571E-5	9.993655E+0
6.819491E+1	2.451429E-5	1.004035E+1
6.818790E+1	1.340000E-5	1.008705E+1
6.818091E+1	4.285714E-6	1.013375E+1
6.817390E+1	-1.188571E-5	1.018045E+1
6.816691E+1	-6.828571E-6	1.022715E+1
6.815990E+1	-4.485714E-6	1.027385E+1
6.815291E+1	-7.714286E-7	1.032055E+1
6.814590E+1	7.428571E-6	1.036725E+1
6.813891E+1	1.371429E-6	1.041395E+1
6.813190E+1	-1.971429E-6	1.046065E+1
6.812491E+1	4.371429E-6	1.050735E+1
6.811790E+1	9.028571E-6	1.055405E+1
6.811091E+1	4.714286E-6	1.060075E+1
6.810390E+1	3.914286E-6	1.064745E+1
6.809691E+1	1.257143E-6	1.069415E+1
6.808990E+1	6.628572E-6	1.074084E+1
6.808291E+1	-2.914286E-6	1.078754E+1
6.807590E+1	-1.482857E-5	1.083424E+1
6.806891E+1	-2.702857E-5	1.088094E+1
6.806190E+1	-1.057143E-5	1.092764E+1
6.805491E+1	-2.200000E-6	1.097434E+1
6.804790E+1	1.011429E-5	1.102104E+1
6.804091E+1	1.288571E-5	1.106774E+1
6.803391E+1	6.742857E-6	1.111444E+1
6.802690E+1	9.200000E-6	1.116114E+1
6.801991E+1	4.371429E-6	1.120784E+1
6.801290E+1	-8.514286E-6	1.125454E+1
6.800591E+1	-5.714286E-6	1.130124E+1
6.799890E+1	7.142857E-7	1.134794E+1
6.799191E+1	-3.828572E-6	1.139464E+1
6.798490E+1	-4.914286E-6	1.144133E+1
6.797791E+1	-1.171429E-6	1.148803E+1
6.797090E+1	-4.085714E-6	1.153473E+1
6.796391E+1	-7.200000E-6	1.158143E+1
6.795690E+1	-1.845714E-5	1.162813E+1
6.794991E+1	-2.525714E-5	1.167483E+1
6.794290E+1	-8.800000E-6	1.172153E+1
6.793591E+1	-2.114286E-6	1.176823E+1
6.792890E+1	1.360000E-5	1.181493E+1
6.792191E+1	1.705714E-5	1.186163E+1
6.791490E+1	3.097143E-5	1.190833E+1
