2.150001E+1	-2.648000E-4	-6.671332E-5
2.149999E+1	-1.504000E-4	6.671332E-5
2.149300E+1	-1.454000E-4	4.669933E-2
2.148599E+1	-4.000000E-5	9.346537E-2
2.147898E+1	9.180000E-5	1.402314E-1
2.147199E+1	1.944000E-4	1.868640E-1
2.146498E+1	2.426000E-4	2.336300E-1
2.145797E+1	3.394000E-4	2.803961E-1
2.145100E+1	3.322000E-4	3.268953E-1
2.144399E+1	3.162000E-4	3.736613E-1
2.143696E+1	2.714000E-4	4.205608E-1
2.142999E+1	1.474000E-4	4.670600E-1
2.142296E+1	1.200000E-5	5.139594E-1
2.141599E+1	-6.520000E-5	5.604586E-1
2.140900E+1	-6.920000E-5	6.070912E-1
2.140197E+1	-3.620000E-5	6.539907E-1
2.139500E+1	-9.880000E-5	7.004899E-1
2.138799E+1	-1.940000E-5	7.472559E-1
2.138100E+1	6.600000E-6	7.938885E-1
2.137399E+1	2.480000E-5	8.406546E-1
2.136698E+1	-3.800000E-5	8.874206E-1
2.135999E+1	-8.540000E-5	9.340532E-1
2.135300E+1	8.120000E-5	9.806858E-1
2.134597E+1	-2.060000E-5	1.027585E+0
2.133900E+1	-3.120000E-5	1.074085E+0
2.133199E+1	-1.880000E-5	1.120851E+0
2.132498E+1	-3.800000E-6	1.167617E+0
2.131795E+1	7.400000E-6	1.214516E+0
2.131100E+1	-3.800000E-5	1.260882E+0
2.130399E+1	3.560000E-5	1.307648E+0
2.129700E+1	-7.120000E-5	1.354280E+0
2.128999E+1	7.140000E-5	1.401047E+0
2.128300E+1	8.000000E-5	1.447679E+0
2.127599E+1	9.180000E-5	1.494445E+0
2.126898E+1	4.520000E-5	1.541211E+0
2.126199E+1	2.320000E-5	1.587844E+0
2.125500E+1	4.320000E-5	1.634476E+0
2.124799E+1	2.640000E-5	1.681242E+0
2.124100E+1	4.220000E-5	1.727875E+0
2.123397E+1	-5.640000E-5	1.774775E+0
2.122700E+1	5.240000E-5	1.821274E+0
2.121999E+1	-1.500000E-5	1.868040E+0
2.121298E+1	4.320000E-5	1.914806E+0
2.120597E+1	-5.800000E-5	1.961572E+0
2.119900E+1	-2.640000E-5	2.008071E+0
2.119199E+1	6.800000E-6	2.054837E+0
2.118496E+1	4.000000E-7	2.101737E+0
2.117799E+1	6.000000E-6	2.148236E+0
2.117100E+1	7.800000E-5	2.194868E+0
2.116399E+1	-2.200000E-5	2.241634E+0
2.115700E+1	4.920000E-5	2.288267E+0
2.114995E+1	8.560000E-5	2.335300E+0
2.114298E+1	4.000000E-6	2.381799E+0
2.113595E+1	-2.940000E-5	2.428699E+0
2.112898E+1	-1.980000E-5	2.475198E+0
2.112199E+1	4.040000E-5	2.521830E+0
2.111496E+1	5.060000E-5	2.568730E+0
2.110799E+1	4.840000E-5	2.615229E+0
2.110098E+1	-1.360000E-5	2.661995E+0
2.109397E+1	2.520000E-5	2.708761E+0
2.108699E+1	-7.460000E-5	2.755327E+0
2.107999E+1	-1.000000E-5	2.802026E+0
2.107299E+1	5.140000E-5	2.848726E+0
2.106599E+1	-7.800000E-6	2.895425E+0
2.105898E+1	-9.200000E-6	2.942191E+0
2.105198E+1	-4.000000E-7	2.988890E+0
2.104498E+1	1.420000E-5	3.035589E+0
2.103798E+1	5.800000E-6	3.082289E+0
2.103098E+1	-5.000000E-5	3.128988E+0
2.102395E+1	7.560000E-5	3.175888E+0
2.101699E+1	4.080000E-5	3.222320E+0
2.100995E+1	1.880000E-5	3.269286E+0
2.100298E+1	1.480000E-5	3.315785E+0
2.099595E+1	1.880000E-5	3.362685E+0
2.098899E+1	5.200000E-5	3.409117E+0
2.098200E+1	8.940000E-5	3.455750E+0
2.097496E+1	-8.000000E-7	3.502716E+0
2.096798E+1	1.720000E-5	3.549282E+0
2.096097E+1	5.840000E-5	3.596048E+0
2.095398E+1	2.000000E-6	3.642681E+0
2.094696E+1	-3.980000E-5	3.689513E+0
2.093998E+1	2.400000E-6	3.736079E+0
2.093294E+1	-3.700000E-5	3.783046E+0
2.092598E+1	-3.600000E-6	3.829478E+0
2.091897E+1	-3.300000E-5	3.876244E+0
2.091198E+1	-5.700000E-5	3.922877E+0
2.090499E+1	-3.600000E-5	3.969509E+0
2.089796E+1	2.760000E-5	4.016409E+0
2.089099E+1	-5.640000E-5	4.062908E+0
2.088398E+1	2.960000E-5	4.109674E+0
2.087699E+1	3.040000E-5	4.156307E+0
2.086996E+1	8.660000E-5	4.203206E+0
2.086296E+1	-4.460000E-5	4.249906E+0
2.085598E+1	-9.560000E-5	4.296471E+0
2.084899E+1	-1.018000E-4	4.343104E+0
2.084196E+1	-1.600000E-4	4.390003E+0
2.083497E+1	-2.580000E-4	4.436636E+0
2.082800E+1	-3.192000E-4	4.483135E+0
2.082099E+1	-4.440000E-4	4.529901E+0
2.081400E+1	-6.848000E-4	4.576534E+0
2.080699E+1	-8.844000E-4	4.623300E+0
2.079998E+1	-1.117800E-3	4.670066E+0
2.079297E+1	-1.510400E-3	4.716832E+0
2.078600E+1	-1.928400E-3	4.763331E+0
2.077897E+1	-2.644600E-3	4.810231E+0
2.077200E+1	-3.303800E-3	4.856730E+0
2.076497E+1	-4.323800E-3	4.903629E+0
2.075798E+1	-5.248400E-3	4.950262E+0
2.075097E+1	-6.135600E-3	4.997028E+0
2.074400E+1	-6.188200E-3	5.043527E+0
2.073699E+1	-5.098400E-3	5.090293E+0
2.072998E+1	-2.083400E-3	5.137059E+0
2.072299E+1	2.667800E-3	5.183692E+0
2.071600E+1	8.222200E-3	5.230324E+0
2.070899E+1	1.325360E-2	5.277091E+0
2.070200E+1	1.599880E-2	5.323723E+0
2.069497E+1	1.621960E-2	5.370623E+0
2.068800E+1	1.410300E-2	5.417122E+0
2.068099E+1	1.024980E-2	5.463888E+0
2.067400E+1	5.492000E-3	5.510520E+0
2.066695E+1	7.248000E-4	5.557553E+0
2.066000E+1	-2.952400E-3	5.603919E+0
2.065295E+1	-4.839400E-3	5.650952E+0
2.064600E+1	-4.699400E-3	5.697318E+0
2.063899E+1	-3.755600E-3	5.744084E+0
2.063200E+1	-2.455200E-3	5.790716E+0
2.062499E+1	-1.867200E-3	5.837482E+0
2.061796E+1	-1.870800E-3	5.884382E+0
2.061099E+1	-2.235200E-3	5.930881E+0
2.060396E+1	-2.532800E-3	5.977780E+0
2.059697E+1	-2.474000E-3	6.024413E+0
2.059000E+1	-2.031800E-3	6.070912E+0
2.058297E+1	-1.217200E-3	6.117812E+0
2.057599E+1	-4.868000E-4	6.164378E+0
2.056897E+1	5.880000E-5	6.211210E+0
2.056196E+1	2.556000E-4	6.257977E+0
2.055499E+1	1.740000E-4	6.304476E+0
2.054798E+1	-1.846000E-4	6.351242E+0
2.054099E+1	-5.392000E-4	6.397874E+0
2.053399E+1	-8.344000E-4	6.444573E+0
2.052699E+1	-9.812000E-4	6.491273E+0
2.051999E+1	-8.618000E-4	6.537972E+0
2.051299E+1	-6.338000E-4	6.584671E+0
2.050596E+1	-3.412000E-4	6.631571E+0
2.049898E+1	-6.940000E-5	6.678137E+0
2.049198E+1	9.840000E-5	6.724836E+0
2.048498E+1	1.848000E-4	6.771535E+0
2.047798E+1	2.646000E-4	6.818235E+0
2.047097E+1	1.682000E-4	6.865001E+0
2.046399E+1	5.080000E-5	6.911567E+0
2.045697E+1	-2.156000E-4	6.958400E+0
2.044999E+1	-4.960000E-4	7.004965E+0
2.044295E+1	-8.450000E-4	7.051932E+0
2.043597E+1	-1.086200E-3	7.098497E+0
2.042898E+1	-1.177400E-3	7.145130E+0
2.042197E+1	-1.090000E-3	7.191896E+0
2.041498E+1	-7.808000E-4	7.238529E+0
2.040794E+1	-2.466000E-4	7.285495E+0
2.040097E+1	4.084000E-4	7.331994E+0
2.039399E+1	9.310000E-4	7.378560E+0
2.038693E+1	1.063800E-3	7.425660E+0
2.037999E+1	9.316000E-4	7.471959E+0
2.037293E+1	4.838000E-4	7.519058E+0
2.036599E+1	3.140000E-5	7.565357E+0
2.035896E+1	-2.048000E-4	7.612257E+0
2.035199E+1	-2.710000E-4	7.658756E+0
2.034498E+1	-1.934000E-4	7.705522E+0
2.033799E+1	-2.840000E-5	7.752155E+0
2.033096E+1	3.880000E-5	7.799054E+0
2.032399E+1	2.446000E-4	7.845553E+0
2.031700E+1	2.526000E-4	7.892186E+0
2.030997E+1	6.080000E-5	7.939085E+0
2.030295E+1	-5.200000E-5	7.985918E+0
2.029599E+1	-1.090000E-4	8.032351E+0
2.028898E+1	-1.296000E-4	8.079117E+0
2.028199E+1	-1.940000E-5	8.125750E+0
2.027498E+1	-8.160000E-5	8.172515E+0
2.026799E+1	-1.028000E-4	8.219148E+0
2.026098E+1	-1.382000E-4	8.265914E+0
2.025397E+1	-1.790000E-4	8.312680E+0
2.024698E+1	-1.482000E-4	8.359313E+0
2.023997E+1	6.360000E-5	8.406078E+0
2.023300E+1	2.120000E-4	8.452578E+0
2.022599E+1	3.758000E-4	8.499344E+0
2.021898E+1	5.170000E-4	8.546110E+0
2.021197E+1	5.894000E-4	8.592875E+0
2.020496E+1	4.478000E-4	8.639642E+0
2.019794E+1	3.314000E-4	8.686475E+0
2.019098E+1	1.460000E-4	8.732907E+0
2.018397E+1	-1.290000E-4	8.779674E+0
2.017694E+1	-2.954000E-4	8.826572E+0
2.016997E+1	-4.568000E-4	8.873072E+0
2.016300E+1	-4.880000E-4	8.919571E+0
2.015595E+1	-5.674000E-4	8.966604E+0
2.014898E+1	-3.784000E-4	9.013103E+0
2.014197E+1	-9.220000E-5	9.059869E+0
2.013500E+1	2.820000E-4	9.106368E+0
2.012799E+1	6.284000E-4	9.153134E+0
2.012098E+1	8.592000E-4	9.199901E+0
2.011399E+1	8.294000E-4	9.246533E+0
2.010698E+1	7.118000E-4	9.293299E+0
2.009999E+1	3.438000E-4	9.339931E+0
2.009300E+1	-5.220000E-5	9.386564E+0
2.008597E+1	-4.376000E-4	9.433464E+0
2.007900E+1	-6.650000E-4	9.479963E+0
2.007195E+1	-6.568000E-4	9.526996E+0
2.006500E+1	-3.644000E-4	9.573361E+0
2.005797E+1	-1.140000E-4	9.620261E+0
2.005100E+1	1.348000E-4	9.666760E+0
2.004397E+1	2.950000E-4	9.713659E+0
2.003700E+1	3.332000E-4	9.760159E+0
2.002995E+1	3.200000E-4	9.807192E+0
2.002299E+1	1.286000E-4	9.853624E+0
2.001599E+1	2.440000E-5	9.900324E+0
2.000896E+1	-5.060000E-5	9.947223E+0
2.000197E+1	5.760000E-5	9.993855E+0
1.999496E+1	3.200000E-6	1.004062E+1
1.998799E+1	1.004000E-4	1.008712E+1
1.998099E+1	1.552000E-4	1.013382E+1
1.997397E+1	1.190000E-4	1.018065E+1
1.996696E+1	3.340000E-5	1.022742E+1
1.995998E+1	-1.284000E-4	1.027398E+1
1.995299E+1	-2.410000E-4	1.032062E+1
1.994598E+1	-9.220000E-5	1.036738E+1
1.993898E+1	1.114000E-4	1.041408E+1
1.993198E+1	2.832000E-4	1.046078E+1
1.992499E+1	3.110000E-4	1.050741E+1
1.991798E+1	2.264000E-4	1.055418E+1
1.991099E+1	-5.700000E-5	1.060081E+1
1.990395E+1	-1.138000E-4	1.064778E+1
1.989696E+1	-1.802000E-4	1.069441E+1
1.988998E+1	-1.170000E-4	1.074098E+1
1.988297E+1	9.660000E-5	1.078774E+1
1.987598E+1	4.588000E-4	1.083438E+1
1.986896E+1	7.624000E-4	1.088121E+1
1.986197E+1	7.502000E-4	1.092784E+1
1.985497E+1	4.100000E-4	1.097454E+1
1.984798E+1	2.130000E-4	1.102117E+1
1.984099E+1	-1.172000E-4	1.106781E+1
1.983400E+1	-3.054000E-4	1.111444E+1
1.982697E+1	-2.406000E-4	1.116134E+1
1.982000E+1	-1.716000E-4	1.120784E+1
1.981299E+1	-1.896000E-4	1.125460E+1
1.980600E+1	-1.512000E-4	1.130124E+1
1.979896E+1	-1.150000E-4	1.134820E+1
1.979200E+1	-1.756000E-4	1.139464E+1
1.978496E+1	2.000000E-5	1.144160E+1
1.977796E+1	-3.400000E-6	1.148830E+1
1.977099E+1	3.940000E-5	1.153480E+1
1.976400E+1	9.200000E-6	1.158143E+1
1.975699E+1	-3.540000E-5	1.162820E+1
1.975000E+1	-1.750000E-4	1.167483E+1
1.974297E+1	-2.520000E-4	1.172173E+1
1.973600E+1	-4.220000E-4	1.176823E+1
1.972899E+1	-3.402000E-4	1.181500E+1
1.972198E+1	-2.444000E-4	1.186176E+1
1.971497E+1	-5.580000E-5	1.190853E+1
1.970800E+1	1.038000E-4	1.195503E+1
1.970095E+1	2.160000E-4	1.200206E+1
1.969400E+1	2.412000E-4	1.204843E+1
1.968697E+1	1.384000E-4	1.209533E+1
1.968000E+1	-3.780000E-5	1.214182E+1
1.967297E+1	-1.088000E-4	1.218872E+1
1.966600E+1	-4.480000E-5	1.223522E+1
1.965895E+1	-2.800000E-5	1.228226E+1
1.965200E+1	-2.400000E-5	1.232862E+1
1.964494E+1	1.260000E-5	1.237572E+1
1.963800E+1	-7.400000E-6	1.242202E+1
1.963095E+1	-2.134000E-4	1.246905E+1
1.962398E+1	-3.302000E-4	1.251555E+1
1.961699E+1	-3.722000E-4	1.256219E+1
1.960998E+1	-3.554000E-4	1.260895E+1
1.960299E+1	-1.346000E-4	1.265558E+1
1.959598E+1	1.084000E-4	1.270235E+1
1.958895E+1	3.078000E-4	1.274925E+1
1.958200E+1	3.816000E-4	1.279562E+1
1.957497E+1	2.656000E-4	1.284251E+1
1.956796E+1	-2.460000E-5	1.288928E+1
1.956099E+1	-1.676000E-4	1.293578E+1
1.955398E+1	-2.200000E-4	1.298255E+1
1.954697E+1	-1.606000E-4	1.302931E+1
1.954000E+1	-1.938000E-4	1.307581E+1
1.953299E+1	-1.400000E-4	1.312258E+1
1.952596E+1	-2.612000E-4	1.316948E+1
1.951899E+1	-3.824000E-4	1.321598E+1
1.951198E+1	-5.824000E-4	1.326274E+1
1.950495E+1	-6.518000E-4	1.330964E+1
1.949800E+1	-6.674000E-4	1.335601E+1
1.949099E+1	-7.218000E-4	1.340277E+1
1.948399E+1	-6.758000E-4	1.344947E+1
1.947697E+1	-7.084000E-4	1.349631E+1
1.946999E+1	-9.130000E-4	1.354287E+1
1.946297E+1	-9.944000E-4	1.358970E+1
1.945599E+1	-8.162000E-4	1.363627E+1
1.944897E+1	-2.312000E-4	1.368310E+1
1.944198E+1	1.046800E-3	1.372974E+1
1.943499E+1	2.627000E-3	1.377637E+1
1.942798E+1	4.590600E-3	1.382313E+1
1.942099E+1	6.333600E-3	1.386977E+1
1.941394E+1	7.421800E-3	1.391680E+1
1.940695E+1	7.456000E-3	1.396343E+1
1.939999E+1	6.613600E-3	1.400986E+1
1.939295E+1	4.840600E-3	1.405683E+1
1.938599E+1	2.200400E-3	1.410326E+1
1.937898E+1	-6.592000E-4	1.415003E+1
1.937199E+1	-3.408800E-3	1.419666E+1
1.936498E+1	-5.684400E-3	1.424343E+1
1.935799E+1	-7.262200E-3	1.429006E+1
1.935095E+1	-7.591400E-3	1.433703E+1
1.934398E+1	-6.808000E-3	1.438353E+1
1.933697E+1	-5.302000E-3	1.443029E+1
1.932999E+1	-3.485400E-3	1.447686E+1
1.932295E+1	-1.891600E-3	1.452382E+1
1.931597E+1	-7.644000E-4	1.457039E+1
1.930900E+1	-1.546000E-4	1.461689E+1
1.930199E+1	-1.156000E-4	1.466365E+1
1.929500E+1	-3.422000E-4	1.471029E+1
1.928797E+1	-4.370000E-4	1.475719E+1
1.928098E+1	-3.340000E-4	1.480382E+1
1.927399E+1	3.300000E-5	1.485045E+1
1.926698E+1	3.792000E-4	1.489722E+1
1.925997E+1	6.788000E-4	1.494398E+1
1.925300E+1	7.586000E-4	1.499048E+1
1.924599E+1	6.472000E-4	1.503725E+1
1.923896E+1	3.564000E-4	1.508415E+1
1.923199E+1	1.260000E-4	1.513065E+1
1.922500E+1	1.068000E-4	1.517728E+1
1.921799E+1	1.148000E-4	1.522405E+1
1.921095E+1	2.616000E-4	1.527101E+1
1.920397E+1	3.390000E-4	1.531758E+1
1.919696E+1	4.058000E-4	1.536434E+1
1.918999E+1	2.700000E-4	1.541084E+1
1.918296E+1	1.678000E-4	1.545774E+1
1.917597E+1	5.920000E-5	1.550438E+1
1.916900E+1	3.860000E-5	1.555088E+1
1.916199E+1	3.680000E-5	1.559764E+1
1.915500E+1	1.094000E-4	1.564427E+1
1.914799E+1	1.454000E-4	1.569104E+1
1.914100E+1	4.340000E-5	1.573767E+1
1.913397E+1	-4.680000E-5	1.578457E+1
1.912700E+1	-1.792000E-4	1.583107E+1
1.911999E+1	-2.210000E-4	1.587784E+1
1.911300E+1	-1.226000E-4	1.592447E+1
1.910595E+1	1.788000E-4	1.597150E+1
1.909900E+1	4.124000E-4	1.601787E+1
1.909194E+1	6.256000E-4	1.606497E+1
1.908498E+1	5.844000E-4	1.611140E+1
1.907795E+1	4.386000E-4	1.615830E+1
1.907098E+1	2.396000E-4	1.620480E+1
1.906397E+1	4.200000E-5	1.625157E+1
1.905698E+1	-1.240000E-4	1.629820E+1
1.904999E+1	-2.518000E-4	1.634483E+1
1.904296E+1	-2.094000E-4	1.639173E+1
1.903597E+1	-8.420000E-5	1.643836E+1
1.902896E+1	9.340000E-5	1.648513E+1
1.902199E+1	2.100000E-4	1.653163E+1
1.901494E+1	2.504000E-4	1.657866E+1
1.900797E+1	2.188000E-4	1.662516E+1
1.900100E+1	1.788000E-4	1.667166E+1
1.899397E+1	-5.600000E-6	1.671856E+1
1.898698E+1	-7.380000E-5	1.676519E+1
1.897995E+1	-2.056000E-4	1.681209E+1
1.897300E+1	4.600000E-5	1.685846E+1
1.896595E+1	2.856000E-4	1.690549E+1
1.895898E+1	4.422000E-4	1.695199E+1
1.895199E+1	5.176000E-4	1.699862E+1
1.894498E+1	5.340000E-4	1.704539E+1
1.893799E+1	4.648000E-4	1.709202E+1
1.893096E+1	3.066000E-4	1.713892E+1
1.892395E+1	1.840000E-4	1.718569E+1
1.891698E+1	1.002000E-4	1.723218E+1
1.890997E+1	2.500000E-5	1.727895E+1
1.890298E+1	1.800000E-5	1.732558E+1
1.889599E+1	-1.958000E-4	1.737222E+1
1.888896E+1	-2.702000E-4	1.741912E+1
1.888195E+1	-4.622000E-4	1.746588E+1
1.887491E+1	-5.258000E-4	1.751285E+1
1.886793E+1	-5.256000E-4	1.755941E+1
1.886099E+1	-3.058000E-4	1.760571E+1
1.885395E+1	4.540000E-5	1.765268E+1
1.884699E+1	3.784000E-4	1.769911E+1
1.883997E+1	6.170000E-4	1.774594E+1
1.883299E+1	6.268000E-4	1.779251E+1
1.882597E+1	5.242000E-4	1.783934E+1
1.881894E+1	4.276000E-4	1.788624E+1
1.881198E+1	1.670000E-4	1.793267E+1
1.880498E+1	2.600000E-5	1.797937E+1
1.879797E+1	-8.620000E-5	1.802614E+1
1.879097E+1	-2.332000E-4	1.807284E+1
1.878400E+1	-4.102000E-4	1.811934E+1
1.877697E+1	-5.426000E-4	1.816624E+1
1.876997E+1	-6.354000E-4	1.821294E+1
1.876297E+1	-5.252000E-4	1.825964E+1
1.875597E+1	-2.962000E-4	1.830634E+1
1.874896E+1	-5.320000E-5	1.835310E+1
1.874195E+1	2.766000E-4	1.839987E+1
1.873499E+1	4.794000E-4	1.844630E+1
1.872795E+1	5.710000E-4	1.849327E+1
1.872097E+1	4.632000E-4	1.853983E+1
1.871395E+1	2.110000E-4	1.858666E+1
1.870699E+1	-3.480000E-5	1.863310E+1
1.869996E+1	-2.280000E-4	1.868000E+1
1.869299E+1	-1.772000E-4	1.872650E+1
1.868600E+1	-7.560000E-5	1.877313E+1
1.867899E+1	1.078000E-4	1.881989E+1
1.867196E+1	2.606000E-4	1.886679E+1
1.866499E+1	2.660000E-4	1.891329E+1
1.865795E+1	2.368000E-4	1.896026E+1
1.865099E+1	6.780000E-5	1.900669E+1
1.864398E+1	-9.980000E-5	1.905346E+1
1.863699E+1	-3.300000E-4	1.910009E+1
1.863000E+1	-5.348000E-4	1.914672E+1
1.862297E+1	-6.952000E-4	1.919362E+1
1.861598E+1	-6.284000E-4	1.924026E+1
1.860899E+1	-5.916000E-4	1.928689E+1
1.860196E+1	-5.498000E-4	1.933379E+1
1.859499E+1	-4.478000E-4	1.938029E+1
1.858800E+1	-1.638000E-4	1.942692E+1
1.858099E+1	4.600000E-6	1.947368E+1
1.857396E+1	3.206000E-4	1.952058E+1
1.856697E+1	5.350000E-4	1.956722E+1
1.855998E+1	6.320000E-4	1.961385E+1
1.855299E+1	5.854000E-4	1.966048E+1
1.854600E+1	3.110000E-4	1.970712E+1
1.853897E+1	7.840000E-5	1.975401E+1
1.853200E+1	-2.832000E-4	1.980051E+1
1.852499E+1	-4.782000E-4	1.984728E+1
1.851800E+1	-4.814000E-4	1.989391E+1
1.851095E+1	-2.648000E-4	1.994094E+1
1.850398E+1	-6.040000E-5	1.998744E+1
1.849695E+1	1.444000E-4	2.003434E+1
1.849000E+1	2.792000E-4	2.008071E+1
1.848299E+1	3.824000E-4	2.012748E+1
1.847596E+1	3.640000E-4	2.017438E+1
1.846895E+1	1.600000E-4	2.022114E+1
1.846200E+1	-6.280000E-5	2.026751E+1
1.845495E+1	-1.684000E-4	2.031454E+1
1.844800E+1	-2.682000E-4	2.036091E+1
1.844095E+1	-3.612000E-4	2.040794E+1
1.843398E+1	-1.330000E-4	2.045444E+1
1.842697E+1	1.104000E-4	2.050120E+1
1.842000E+1	3.720000E-4	2.054770E+1
1.841297E+1	6.324000E-4	2.059460E+1
1.840600E+1	6.382000E-4	2.064110E+1
1.839895E+1	6.584000E-4	2.068814E+1
1.839198E+1	5.956000E-4	2.073463E+1
1.838499E+1	2.166000E-4	2.078127E+1
1.837794E+1	-2.420000E-5	2.082830E+1
1.837093E+1	-3.140000E-4	2.087506E+1
1.836396E+1	-3.294000E-4	2.092156E+1
1.835699E+1	-3.008000E-4	2.096806E+1
1.834999E+1	-1.610000E-4	2.101476E+1
1.834295E+1	2.800000E-6	2.106173E+1
1.833599E+1	1.378000E-4	2.110816E+1
1.832899E+1	2.942000E-4	2.115486E+1
1.832196E+1	3.948000E-4	2.120176E+1
1.831493E+1	4.490000E-4	2.124866E+1
1.830801E+1	5.384000E-4	2.129482E+1
1.830098E+1	5.474000E-4	2.134172E+1
1.829396E+1	3.876000E-4	2.138856E+1
1.828698E+1	1.662000E-4	2.143512E+1
1.827999E+1	-1.754000E-4	2.148176E+1
1.827293E+1	-5.326000E-4	2.152886E+1
1.826599E+1	-7.900000E-4	2.157516E+1
1.825897E+1	-8.986000E-4	2.162199E+1
1.825198E+1	-7.326000E-4	2.166862E+1
1.824498E+1	-5.114000E-4	2.171532E+1
1.823796E+1	-3.020000E-4	2.176215E+1
1.823098E+1	-1.030000E-4	2.180872E+1
1.822399E+1	2.132000E-4	2.185535E+1
1.821695E+1	1.890000E-4	2.190232E+1
1.820997E+1	2.190000E-4	2.194888E+1
1.820297E+1	1.068000E-4	2.199558E+1
1.819599E+1	1.200000E-5	2.204215E+1
1.818895E+1	3.500000E-5	2.208912E+1
1.818197E+1	4.820000E-5	2.213568E+1
1.817497E+1	1.610000E-4	2.218238E+1
1.816799E+1	3.582000E-4	2.222894E+1
1.816093E+1	3.654000E-4	2.227604E+1
1.815399E+1	3.486000E-4	2.232234E+1
1.814693E+1	2.514000E-4	2.236944E+1
1.813997E+1	1.694000E-4	2.241588E+1
1.813296E+1	1.266000E-4	2.246264E+1
1.812596E+1	1.600000E-6	2.250934E+1
1.811898E+1	1.800000E-6	2.255591E+1
1.811199E+1	2.260000E-5	2.260254E+1
1.810496E+1	-9.000000E-6	2.264944E+1
1.809799E+1	-4.040000E-5	2.269594E+1
1.809098E+1	-1.846000E-4	2.274270E+1
1.808397E+1	-3.864000E-4	2.278947E+1
1.807698E+1	-3.626000E-4	2.283610E+1
1.806995E+1	-3.468000E-4	2.288300E+1
1.806300E+1	-8.940000E-5	2.292937E+1
1.805599E+1	2.180000E-4	2.297614E+1
1.804898E+1	5.550000E-4	2.302290E+1
1.804199E+1	5.540000E-4	2.306953E+1
1.803498E+1	5.222000E-4	2.311630E+1
1.802799E+1	3.160000E-4	2.316293E+1
1.802100E+1	-4.680000E-5	2.320956E+1
1.801399E+1	-4.056000E-4	2.325633E+1
1.800700E+1	-6.684000E-4	2.330296E+1
1.799997E+1	-8.154000E-4	2.334986E+1
1.799298E+1	-9.238000E-4	2.339650E+1
1.798595E+1	-8.666000E-4	2.344340E+1
1.797900E+1	-7.328000E-4	2.348976E+1
1.797199E+1	-6.402000E-4	2.353653E+1
1.796496E+1	-5.358000E-4	2.358343E+1
1.795799E+1	-3.612000E-4	2.362992E+1
1.795098E+1	-1.952000E-4	2.367669E+1
1.794397E+1	-8.960000E-5	2.372346E+1
1.793700E+1	-1.154000E-4	2.376996E+1
1.792995E+1	-4.420000E-5	2.381699E+1
1.792298E+1	-9.600000E-5	2.386349E+1
1.791597E+1	-1.414000E-4	2.391026E+1
1.790898E+1	-1.656000E-4	2.395689E+1
1.790199E+1	-1.942000E-4	2.400352E+1
1.789498E+1	-1.492000E-4	2.405029E+1
1.788795E+1	-1.180000E-4	2.409719E+1
1.788098E+1	5.400000E-6	2.414368E+1
1.787399E+1	9.020000E-5	2.419032E+1
1.786698E+1	2.424000E-4	2.423708E+1
1.785993E+1	2.166000E-4	2.428412E+1
1.785300E+1	3.582000E-4	2.433035E+1
1.784593E+1	3.004000E-4	2.437751E+1
1.783891E+1	2.532000E-4	2.442435E+1
1.783199E+1	9.340000E-5	2.447051E+1
1.782499E+1	6.700000E-5	2.451721E+1
1.781797E+1	-6.800000E-5	2.456404E+1
1.781099E+1	-8.460000E-5	2.461061E+1
1.780395E+1	-5.340000E-5	2.465758E+1
1.779696E+1	3.940000E-5	2.470421E+1
1.778997E+1	1.830000E-4	2.475084E+1
1.778298E+1	3.310000E-4	2.479748E+1
1.777597E+1	4.644000E-4	2.484424E+1
1.776896E+1	5.622000E-4	2.489101E+1
1.776193E+1	5.718000E-4	2.493791E+1
1.775496E+1	4.406000E-4	2.498441E+1
1.774797E+1	1.664000E-4	2.503104E+1
1.774099E+1	-1.584000E-4	2.507760E+1
1.773397E+1	-4.346000E-4	2.512444E+1
1.772699E+1	-5.958000E-4	2.517100E+1
1.771995E+1	-5.916000E-4	2.521797E+1
1.771294E+1	-3.908000E-4	2.526473E+1
1.770597E+1	-2.204000E-4	2.531123E+1
1.769899E+1	9.200000E-6	2.535780E+1
1.769197E+1	1.944000E-4	2.540463E+1
1.768497E+1	3.586000E-4	2.545133E+1
1.767797E+1	3.064000E-4	2.549803E+1
1.767096E+1	2.672000E-4	2.554480E+1
1.766393E+1	1.078000E-4	2.559170E+1
1.765697E+1	6.400000E-6	2.563813E+1
1.764998E+1	-1.556000E-4	2.568476E+1
1.764296E+1	-2.702000E-4	2.573159E+1
1.763597E+1	-3.586000E-4	2.577823E+1
1.762899E+1	-3.326000E-4	2.582479E+1
1.762198E+1	-2.884000E-4	2.587156E+1
1.761497E+1	-1.156000E-4	2.591833E+1
1.760796E+1	5.640000E-5	2.596509E+1
1.760099E+1	1.872000E-4	2.601159E+1
1.759400E+1	2.976000E-4	2.605822E+1
1.758696E+1	2.540000E-4	2.610519E+1
1.757996E+1	4.378000E-4	2.615189E+1
1.757299E+1	3.988000E-4	2.619839E+1
1.756600E+1	6.222000E-4	2.624502E+1
1.755897E+1	7.496000E-4	2.629192E+1
1.755198E+1	9.262000E-4	2.633855E+1
1.754497E+1	1.135800E-3	2.638532E+1
1.753800E+1	1.116200E-3	2.643182E+1
1.753099E+1	1.018400E-3	2.647858E+1
1.752395E+1	7.106000E-4	2.652555E+1
1.751699E+1	4.312000E-4	2.657198E+1
1.751000E+1	-4.300000E-5	2.661862E+1
1.750299E+1	-4.218000E-4	2.666538E+1
1.749598E+1	-7.236000E-4	2.671215E+1
1.748899E+1	-9.810000E-4	2.675878E+1
1.748200E+1	-1.048800E-3	2.680541E+1
1.747499E+1	-1.052400E-3	2.685218E+1
1.746800E+1	-1.010400E-3	2.689881E+1
1.746099E+1	-8.626000E-4	2.694558E+1
1.745396E+1	-5.726000E-4	2.699248E+1
1.744699E+1	-2.018000E-4	2.703898E+1
1.744000E+1	2.340000E-4	2.708561E+1
1.743297E+1	5.824000E-4	2.713251E+1
1.742600E+1	7.404000E-4	2.717901E+1
1.741899E+1	6.912000E-4	2.722577E+1
1.741200E+1	5.554000E-4	2.727241E+1
1.740499E+1	2.332000E-4	2.731917E+1
1.739798E+1	-1.840000E-5	2.736594E+1
1.739099E+1	-1.378000E-4	2.741257E+1
1.738396E+1	-2.530000E-4	2.745947E+1
1.737697E+1	-8.920000E-5	2.750610E+1
1.736998E+1	-3.720000E-5	2.755273E+1
1.736299E+1	1.986000E-4	2.759937E+1
1.735594E+1	1.948000E-4	2.764640E+1
1.734899E+1	1.986000E-4	2.769277E+1
1.734196E+1	1.780000E-5	2.773967E+1
1.733499E+1	-9.740000E-5	2.778617E+1
1.732800E+1	-4.282000E-4	2.783280E+1
1.732099E+1	-5.188000E-4	2.787956E+1
1.731400E+1	-6.874000E-4	2.792620E+1
1.730695E+1	-7.108000E-4	2.797323E+1
1.730000E+1	-5.756000E-4	2.801959E+1
1.729299E+1	-2.464000E-4	2.806636E+1
1.728600E+1	5.100000E-5	2.811299E+1
1.727899E+1	2.696000E-4	2.815976E+1
1.727196E+1	3.216000E-4	2.820666E+1
1.726499E+1	3.086000E-4	2.825316E+1
1.725796E+1	2.142000E-4	2.830006E+1
1.725095E+1	-5.800000E-5	2.834682E+1
1.724399E+1	-1.350000E-4	2.839326E+1
1.723699E+1	-1.452000E-4	2.843995E+1
1.722999E+1	-1.522000E-4	2.848665E+1
1.722293E+1	-4.960000E-5	2.853375E+1
1.721599E+1	5.500000E-5	2.858005E+1
1.720898E+1	1.892000E-4	2.862682E+1
1.720199E+1	1.886000E-4	2.867345E+1
1.719498E+1	4.740000E-5	2.872022E+1
1.718796E+1	-1.048000E-4	2.876705E+1
1.718095E+1	-1.814000E-4	2.881382E+1
1.717398E+1	-9.680000E-5	2.886032E+1
1.716698E+1	5.800000E-6	2.890701E+1
1.715999E+1	2.716000E-4	2.895365E+1
1.715295E+1	4.990000E-4	2.900061E+1
1.714598E+1	5.208000E-4	2.904711E+1
1.713898E+1	5.122000E-4	2.909381E+1
1.713199E+1	2.368000E-4	2.914045E+1
1.712497E+1	-1.180000E-5	2.918728E+1
1.711799E+1	-1.758000E-4	2.923384E+1
1.711098E+1	-1.874000E-4	2.928061E+1
1.710399E+1	-1.248000E-4	2.932724E+1
1.709698E+1	-6.920000E-5	2.937401E+1
1.708997E+1	7.540000E-5	2.942077E+1
1.708297E+1	1.054000E-4	2.946747E+1
1.707599E+1	7.560000E-5	2.951404E+1
1.706900E+1	-7.700000E-5	2.956067E+1
1.706194E+1	-1.682000E-4	2.960777E+1
1.705500E+1	-2.688000E-4	2.965407E+1
1.704796E+1	-2.288000E-4	2.970104E+1
1.704096E+1	-5.660000E-5	2.974774E+1
1.703399E+1	7.120000E-5	2.979424E+1
1.702698E+1	2.678000E-4	2.984100E+1
1.701999E+1	2.974000E-4	2.988763E+1
1.701296E+1	2.304000E-4	2.993453E+1
1.700599E+1	1.298000E-4	2.998103E+1
1.699895E+1	-5.100000E-5	3.002800E+1
1.699199E+1	-1.420000E-5	3.007443E+1
1.698500E+1	-1.664000E-4	3.012107E+1
1.697795E+1	-9.480000E-5	3.016810E+1
1.697096E+1	-9.080000E-5	3.021473E+1
1.696399E+1	-1.780000E-4	3.026123E+1
1.695696E+1	-3.026000E-4	3.030813E+1
1.695001E+1	-3.080000E-4	3.035449E+1
1.694282E+1	-3.786000E-4	3.040246E+1
1.693599E+1	-3.048000E-4	3.044803E+1
1.692900E+1	-1.520000E-4	3.049466E+1
1.692195E+1	1.912000E-4	3.054169E+1
1.691494E+1	4.134000E-4	3.058846E+1
1.690799E+1	5.798000E-4	3.063482E+1
1.690094E+1	6.024000E-4	3.068186E+1
1.689397E+1	4.972000E-4	3.072836E+1
1.688700E+1	3.098000E-4	3.077485E+1
1.687997E+1	-1.600000E-5	3.082175E+1
1.687298E+1	-2.624000E-4	3.086839E+1
1.686599E+1	-3.848000E-4	3.091502E+1
1.685900E+1	-3.008000E-4	3.096165E+1
1.685195E+1	-1.274000E-4	3.100869E+1
1.684494E+1	2.760000E-5	3.105545E+1
1.683793E+1	1.144000E-4	3.110222E+1
1.683096E+1	9.140000E-5	3.114872E+1
1.682399E+1	1.452000E-4	3.119522E+1
1.681700E+1	-1.580000E-5	3.124185E+1
1.680999E+1	-8.880000E-5	3.128861E+1
1.680300E+1	-1.024000E-4	3.133525E+1
1.679595E+1	-1.480000E-5	3.138228E+1
1.678900E+1	4.580000E-5	3.142865E+1
1.678193E+1	1.534000E-4	3.147581E+1
1.677496E+1	2.554000E-4	3.152231E+1
1.676799E+1	2.374000E-4	3.156881E+1
1.676096E+1	1.844000E-4	3.161571E+1
1.675393E+1	1.682000E-4	3.166261E+1
1.674696E+1	7.820000E-5	3.170911E+1
1.673995E+1	5.900000E-5	3.175587E+1
1.673299E+1	-2.820000E-5	3.180231E+1
1.672599E+1	-9.780000E-5	3.184901E+1
1.671896E+1	-7.220000E-5	3.189591E+1
1.671199E+1	-9.900000E-5	3.194241E+1
1.670499E+1	-4.620000E-5	3.198911E+1
1.669797E+1	-2.280000E-4	3.203594E+1
1.669098E+1	-3.556000E-4	3.208257E+1
1.668399E+1	-4.022000E-4	3.212920E+1
1.667699E+1	-4.262000E-4	3.217590E+1
1.666999E+1	-3.748000E-4	3.222260E+1
1.666299E+1	-2.714000E-4	3.226930E+1
1.665595E+1	-2.840000E-5	3.231627E+1
1.664896E+1	2.022000E-4	3.236290E+1
1.664198E+1	2.972000E-4	3.240947E+1
1.663498E+1	3.446000E-4	3.245617E+1
1.662797E+1	2.330000E-4	3.250293E+1
1.662099E+1	1.390000E-4	3.254950E+1
1.661397E+1	3.440000E-5	3.259633E+1
1.660699E+1	-6.000000E-5	3.264289E+1
1.659997E+1	-1.704000E-4	3.268973E+1
1.659299E+1	-1.688000E-4	3.273629E+1
1.658598E+1	-3.040000E-5	3.278306E+1
1.657899E+1	1.560000E-5	3.282969E+1
1.657193E+1	1.360000E-4	3.287679E+1
1.656496E+1	2.634000E-4	3.292329E+1
1.655795E+1	2.178000E-4	3.297006E+1
1.655099E+1	1.834000E-4	3.301649E+1
1.654395E+1	5.700000E-5	3.306346E+1
1.653689E+1	-8.540000E-5	3.311055E+1
1.652998E+1	-1.402000E-4	3.315665E+1
1.652296E+1	-4.820000E-5	3.320349E+1
1.651598E+1	-3.220000E-5	3.325005E+1
1.650899E+1	1.008000E-4	3.329668E+1
1.650196E+1	1.038000E-4	3.334359E+1
1.649499E+1	2.150000E-4	3.339008E+1
1.648798E+1	2.828000E-4	3.343685E+1
1.648099E+1	2.002000E-4	3.348348E+1
1.647398E+1	1.966000E-4	3.353025E+1
1.646696E+1	5.620000E-5	3.357708E+1
1.646000E+1	-7.880000E-5	3.362351E+1
1.645297E+1	-2.694000E-4	3.367041E+1
1.644598E+1	-2.906000E-4	3.371704E+1
1.643899E+1	-4.274000E-4	3.376368E+1
1.643198E+1	-3.880000E-4	3.381044E+1
1.642497E+1	-2.290000E-4	3.385721E+1
1.641800E+1	-1.918000E-4	3.390371E+1
1.641099E+1	-5.380000E-5	3.395048E+1
1.640398E+1	1.522000E-4	3.399724E+1
1.639699E+1	2.516000E-4	3.404387E+1
1.638998E+1	3.170000E-4	3.409064E+1
1.638299E+1	3.618000E-4	3.413727E+1
1.637598E+1	4.376000E-4	3.418404E+1
1.636894E+1	3.328000E-4	3.423101E+1
1.636200E+1	2.138000E-4	3.427731E+1
1.635499E+1	1.170000E-4	3.432407E+1
1.634794E+1	-6.640000E-5	3.437111E+1
1.634099E+1	-1.646000E-4	3.441747E+1
1.633400E+1	-3.184000E-4	3.446410E+1
1.632699E+1	-2.990000E-4	3.451087E+1
1.632000E+1	-2.180000E-4	3.455750E+1
1.631299E+1	-1.080000E-4	3.460427E+1
1.630598E+1	4.940000E-5	3.465103E+1
1.629897E+1	2.772000E-4	3.469780E+1
1.629200E+1	3.256000E-4	3.474430E+1
1.628497E+1	4.596000E-4	3.479120E+1
1.627800E+1	4.274000E-4	3.483770E+1
1.627095E+1	3.498000E-4	3.488473E+1
1.626400E+1	2.508000E-4	3.493110E+1
1.625699E+1	2.036000E-4	3.497786E+1
1.625000E+1	1.812000E-4	3.502449E+1
1.624299E+1	2.398000E-4	3.507126E+1
1.623600E+1	2.098000E-4	3.511789E+1
1.622897E+1	2.882000E-4	3.516479E+1
1.622200E+1	1.204000E-4	3.521129E+1
1.621497E+1	-1.240000E-4	3.525819E+1
1.620800E+1	-3.674000E-4	3.530469E+1
1.620097E+1	-6.492000E-4	3.535159E+1
1.619400E+1	-7.694000E-4	3.539809E+1
1.618699E+1	-8.358000E-4	3.544485E+1
1.617996E+1	-6.638000E-4	3.549175E+1
1.617299E+1	-4.662000E-4	3.553825E+1
1.616594E+1	-2.932000E-4	3.558529E+1
1.615895E+1	-2.820000E-5	3.563192E+1
1.615199E+1	1.132000E-4	3.567835E+1
1.614497E+1	2.716000E-4	3.572519E+1
1.613796E+1	2.898000E-4	3.577195E+1
1.613099E+1	2.232000E-4	3.581845E+1
1.612399E+1	1.668000E-4	3.586515E+1
1.611699E+1	1.662000E-4	3.591185E+1
1.610999E+1	1.724000E-4	3.595855E+1
1.610298E+1	2.220000E-4	3.600531E+1
1.609599E+1	2.238000E-4	3.605194E+1
1.608898E+1	1.292000E-4	3.609871E+1
1.608198E+1	6.080000E-5	3.614541E+1
1.607497E+1	-1.058000E-4	3.619218E+1
1.606798E+1	-1.870000E-4	3.623881E+1
1.606098E+1	-3.100000E-4	3.628551E+1
1.605394E+1	-2.422000E-4	3.633247E+1
1.604695E+1	-1.874000E-4	3.637911E+1
1.603999E+1	-5.500000E-5	3.642554E+1
1.603298E+1	-3.360000E-5	3.647231E+1
1.602594E+1	-2.580000E-5	3.651927E+1
1.601897E+1	-4.440000E-5	3.656577E+1
1.601197E+1	-1.214000E-4	3.661247E+1
1.600497E+1	-8.920000E-5	3.665917E+1
1.599796E+1	-8.400000E-5	3.670594E+1
1.599098E+1	-2.200000E-6	3.675250E+1
1.598399E+1	1.342000E-4	3.679913E+1
1.597698E+1	2.660000E-4	3.684590E+1
1.596994E+1	4.056000E-4	3.689287E+1
1.596298E+1	4.260000E-4	3.693930E+1
1.595597E+1	2.792000E-4	3.698606E+1
1.594896E+1	1.996000E-4	3.703283E+1
1.594197E+1	5.020000E-5	3.707946E+1
1.593500E+1	-1.252000E-4	3.712597E+1
1.592794E+1	-2.036000E-4	3.717306E+1
1.592098E+1	-2.556000E-4	3.721949E+1
1.591394E+1	-2.034000E-4	3.726646E+1
1.590700E+1	-1.454000E-4	3.731276E+1
1.589997E+1	-1.484000E-4	3.735966E+1
1.589300E+1	-1.082000E-4	3.740616E+1
1.588595E+1	-4.920000E-5	3.745319E+1
1.587900E+1	4.060000E-5	3.749956E+1
1.587201E+1	7.800000E-6	3.754619E+1
1.586500E+1	1.672000E-4	3.759296E+1
1.585795E+1	1.570000E-4	3.763999E+1
1.585096E+1	2.098000E-4	3.768662E+1
1.584399E+1	1.564000E-4	3.773312E+1
1.583700E+1	1.240000E-4	3.777975E+1
1.582999E+1	3.820000E-5	3.782652E+1
1.582300E+1	-7.080000E-5	3.787315E+1
1.581595E+1	-1.106000E-4	3.792019E+1
1.580900E+1	-1.430000E-4	3.796655E+1
1.580197E+1	-1.772000E-4	3.801345E+1
1.579500E+1	-2.104000E-4	3.805995E+1
1.578794E+1	-1.484000E-4	3.810705E+1
1.578098E+1	-1.296000E-4	3.815348E+1
1.577397E+1	3.820000E-5	3.820025E+1
1.576696E+1	1.384000E-4	3.824701E+1
1.575997E+1	2.504000E-4	3.829365E+1
1.575300E+1	2.660000E-4	3.834015E+1
1.574595E+1	3.564000E-4	3.838718E+1
1.573894E+1	2.246000E-4	3.843394E+1
1.573197E+1	1.186000E-4	3.848045E+1
1.572500E+1	-1.094000E-4	3.852694E+1
1.571799E+1	-1.240000E-4	3.857371E+1
1.571098E+1	-1.856000E-4	3.862048E+1
1.570397E+1	-1.816000E-4	3.866724E+1
1.569693E+1	-1.410000E-4	3.871421E+1
1.568999E+1	-7.200000E-6	3.876051E+1
1.568298E+1	1.710000E-4	3.880727E+1
1.567597E+1	1.280000E-4	3.885404E+1
1.566900E+1	2.382000E-4	3.890054E+1
1.566193E+1	1.892000E-4	3.894770E+1
1.565500E+1	7.260000E-5	3.899393E+1
1.564799E+1	-1.636000E-4	3.904070E+1
1.564096E+1	-2.158000E-4	3.908760E+1
1.563395E+1	-2.642000E-4	3.913437E+1
1.562698E+1	-2.224000E-4	3.918087E+1
1.561997E+1	-1.384000E-4	3.922763E+1
1.561298E+1	1.214000E-4	3.927427E+1
1.560595E+1	2.898000E-4	3.932117E+1
1.559898E+1	3.618000E-4	3.936766E+1
1.559199E+1	3.370000E-4	3.941430E+1
1.558494E+1	1.712000E-4	3.946133E+1
1.557799E+1	-3.400000E-5	3.950769E+1
1.557096E+1	-2.088000E-4	3.955460E+1
1.556397E+1	-2.120000E-4	3.960123E+1
1.555699E+1	-2.870000E-4	3.964779E+1
1.554997E+1	-2.250000E-4	3.969463E+1
1.554299E+1	-6.720000E-5	3.974119E+1
1.553595E+1	7.040000E-5	3.978816E+1
1.552899E+1	1.520000E-4	3.983459E+1
1.552198E+1	3.084000E-4	3.988136E+1
1.551499E+1	2.714000E-4	3.992799E+1
1.550798E+1	1.456000E-4	3.997475E+1
1.550099E+1	7.600000E-6	4.002139E+1
1.549398E+1	-8.840000E-5	4.006815E+1
1.548699E+1	-9.340000E-5	4.011479E+1
1.547995E+1	-5.660000E-5	4.016175E+1
1.547294E+1	-1.012000E-4	4.020852E+1
1.546593E+1	-1.304000E-4	4.025528E+1
1.545901E+1	-5.660000E-5	4.030145E+1
1.545198E+1	-9.180000E-5	4.034835E+1
1.544499E+1	-3.900000E-5	4.039498E+1
1.543798E+1	-1.520000E-5	4.044175E+1
1.543096E+1	1.234000E-4	4.048858E+1
1.542398E+1	2.280000E-4	4.053515E+1
1.541696E+1	2.514000E-4	4.058198E+1
1.541000E+1	2.620000E-4	4.062841E+1
1.540294E+1	2.332000E-4	4.067551E+1
1.539596E+1	1.410000E-4	4.072208E+1
1.538899E+1	4.400000E-5	4.076858E+1
1.538195E+1	-1.888000E-4	4.081554E+1
1.537499E+1	-3.382000E-4	4.086198E+1
1.536796E+1	-1.934000E-4	4.090887E+1
1.536099E+1	-1.654000E-4	4.095538E+1
1.535400E+1	-4.480000E-5	4.100201E+1
1.534692E+1	3.960000E-5	4.104924E+1
1.533998E+1	1.916000E-4	4.109554E+1
1.533299E+1	2.558000E-4	4.114217E+1
1.532595E+1	2.886000E-4	4.118914E+1
1.531899E+1	1.954000E-4	4.123557E+1
1.531198E+1	1.076000E-4	4.128234E+1
1.530492E+1	-1.480000E-5	4.132944E+1
1.529796E+1	-1.632000E-4	4.137587E+1
1.529099E+1	-2.456000E-4	4.142237E+1
1.528398E+1	-2.032000E-4	4.146914E+1
1.527699E+1	-9.440000E-5	4.151577E+1
1.527000E+1	-5.240000E-5	4.156240E+1
1.526294E+1	-4.000000E-7	4.160950E+1
1.525600E+1	4.260000E-5	4.165580E+1
1.524894E+1	7.700000E-5	4.170290E+1
1.524196E+1	5.160000E-5	4.174946E+1
1.523492E+1	1.042000E-4	4.179643E+1
1.522794E+1	1.400000E-5	4.184299E+1
1.522094E+1	2.166000E-4	4.188969E+1
1.521400E+1	9.140000E-5	4.193599E+1
1.520697E+1	1.160000E-4	4.198289E+1
1.520000E+1	1.940000E-5	4.202939E+1
1.519297E+1	3.300000E-5	4.207629E+1
1.518593E+1	-5.140000E-5	4.212326E+1
1.517899E+1	-2.100000E-5	4.216956E+1
1.517200E+1	-1.090000E-4	4.221619E+1
1.516497E+1	-1.428000E-4	4.226309E+1
1.515800E+1	-9.620000E-5	4.230959E+1
1.515097E+1	-9.020000E-5	4.235649E+1
1.514400E+1	-6.600000E-6	4.240299E+1
1.513693E+1	2.000000E-5	4.245015E+1
1.512996E+1	6.560000E-5	4.249665E+1
1.512299E+1	9.740000E-5	4.254315E+1
1.511596E+1	9.500000E-5	4.259005E+1
1.510899E+1	8.480000E-5	4.263655E+1
1.510200E+1	-1.160000E-5	4.268318E+1
1.509493E+1	-2.340000E-5	4.273035E+1
1.508800E+1	-8.640000E-5	4.277658E+1
1.508099E+1	-1.048000E-4	4.282335E+1
1.507396E+1	-2.700000E-5	4.287025E+1
1.506693E+1	-6.760000E-5	4.291715E+1
1.505994E+1	9.440000E-5	4.296378E+1
