2.429998E+1	-1.910000E-5	1.334266E-4
2.429998E+1	-1.710000E-5	1.334266E-4
2.428998E+1	-4.660000E-5	6.684675E-2
2.427998E+1	-6.610000E-5	1.335601E-1
2.426998E+1	-1.810000E-5	2.002734E-1
2.425998E+1	1.418000E-4	2.669867E-1
2.424998E+1	2.358000E-4	3.337000E-1
2.423998E+1	1.948000E-4	4.004134E-1
2.423000E+1	1.071000E-4	4.669932E-1
2.421995E+1	-2.021000E-4	5.340402E-1
2.420996E+1	-3.294000E-4	6.006867E-1
2.419998E+1	-3.083000E-4	6.672667E-1
2.418998E+1	-1.764000E-4	7.339799E-1
2.417998E+1	1.117000E-4	8.006933E-1
2.417000E+1	2.145000E-4	8.672732E-1
2.416000E+1	1.851000E-4	9.339865E-1
2.415000E+1	4.120000E-5	1.000700E+0
2.413998E+1	-2.070000E-5	1.067547E+0
2.413000E+1	7.100000E-6	1.134126E+0
2.412000E+1	9.290000E-5	1.200840E+0
2.411000E+1	6.330000E-5	1.267553E+0
2.409998E+1	2.286000E-4	1.334400E+0
2.409000E+1	1.000000E-4	1.400980E+0
2.407998E+1	-7.210000E-5	1.467826E+0
2.406998E+1	-1.737000E-4	1.534540E+0
2.406000E+1	-2.950000E-4	1.601120E+0
2.405000E+1	-2.532000E-4	1.667833E+0
2.404000E+1	-9.040000E-5	1.734546E+0
2.403000E+1	1.841000E-4	1.801260E+0
2.402000E+1	3.361000E-4	1.867973E+0
2.400998E+1	4.849000E-4	1.934820E+0
2.399998E+1	4.674000E-4	2.001533E+0
2.398998E+1	3.018000E-4	2.068246E+0
2.397998E+1	1.287000E-4	2.134960E+0
2.396996E+1	-1.534000E-4	2.201807E+0
2.395998E+1	-2.813000E-4	2.268386E+0
2.394996E+1	-3.568000E-4	2.335233E+0
2.394000E+1	-2.750000E-4	2.401680E+0
2.392996E+1	-1.318000E-4	2.468660E+0
2.392000E+1	3.670000E-5	2.535106E+0
2.390998E+1	1.391000E-4	2.601953E+0
2.389998E+1	1.895000E-4	2.668666E+0
2.389000E+1	1.743000E-4	2.735246E+0
2.387999E+1	-4.540000E-5	2.802026E+0
2.386999E+1	-2.384000E-4	2.868740E+0
2.385999E+1	-3.666000E-4	2.935453E+0
2.384999E+1	-4.475000E-4	3.002166E+0
2.383998E+1	-2.516000E-4	3.068946E+0
2.382999E+1	-6.510000E-5	3.135593E+0
2.381999E+1	-7.610000E-5	3.202306E+0
2.380998E+1	-5.110000E-5	3.269086E+0
2.379996E+1	-1.735000E-4	3.335933E+0
2.378999E+1	-3.520000E-5	3.402446E+0
2.377998E+1	2.565000E-4	3.469226E+0
2.376998E+1	5.913000E-4	3.535939E+0
2.375999E+1	7.199000E-4	3.602586E+0
2.374999E+1	6.149000E-4	3.669299E+0
2.373999E+1	3.073000E-4	3.736013E+0
2.372997E+1	5.170000E-5	3.802860E+0
2.371996E+1	-2.044000E-4	3.869639E+0
2.370999E+1	-2.680000E-4	3.936153E+0
2.369999E+1	-3.403000E-4	4.002866E+0
2.368999E+1	-2.562000E-4	4.069579E+0
2.367999E+1	-2.085000E-4	4.136292E+0
2.366999E+1	-1.660000E-4	4.203006E+0
2.365999E+1	-1.227000E-4	4.269719E+0
2.364999E+1	-1.059000E-4	4.336432E+0
2.363999E+1	7.100000E-5	4.403146E+0
2.362999E+1	7.040000E-5	4.469859E+0
2.361999E+1	1.028000E-4	4.536572E+0
2.360999E+1	4.210000E-5	4.603286E+0
2.359996E+1	-1.429000E-4	4.670199E+0
2.358997E+1	-1.091000E-4	4.736846E+0
2.357999E+1	-1.950000E-5	4.803426E+0
2.356999E+1	3.060000E-5	4.870139E+0
2.355997E+1	1.320000E-5	4.936986E+0
2.354999E+1	-1.555000E-4	5.003566E+0
2.353992E+1	-2.768000E-4	5.070746E+0
2.352999E+1	-2.438000E-4	5.136992E+0
2.351997E+1	-2.644000E-4	5.203839E+0
2.350999E+1	3.890000E-5	5.270419E+0
2.349999E+1	1.933000E-4	5.337132E+0
2.348999E+1	2.860000E-4	5.403846E+0
2.347999E+1	1.627000E-4	5.470559E+0
2.346997E+1	1.164000E-4	5.537406E+0
2.345997E+1	5.810000E-5	5.604119E+0
2.344997E+1	-2.000000E-7	5.670833E+0
2.343999E+1	-3.630000E-5	5.737412E+0
2.342995E+1	-8.440000E-5	5.804392E+0
2.341999E+1	-2.203000E-4	5.870839E+0
2.340995E+1	-1.584000E-4	5.937819E+0
2.339995E+1	-1.009000E-4	6.004532E+0
2.338997E+1	1.950000E-5	6.071113E+0
2.337997E+1	2.016000E-4	6.137825E+0
2.336999E+1	2.229000E-4	6.204406E+0
2.335999E+1	2.437000E-4	6.271119E+0
2.334999E+1	3.720000E-5	6.337832E+0
2.333999E+1	-6.420000E-5	6.404546E+0
2.332999E+1	-1.791000E-4	6.471259E+0
2.331997E+1	-1.652000E-4	6.538105E+0
2.330997E+1	-2.417000E-4	6.604819E+0
2.329999E+1	-6.840000E-5	6.671399E+0
2.328995E+1	4.200000E-6	6.738379E+0
2.327999E+1	1.112000E-4	6.804825E+0
2.326999E+1	2.197000E-4	6.871539E+0
2.325998E+1	4.990000E-5	6.938319E+0
2.324998E+1	-1.235000E-4	7.005032E+0
2.323997E+1	-2.136000E-4	7.071812E+0
2.322995E+1	-2.761000E-4	7.138659E+0
2.321998E+1	-3.390000E-5	7.205172E+0
2.320998E+1	1.831000E-4	7.271885E+0
2.319997E+1	2.564000E-4	7.338665E+0
2.318998E+1	1.757000E-4	7.405312E+0
2.317998E+1	-5.910000E-5	7.472025E+0
2.316998E+1	-3.016000E-4	7.538739E+0
2.315997E+1	-3.082000E-4	7.605519E+0
2.314997E+1	-1.069000E-4	7.672232E+0
2.313995E+1	6.860000E-5	7.739079E+0
2.312998E+1	2.258000E-4	7.805592E+0
2.311997E+1	1.883000E-4	7.872372E+0
2.310998E+1	-8.100000E-6	7.939019E+0
2.309996E+1	-9.270000E-5	8.005865E+0
2.309000E+1	-2.898000E-4	8.072312E+0
2.308000E+1	-1.964000E-4	8.139026E+0
2.307000E+1	1.330000E-5	8.205739E+0
2.305998E+1	9.250000E-5	8.272585E+0
2.305000E+1	1.659000E-4	8.339165E+0
2.304000E+1	6.620000E-5	8.405878E+0
2.302998E+1	9.100000E-5	8.472725E+0
2.301998E+1	1.920000E-5	8.539438E+0
2.301000E+1	1.780000E-5	8.606018E+0
2.300000E+1	5.310000E-5	8.672731E+0
2.298998E+1	-1.018000E-4	8.739578E+0
2.297998E+1	-2.407000E-4	8.806292E+0
2.297000E+1	-2.436000E-4	8.872871E+0
2.296000E+1	-1.010000E-5	8.939585E+0
2.295000E+1	2.041000E-4	9.006298E+0
2.293998E+1	1.655000E-4	9.073145E+0
2.292996E+1	1.295000E-4	9.139992E+0
2.292000E+1	2.640000E-5	9.206438E+0
2.291000E+1	-1.370000E-4	9.273151E+0
2.290000E+1	-2.184000E-4	9.339865E+0
2.288996E+1	-2.486000E-4	9.406845E+0
2.288000E+1	-1.553000E-4	9.473291E+0
2.287000E+1	1.082000E-4	9.540005E+0
2.285998E+1	1.165000E-4	9.606852E+0
2.285000E+1	1.417000E-4	9.673431E+0
2.284000E+1	8.270000E-5	9.740145E+0
2.283000E+1	-7.700000E-6	9.806858E+0
2.281998E+1	-3.630000E-5	9.873705E+0
2.280996E+1	3.700000E-6	9.940552E+0
2.279998E+1	-3.470000E-5	1.000713E+1
2.278998E+1	-6.720000E-5	1.007384E+1
2.277998E+1	-4.810000E-5	1.014056E+1
2.276996E+1	-1.101000E-4	1.020741E+1
2.275998E+1	8.000000E-7	1.027398E+1
2.274998E+1	8.020000E-5	1.034070E+1
2.273999E+1	1.602000E-4	1.040734E+1
2.272998E+1	1.504000E-4	1.047412E+1
2.271998E+1	4.070000E-5	1.054084E+1
2.270999E+1	3.220000E-5	1.060748E+1
2.269999E+1	-8.740000E-5	1.067420E+1
2.268999E+1	-1.520000E-4	1.074091E+1
2.267998E+1	-1.203000E-4	1.080769E+1
2.266999E+1	-9.350000E-5	1.087434E+1
2.265999E+1	1.630000E-5	1.094105E+1
2.264999E+1	1.371000E-4	1.100776E+1
2.263996E+1	7.830000E-5	1.107468E+1
2.262997E+1	-4.490000E-5	1.114132E+1
2.261999E+1	-4.900000E-5	1.120790E+1
2.260999E+1	-4.200000E-6	1.127462E+1
2.259996E+1	-1.830000E-5	1.134153E+1
2.258997E+1	5.460000E-5	1.140818E+1
2.257997E+1	6.700000E-5	1.147489E+1
2.256999E+1	8.180000E-5	1.154147E+1
2.255996E+1	-8.940000E-5	1.160839E+1
2.254999E+1	-1.515000E-4	1.167490E+1
2.253997E+1	-1.225000E-4	1.174174E+1
2.252999E+1	-1.100000E-4	1.180832E+1
2.251999E+1	-3.530000E-5	1.187504E+1
2.250999E+1	4.030000E-5	1.194175E+1
2.249999E+1	4.490000E-5	1.200846E+1
2.248999E+1	-1.910000E-5	1.207518E+1
2.247995E+1	-2.790000E-5	1.214216E+1
2.246999E+1	-8.300000E-6	1.220860E+1
2.245999E+1	-3.150000E-5	1.227532E+1
2.244999E+1	-9.330000E-5	1.234203E+1
2.243999E+1	-3.210000E-5	1.240874E+1
2.242999E+1	-9.200000E-5	1.247546E+1
2.241999E+1	-3.560000E-5	1.254217E+1
2.240999E+1	-1.980000E-5	1.260888E+1
2.239999E+1	8.460000E-5	1.267560E+1
2.238995E+1	2.570000E-5	1.274258E+1
2.237999E+1	1.100000E-5	1.280902E+1
2.236995E+1	-5.450000E-5	1.287600E+1
2.235999E+1	-1.640000E-4	1.294245E+1
2.234999E+1	-1.864000E-4	1.300916E+1
2.233999E+1	-8.780000E-5	1.307588E+1
2.232999E+1	6.930000E-5	1.314259E+1
2.231999E+1	2.535000E-4	1.320930E+1
2.230999E+1	2.007000E-4	1.327602E+1
2.229997E+1	6.510000E-5	1.334286E+1
2.228999E+1	-1.427000E-4	1.340944E+1
2.227999E+1	-3.196000E-4	1.347616E+1
2.226999E+1	-2.680000E-4	1.354287E+1
2.225997E+1	-3.870000E-5	1.360972E+1
2.224999E+1	1.377000E-4	1.367630E+1
2.223995E+1	1.270000E-4	1.374328E+1
2.222999E+1	6.950000E-5	1.380972E+1
2.221997E+1	-7.010000E-5	1.387657E+1
2.220997E+1	-6.990000E-5	1.394328E+1
2.219999E+1	-3.080000E-5	1.400986E+1
2.218995E+1	1.552000E-4	1.407684E+1
2.217999E+1	2.034000E-4	1.414329E+1
2.216999E+1	1.640000E-4	1.421000E+1
2.215997E+1	-7.390000E-5	1.427685E+1
2.214997E+1	-2.365000E-4	1.434356E+1
2.213997E+1	-3.036000E-4	1.441028E+1
2.212998E+1	-2.290000E-4	1.447692E+1
2.211997E+1	-3.880000E-5	1.454370E+1
2.210995E+1	1.364000E-4	1.461055E+1
2.209998E+1	1.905000E-4	1.467706E+1
2.208993E+1	1.286000E-4	1.474411E+1
2.207997E+1	1.159000E-4	1.481056E+1
2.206995E+1	4.060000E-5	1.487740E+1
2.205997E+1	1.010000E-4	1.494398E+1
2.204995E+1	4.790000E-5	1.501083E+1
2.203998E+1	1.100000E-6	1.507734E+1
2.202997E+1	-1.275000E-4	1.514412E+1
2.202000E+1	-2.012000E-4	1.521064E+1
2.200998E+1	-2.028000E-4	1.527748E+1
2.200000E+1	-1.060000E-4	1.534406E+1
2.199000E+1	6.070000E-5	1.541078E+1
2.198000E+1	1.626000E-4	1.547749E+1
2.197000E+1	1.127000E-4	1.554420E+1
2.196000E+1	-8.200000E-6	1.561092E+1
2.194998E+1	-1.671000E-4	1.567776E+1
2.193995E+1	-5.500000E-5	1.574468E+1
2.192998E+1	2.270000E-5	1.581119E+1
2.191996E+1	1.008000E-4	1.587804E+1
2.191000E+1	1.890000E-4	1.594448E+1
2.189998E+1	1.147000E-4	1.601133E+1
2.189000E+1	1.000000E-5	1.607791E+1
2.187998E+1	-1.282000E-4	1.614476E+1
2.187000E+1	-1.489000E-4	1.621134E+1
2.186000E+1	-1.720000E-5	1.627805E+1
2.185000E+1	-3.100000E-5	1.634476E+1
2.183998E+1	-5.190000E-5	1.641161E+1
2.183000E+1	-7.600000E-6	1.647819E+1
2.182000E+1	5.570000E-5	1.654490E+1
2.180996E+1	3.100000E-5	1.661188E+1
2.179998E+1	8.460000E-5	1.667846E+1
2.179000E+1	8.130000E-5	1.674504E+1
2.178000E+1	5.170000E-5	1.681176E+1
2.176996E+1	-3.300000E-6	1.687874E+1
2.176000E+1	-1.055000E-4	1.694518E+1
2.175000E+1	-1.229000E-4	1.701190E+1
2.173998E+1	-1.034000E-4	1.707874E+1
2.173000E+1	-1.218000E-4	1.714532E+1
2.171998E+1	-6.470000E-5	1.721217E+1
2.171000E+1	-4.490000E-5	1.727875E+1
2.169998E+1	3.660000E-5	1.734560E+1
2.169000E+1	1.149000E-4	1.741218E+1
2.167999E+1	2.290000E-5	1.747896E+1
2.166999E+1	2.490000E-5	1.754567E+1
2.165999E+1	4.100000E-5	1.761238E+1
2.164998E+1	2.900000E-6	1.767916E+1
2.163999E+1	9.950000E-5	1.774581E+1
2.162999E+1	3.600000E-5	1.781252E+1
2.161999E+1	-6.600000E-5	1.787924E+1
2.160999E+1	-1.283000E-4	1.794595E+1
2.159999E+1	-1.047000E-4	1.801266E+1
2.158999E+1	-9.220000E-5	1.807938E+1
2.157999E+1	-6.300000E-6	1.814609E+1
2.156999E+1	8.440000E-5	1.821280E+1
2.155999E+1	1.345000E-4	1.827952E+1
2.154999E+1	2.028000E-4	1.834623E+1
2.153999E+1	7.800000E-5	1.841294E+1
2.152997E+1	-2.500000E-5	1.847979E+1
2.151999E+1	-3.450000E-5	1.854637E+1
2.150997E+1	-1.211000E-4	1.861322E+1
2.149999E+1	-1.202000E-4	1.867980E+1
2.148999E+1	-1.193000E-4	1.874651E+1
2.147999E+1	-2.058000E-4	1.881322E+1
2.146999E+1	-5.120000E-5	1.887994E+1
2.145997E+1	-6.440000E-5	1.894678E+1
2.144999E+1	1.213000E-4	1.901336E+1
2.143999E+1	1.996000E-4	1.908008E+1
2.142996E+1	1.240000E-4	1.914699E+1
2.141999E+1	1.037000E-4	1.921350E+1
2.140999E+1	-2.110000E-5	1.928022E+1
2.139999E+1	-1.224000E-4	1.934693E+1
2.138997E+1	-5.420000E-5	1.941378E+1
2.137999E+1	-1.370000E-5	1.948036E+1
2.136995E+1	-1.050000E-5	1.954734E+1
2.135995E+1	3.400000E-5	1.961405E+1
2.134999E+1	2.090000E-5	1.968050E+1
2.133995E+1	-6.110000E-5	1.974748E+1
2.132999E+1	-1.682000E-4	1.981392E+1
2.131999E+1	-1.256000E-4	1.988064E+1
2.130999E+1	-2.700000E-5	1.994735E+1
2.129999E+1	2.560000E-5	2.001406E+1
2.128999E+1	1.071000E-4	2.008078E+1
2.127999E+1	1.282000E-4	2.014749E+1
2.126999E+1	1.870000E-5	2.021420E+1
2.125999E+1	3.330000E-5	2.028092E+1
2.124999E+1	-7.700000E-6	2.034763E+1
2.123999E+1	-1.198000E-4	2.041434E+1
2.122995E+1	-5.080000E-5	2.048132E+1
2.121995E+1	-4.520000E-5	2.054804E+1
2.120999E+1	-1.908000E-4	2.061448E+1
2.119999E+1	-5.600000E-5	2.068120E+1
2.118997E+1	-4.600000E-5	2.074804E+1
2.117995E+1	7.960000E-5	2.081489E+1
2.116999E+1	-1.610000E-5	2.088134E+1
2.115997E+1	4.790000E-5	2.094818E+1
2.114999E+1	-6.580000E-5	2.101476E+1
2.113997E+1	-7.590000E-5	2.108161E+1
2.112999E+1	-9.200000E-6	2.114819E+1
2.111997E+1	4.640000E-5	2.121504E+1
2.110997E+1	6.390000E-5	2.128175E+1
2.109997E+1	3.690000E-5	2.134846E+1
2.108999E+1	-1.040000E-4	2.141504E+1
2.107999E+1	-1.184000E-4	2.148176E+1
2.106999E+1	-1.083000E-4	2.154847E+1
2.105997E+1	-4.110000E-5	2.161532E+1
2.104998E+1	-1.610000E-5	2.168196E+1
2.103998E+1	6.460000E-5	2.174868E+1
2.102993E+1	1.699000E-4	2.181572E+1
2.101998E+1	1.813000E-4	2.188210E+1
2.100998E+1	9.570000E-5	2.194882E+1
2.099997E+1	-7.380000E-5	2.201560E+1
2.098998E+1	-1.524000E-4	2.208224E+1
2.097998E+1	-2.054000E-4	2.214896E+1
2.096998E+1	-1.343000E-4	2.221567E+1
2.095998E+1	-2.120000E-5	2.228238E+1
2.094998E+1	-6.860000E-5	2.234910E+1
2.093998E+1	2.260000E-5	2.241581E+1
2.092997E+1	6.500000E-6	2.248259E+1
2.092000E+1	-3.100000E-5	2.254910E+1
2.091000E+1	-3.700000E-6	2.261582E+1
2.090000E+1	-4.250000E-5	2.268253E+1
2.089000E+1	-1.250000E-5	2.274924E+1
2.087998E+1	-7.740000E-5	2.281609E+1
2.087000E+1	-5.330000E-5	2.288267E+1
2.085998E+1	-3.700000E-5	2.294952E+1
2.084998E+1	-4.600000E-6	2.301623E+1
2.083998E+1	7.600000E-6	2.308294E+1
2.083000E+1	9.770000E-5	2.314952E+1
2.081998E+1	6.200000E-5	2.321637E+1
2.081000E+1	3.080000E-5	2.328295E+1
2.080000E+1	-6.140000E-5	2.334966E+1
2.079000E+1	2.300000E-5	2.341638E+1
2.078000E+1	3.050000E-5	2.348309E+1
2.077000E+1	8.300000E-5	2.354980E+1
2.075998E+1	6.500000E-6	2.361665E+1
2.074998E+1	-1.460000E-5	2.368336E+1
2.073998E+1	-7.950000E-5	2.375008E+1
2.072998E+1	-1.012000E-4	2.381679E+1
2.072000E+1	-1.053000E-4	2.388337E+1
2.071000E+1	3.720000E-5	2.395008E+1
2.069998E+1	-1.050000E-5	2.401693E+1
2.069000E+1	2.080000E-5	2.408351E+1
2.067998E+1	8.220000E-5	2.415036E+1
2.066994E+1	2.000000E-6	2.421734E+1
2.066000E+1	3.340000E-5	2.428365E+1
2.064996E+1	-5.120000E-5	2.435063E+1
2.063996E+1	-5.230000E-5	2.441734E+1
2.062998E+1	4.000000E-7	2.448392E+1
2.061996E+1	1.470000E-5	2.455077E+1
2.060998E+1	7.510000E-5	2.461735E+1
2.060000E+1	5.740000E-5	2.468393E+1
2.058996E+1	-1.366000E-4	2.475091E+1
2.057999E+1	-8.030000E-5	2.481742E+1
2.056999E+1	6.200000E-6	2.488414E+1
2.055999E+1	8.010000E-5	2.495085E+1
2.054999E+1	7.580000E-5	2.501756E+1
2.053999E+1	-5.980000E-5	2.508428E+1
2.052999E+1	-6.690000E-5	2.515099E+1
2.051999E+1	-6.970000E-5	2.521770E+1
2.050999E+1	-6.900000E-6	2.528442E+1
2.049999E+1	1.098000E-4	2.535113E+1
2.048998E+1	9.300000E-5	2.541791E+1
2.047998E+1	1.900000E-6	2.548462E+1
2.046999E+1	-8.500000E-6	2.555127E+1
2.045999E+1	-5.090000E-5	2.561798E+1
2.044996E+1	-5.750000E-5	2.568490E+1
2.043994E+1	-1.320000E-4	2.575174E+1
2.042994E+1	-5.750000E-5	2.581846E+1
2.041996E+1	6.810000E-5	2.588504E+1
2.040999E+1	1.281000E-4	2.595155E+1
2.039999E+1	1.009000E-4	2.601826E+1
2.038997E+1	4.450000E-5	2.608511E+1
2.037999E+1	-6.700000E-6	2.615169E+1
2.036999E+1	-1.423000E-4	2.621840E+1
2.035996E+1	-1.361000E-4	2.628532E+1
2.034996E+1	-9.190000E-5	2.635203E+1
2.033999E+1	-8.870000E-5	2.641854E+1
2.032996E+1	-1.268000E-4	2.648545E+1
2.031997E+1	5.910000E-5	2.655210E+1
2.030999E+1	1.588000E-4	2.661868E+1
2.030001E+1	5.130000E-5	2.668526E+1
2.028997E+1	8.810000E-5	2.675224E+1
2.027997E+1	5.990000E-5	2.681895E+1
2.026999E+1	-3.800000E-6	2.688554E+1
2.025997E+1	-3.710000E-5	2.695238E+1
2.024997E+1	-5.040000E-5	2.701909E+1
2.023997E+1	-4.010000E-5	2.708581E+1
2.022999E+1	5.340000E-5	2.715239E+1
2.021999E+1	5.370000E-5	2.721910E+1
2.020999E+1	-8.450000E-5	2.728581E+1
2.019999E+1	-4.610000E-5	2.735253E+1
2.018995E+1	-9.900000E-6	2.741951E+1
2.017999E+1	-3.870000E-5	2.748595E+1
2.016997E+1	1.027000E-4	2.755280E+1
2.015997E+1	1.774000E-4	2.761951E+1
2.014993E+1	1.029000E-4	2.768649E+1
2.013999E+1	-7.300000E-6	2.775281E+1
2.012999E+1	-3.050000E-5	2.781952E+1
2.011999E+1	-9.000000E-5	2.788623E+1
2.010999E+1	-1.080000E-4	2.795295E+1
2.009997E+1	-2.520000E-5	2.801979E+1
2.008997E+1	-4.000000E-7	2.808651E+1
2.007999E+1	3.980000E-5	2.815309E+1
2.006995E+1	5.390000E-5	2.822007E+1
2.005995E+1	8.100000E-6	2.828678E+1
2.004999E+1	1.218000E-4	2.835323E+1
2.003999E+1	-4.660000E-5	2.841994E+1
2.002995E+1	-4.370000E-5	2.848692E+1
2.001999E+1	-5.180000E-5	2.855337E+1
2.000999E+1	-3.120000E-5	2.862008E+1
1.999999E+1	7.510000E-5	2.868679E+1
1.998999E+1	1.248000E-4	2.875351E+1
1.997995E+1	-3.630000E-5	2.882049E+1
1.996999E+1	-5.560000E-5	2.888693E+1
1.995997E+1	-1.493000E-4	2.895378E+1
1.994997E+1	-4.800000E-5	2.902049E+1
1.993998E+1	6.100000E-6	2.908714E+1
1.992997E+1	2.300000E-5	2.915392E+1
1.991998E+1	5.330000E-5	2.922057E+1
1.990993E+1	-9.900000E-6	2.928761E+1
1.989995E+1	-6.320000E-5	2.935419E+1
1.988998E+1	8.910000E-5	2.942071E+1
1.987995E+1	5.930000E-5	2.948762E+1
1.986995E+1	7.700000E-5	2.955433E+1
1.985997E+1	1.340000E-5	2.962091E+1
1.984995E+1	6.500000E-6	2.968776E+1
1.983998E+1	-1.129000E-4	2.975427E+1
1.982998E+1	-1.045000E-4	2.982099E+1
1.981998E+1	-6.200000E-5	2.988770E+1
1.981000E+1	-2.900000E-6	2.995428E+1
1.979998E+1	-1.990000E-5	3.002113E+1
1.979000E+1	-6.530000E-5	3.008771E+1
1.977996E+1	-1.205000E-4	3.015469E+1
1.976996E+1	-7.600000E-5	3.022140E+1
1.976000E+1	3.760000E-5	3.028785E+1
1.974998E+1	1.342000E-4	3.035469E+1
1.973995E+1	1.271000E-4	3.042161E+1
1.973000E+1	1.042000E-4	3.048799E+1
1.972000E+1	-1.074000E-4	3.055470E+1
1.970998E+1	-1.797000E-4	3.062155E+1
1.969998E+1	-2.286000E-4	3.068826E+1
1.968998E+1	-1.487000E-4	3.075497E+1
1.968000E+1	-4.420000E-5	3.082155E+1
1.966996E+1	1.150000E-4	3.088853E+1
1.966000E+1	1.432000E-4	3.095498E+1
1.965000E+1	4.810000E-5	3.102169E+1
1.963996E+1	-3.450000E-5	3.108867E+1
1.963000E+1	-2.620000E-5	3.115512E+1
1.962000E+1	1.360000E-5	3.122183E+1
1.961000E+1	2.610000E-5	3.128855E+1
1.959994E+1	9.780000E-5	3.135566E+1
1.959000E+1	2.940000E-5	3.142197E+1
1.957998E+1	-2.140000E-5	3.148882E+1
1.957000E+1	-9.010000E-5	3.155540E+1
1.956000E+1	-1.468000E-4	3.162211E+1
1.955000E+1	-7.770000E-5	3.168883E+1
1.953998E+1	6.420000E-5	3.175567E+1
1.953000E+1	-2.120000E-5	3.182225E+1
1.951998E+1	8.940000E-5	3.188910E+1
1.951000E+1	3.730000E-5	3.195568E+1
1.949998E+1	5.800000E-6	3.202253E+1
1.948998E+1	-7.640000E-5	3.208924E+1
1.947999E+1	-6.890000E-5	3.215589E+1
1.946999E+1	4.400000E-6	3.222260E+1
1.945999E+1	-6.820000E-5	3.228931E+1
1.944998E+1	6.900000E-6	3.235609E+1
1.943994E+1	-5.680000E-5	3.242307E+1
1.942999E+1	-2.010000E-5	3.248946E+1
1.941999E+1	-6.150000E-5	3.255617E+1
1.940996E+1	-5.010000E-5	3.262308E+1
1.939998E+1	-5.930000E-5	3.268966E+1
1.938998E+1	-3.480000E-5	3.275637E+1
1.937999E+1	1.690000E-5	3.282302E+1
1.936999E+1	1.066000E-4	3.288973E+1
1.935998E+1	1.690000E-5	3.295651E+1
1.934994E+1	-3.890000E-5	3.302349E+1
1.933999E+1	-7.100000E-5	3.308987E+1
1.932997E+1	-1.810000E-5	3.315672E+1
1.931999E+1	-3.890000E-5	3.322330E+1
1.930999E+1	-4.840000E-5	3.329001E+1
1.929999E+1	-1.162000E-4	3.335673E+1
1.928996E+1	-1.046000E-4	3.342364E+1
1.927996E+1	-1.019000E-4	3.349035E+1
1.926999E+1	-3.420000E-5	3.355687E+1
1.925999E+1	5.650000E-5	3.362358E+1
1.924999E+1	9.530000E-5	3.369029E+1
1.923996E+1	4.540000E-5	3.375721E+1
1.922999E+1	3.390000E-5	3.382372E+1
1.921992E+1	-6.090000E-5	3.389090E+1
1.920999E+1	6.620000E-5	3.395715E+1
1.919994E+1	2.860000E-5	3.402419E+1
1.918995E+1	2.670000E-5	3.409084E+1
1.917997E+1	1.340000E-5	3.415742E+1
1.916997E+1	-2.530000E-5	3.422413E+1
1.915995E+1	-6.180000E-5	3.429098E+1
1.914994E+1	-1.922000E-4	3.435776E+1
1.913997E+1	-1.233000E-4	3.442427E+1
1.912999E+1	1.330000E-5	3.449085E+1
1.911997E+1	7.510000E-5	3.455770E+1
1.910994E+1	1.223000E-4	3.462461E+1
1.909995E+1	4.880000E-5	3.469126E+1
1.908997E+1	7.460000E-5	3.475784E+1
1.907997E+1	-4.150000E-5	3.482455E+1
1.906997E+1	4.300000E-6	3.489127E+1
1.905999E+1	-8.970000E-5	3.495785E+1
1.904997E+1	-1.456000E-4	3.502469E+1
1.903999E+1	-8.200000E-6	3.509127E+1
1.902997E+1	-6.810000E-5	3.515812E+1
1.901999E+1	-9.000000E-7	3.522470E+1
1.900999E+1	-3.100000E-6	3.529141E+1
1.899997E+1	1.800000E-6	3.535826E+1
1.898999E+1	5.030000E-5	3.542484E+1
1.897999E+1	-3.900000E-5	3.549155E+1
1.896999E+1	-6.240000E-5	3.555827E+1
1.895997E+1	-9.370000E-5	3.562511E+1
1.894997E+1	-7.940000E-5	3.569183E+1
1.893993E+1	-8.100000E-5	3.575881E+1
1.892997E+1	6.600000E-6	3.582525E+1
1.891999E+1	1.500000E-5	3.589183E+1
1.890995E+1	2.120000E-5	3.595881E+1
1.889997E+1	-6.780000E-5	3.602539E+1
1.888997E+1	-1.538000E-4	3.609211E+1
1.887999E+1	-7.110000E-5	3.615869E+1
1.886999E+1	-2.300000E-5	3.622540E+1
1.885995E+1	4.120000E-5	3.629238E+1
1.884998E+1	8.690000E-5	3.635889E+1
1.883995E+1	-1.150000E-5	3.642581E+1
1.882995E+1	-2.560000E-5	3.649252E+1
1.881998E+1	-7.440000E-5	3.655903E+1
1.880995E+1	-1.080000E-5	3.662595E+1
1.879998E+1	-2.360000E-5	3.669246E+1
1.878997E+1	2.100000E-6	3.675924E+1
1.877998E+1	-4.210000E-5	3.682589E+1
1.876997E+1	-1.099000E-4	3.689267E+1
1.876000E+1	-1.122000E-4	3.695918E+1
1.875000E+1	-9.330000E-5	3.702589E+1
1.874000E+1	-2.950000E-5	3.709261E+1
1.873000E+1	-2.170000E-5	3.715932E+1
1.871995E+1	4.170000E-5	3.722637E+1
1.870998E+1	2.000000E-6	3.729288E+1
1.869996E+1	5.200000E-6	3.735973E+1
1.868979E+1	2.540000E-5	3.742757E+1
1.867995E+1	-2.400000E-6	3.749322E+1
1.866995E+1	3.400000E-6	3.755993E+1
1.866000E+1	-2.000000E-5	3.762631E+1
1.864996E+1	-7.230000E-5	3.769329E+1
1.864000E+1	-2.680000E-5	3.775974E+1
1.863000E+1	-3.270000E-5	3.782645E+1
1.861995E+1	-3.720000E-5	3.789350E+1
1.861000E+1	-9.510000E-5	3.795988E+1
1.859996E+1	-1.770000E-5	3.802686E+1
1.858998E+1	8.210000E-5	3.809344E+1
1.857998E+1	2.530000E-5	3.816015E+1
1.857000E+1	-8.650000E-5	3.822673E+1
1.856000E+1	1.190000E-4	3.829345E+1
1.854996E+1	8.280000E-5	3.836043E+1
1.854000E+1	-5.340000E-5	3.842687E+1
1.852998E+1	-1.058000E-4	3.849372E+1
1.852000E+1	-4.360000E-5	3.856030E+1
1.850998E+1	-7.900000E-6	3.862715E+1
1.849998E+1	8.970000E-5	3.869386E+1
1.849000E+1	8.210000E-5	3.876044E+1
1.848000E+1	1.095000E-4	3.882715E+1
1.847000E+1	7.060000E-5	3.889387E+1
1.845998E+1	4.480000E-5	3.896071E+1
1.844996E+1	-8.100000E-5	3.902756E+1
1.843998E+1	-8.560000E-5	3.909414E+1
1.842992E+1	-4.870000E-5	3.916125E+1
1.842000E+1	-4.480000E-5	3.922743E+1
1.841000E+1	-3.080000E-5	3.929415E+1
1.839998E+1	-8.630000E-5	3.936099E+1
1.839000E+1	-6.590000E-5	3.942757E+1
1.837999E+1	-3.560000E-5	3.949435E+1
1.836999E+1	7.520000E-5	3.956107E+1
1.835998E+1	-1.260000E-5	3.962785E+1
1.834996E+1	-1.580000E-5	3.969469E+1
1.833999E+1	-5.740000E-5	3.976121E+1
1.832996E+1	-4.450000E-5	3.982812E+1
1.831999E+1	-3.100000E-5	3.989463E+1
1.830999E+1	-1.930000E-5	3.996135E+1
1.829998E+1	1.510000E-5	4.002813E+1
1.828998E+1	-4.000000E-6	4.009484E+1
1.827996E+1	-2.750000E-5	4.016169E+1
1.826999E+1	9.400000E-6	4.022820E+1
1.825999E+1	-7.180000E-5	4.029491E+1
1.824999E+1	-6.500000E-5	4.036163E+1
1.823999E+1	3.000000E-6	4.042834E+1
1.822996E+1	1.220000E-5	4.049525E+1
1.821997E+1	3.920000E-5	4.056190E+1
1.820999E+1	1.770000E-5	4.062848E+1
1.819999E+1	-5.730000E-5	4.069519E+1
1.818996E+1	-8.880000E-5	4.076211E+1
1.817999E+1	-1.089000E-4	4.082862E+1
1.816996E+1	-8.950000E-5	4.089553E+1
1.815999E+1	-2.150000E-5	4.096205E+1
1.814997E+1	2.020000E-5	4.102889E+1
1.813996E+1	2.510000E-5	4.109567E+1
1.812994E+1	7.900000E-5	4.116252E+1
1.811999E+1	-2.520000E-5	4.122890E+1
1.810999E+1	-4.970000E-5	4.129561E+1
1.809999E+1	-8.490000E-5	4.136233E+1
1.808999E+1	-3.830000E-5	4.142904E+1
1.807999E+1	6.560000E-5	4.149575E+1
1.806995E+1	7.650000E-5	4.156273E+1
1.805999E+1	1.154000E-4	4.162918E+1
1.804995E+1	1.790000E-5	4.169616E+1
1.803999E+1	-3.200000E-6	4.176261E+1
1.802999E+1	-9.760000E-5	4.182932E+1
1.801999E+1	-3.580000E-5	4.189603E+1
1.800995E+1	-1.126000E-4	4.196301E+1
1.799997E+1	-2.310000E-5	4.202959E+1
1.798995E+1	-1.970000E-5	4.209644E+1
1.797999E+1	-2.200000E-5	4.216289E+1
1.796999E+1	6.290000E-5	4.222960E+1
1.795994E+1	3.550000E-5	4.229665E+1
1.794999E+1	7.560000E-5	4.236303E+1
1.793995E+1	8.710000E-5	4.243001E+1
1.792995E+1	-9.800000E-6	4.249672E+1
1.791999E+1	-5.130000E-5	4.256317E+1
1.790999E+1	-2.860000E-5	4.262988E+1
1.789997E+1	-1.313000E-4	4.269673E+1
1.788999E+1	-5.290000E-5	4.276331E+1
1.787997E+1	2.410000E-5	4.283015E+1
1.786999E+1	-4.210000E-5	4.289673E+1
1.785999E+1	5.610000E-5	4.296345E+1
1.784999E+1	-4.290000E-5	4.303016E+1
1.783999E+1	7.340000E-5	4.309687E+1
1.782995E+1	5.310000E-5	4.316385E+1
1.781999E+1	1.280000E-5	4.323030E+1
1.780999E+1	6.010000E-5	4.329701E+1
1.779995E+1	1.490000E-5	4.336399E+1
1.778999E+1	-2.870000E-5	4.343044E+1
1.777999E+1	-1.034000E-4	4.349715E+1
1.776999E+1	-1.734000E-4	4.356387E+1
1.775998E+1	-9.740000E-5	4.363065E+1
1.774993E+1	-3.500000E-5	4.369769E+1
1.773997E+1	1.990000E-5	4.376414E+1
1.772998E+1	-2.530000E-5	4.383078E+1
1.771995E+1	1.220000E-5	4.389770E+1
1.770995E+1	2.000000E-5	4.396441E+1
1.769995E+1	-6.960000E-5	4.403112E+1
1.768993E+1	1.270000E-5	4.409797E+1
1.767998E+1	5.220000E-5	4.416435E+1
1.766997E+1	2.780000E-5	4.423113E+1
1.765998E+1	-3.300000E-6	4.429778E+1
1.764998E+1	-5.660000E-5	4.436449E+1
1.763998E+1	-1.179000E-4	4.443121E+1
1.762995E+1	-8.390000E-5	4.449812E+1
1.761996E+1	2.810000E-5	4.456477E+1
1.760996E+1	4.390000E-5	4.463148E+1
1.760000E+1	4.330000E-5	4.469793E+1
1.758998E+1	4.120000E-5	4.476477E+1
1.758000E+1	2.900000E-5	4.483135E+1
1.756996E+1	3.810000E-5	4.489833E+1
1.756000E+1	-1.930000E-5	4.496478E+1
1.754996E+1	-2.810000E-5	4.503176E+1
1.754000E+1	8.100000E-6	4.509821E+1
1.753000E+1	-2.240000E-5	4.516492E+1
1.751996E+1	1.620000E-5	4.523190E+1
1.750996E+1	2.290000E-5	4.529861E+1
1.749996E+1	-2.500000E-5	4.536533E+1
1.749000E+1	-4.520000E-5	4.543177E+1
1.748000E+1	-9.460000E-5	4.549849E+1
1.746996E+1	-1.260000E-5	4.556546E+1
1.746000E+1	-4.770000E-5	4.563191E+1
1.744996E+1	-3.170000E-5	4.569889E+1
1.744000E+1	1.000000E-5	4.576534E+1
1.743000E+1	4.320000E-5	4.583205E+1
1.741994E+1	6.270000E-5	4.589917E+1
1.740998E+1	3.290000E-5	4.596561E+1
1.740000E+1	6.200000E-6	4.603219E+1
1.739000E+1	-1.240000E-4	4.609890E+1
1.737998E+1	-1.647000E-4	4.616575E+1
1.736996E+1	-1.422000E-4	4.623260E+1
1.735996E+1	-8.480000E-5	4.629931E+1
1.735000E+1	-6.400000E-6	4.636576E+1
1.734000E+1	8.180000E-5	4.643247E+1
1.733000E+1	5.840000E-5	4.649918E+1
1.732000E+1	4.000000E-7	4.656590E+1
1.730998E+1	8.500000E-6	4.663274E+1
1.730000E+1	1.840000E-5	4.669933E+1
1.729000E+1	-1.190000E-5	4.676604E+1
1.727999E+1	-3.210000E-5	4.683282E+1
1.726998E+1	2.370000E-5	4.689960E+1
1.725999E+1	-2.480000E-5	4.696624E+1
1.724999E+1	-1.330000E-5	4.703296E+1
1.723999E+1	-1.018000E-4	4.709967E+1
1.722999E+1	-9.260000E-5	4.716639E+1
1.721999E+1	-1.097000E-4	4.723310E+1
1.720996E+1	4.300000E-5	4.730001E+1
1.719999E+1	1.127000E-4	4.736652E+1
1.718994E+1	1.071000E-4	4.743357E+1
1.717999E+1	7.360000E-5	4.749995E+1
1.716999E+1	3.930000E-5	4.756667E+1
1.715996E+1	-6.320000E-5	4.763358E+1
1.714994E+1	-8.270000E-5	4.770042E+1
1.713999E+1	-9.060000E-5	4.776680E+1
1.712996E+1	-3.040000E-5	4.783372E+1
1.711996E+1	-2.200000E-6	4.790043E+1
1.710999E+1	1.730000E-5	4.796695E+1
1.709994E+1	-7.770000E-5	4.803399E+1
1.708996E+1	7.100000E-6	4.810057E+1
1.707994E+1	-6.520000E-5	4.816742E+1
1.706999E+1	-2.410000E-5	4.823380E+1
1.705999E+1	-1.030000E-5	4.830051E+1
1.704996E+1	3.500000E-6	4.836742E+1
1.703999E+1	6.530000E-5	4.843394E+1
1.702999E+1	-5.100000E-6	4.850065E+1
1.701999E+1	4.790000E-5	4.856736E+1
1.700999E+1	-1.890000E-5	4.863408E+1
1.699999E+1	-2.190000E-5	4.870079E+1
1.698995E+1	-8.360000E-5	4.876777E+1
1.697999E+1	-1.093000E-4	4.883422E+1
1.696997E+1	-1.107000E-4	4.890107E+1
1.695999E+1	-6.010000E-5	4.896764E+1
1.694997E+1	-4.430000E-5	4.903449E+1
1.693997E+1	7.830000E-5	4.910120E+1
1.692999E+1	8.180000E-5	4.916779E+1
1.691995E+1	3.780000E-5	4.923476E+1
1.690999E+1	-1.410000E-5	4.930121E+1
1.689994E+1	-6.300000E-5	4.936826E+1
1.688995E+1	-9.520000E-5	4.943491E+1
1.687995E+1	-2.820000E-5	4.950162E+1
1.686997E+1	3.110000E-5	4.956820E+1
1.685997E+1	-1.640000E-5	4.963491E+1
1.684993E+1	-1.410000E-5	4.970189E+1
1.683997E+1	-5.910000E-5	4.976834E+1
1.682995E+1	-6.690000E-5	4.983519E+1
1.681999E+1	-3.210000E-5	4.990163E+1
1.680993E+1	3.970000E-5	4.996875E+1
1.679997E+1	1.060000E-5	5.003519E+1
1.678999E+1	7.290000E-5	5.010177E+1
1.677997E+1	4.140000E-5	5.016862E+1
1.676997E+1	-1.310000E-5	5.023533E+1
1.675999E+1	5.740000E-5	5.030191E+1
1.674999E+1	1.130000E-5	5.036863E+1
1.673997E+1	-7.150000E-5	5.043547E+1
1.672997E+1	-8.470000E-5	5.050219E+1
1.671999E+1	-4.990000E-5	5.056876E+1
1.670997E+1	-1.076000E-4	5.063561E+1
1.669999E+1	-4.140000E-5	5.070219E+1
1.668995E+1	4.300000E-5	5.076917E+1
1.667999E+1	4.740000E-5	5.083562E+1
1.666997E+1	1.060000E-5	5.090247E+1
1.665993E+1	8.200000E-6	5.096944E+1
1.664995E+1	-6.110000E-5	5.103603E+1
1.663997E+1	1.450000E-5	5.110260E+1
1.662995E+1	-7.500000E-5	5.116945E+1
1.661997E+1	-1.790000E-5	5.123603E+1
1.660998E+1	1.360000E-5	5.130268E+1
1.659997E+1	-2.380000E-5	5.136946E+1
1.658998E+1	2.750000E-5	5.143610E+1
1.657998E+1	1.330000E-5	5.150282E+1
1.656998E+1	1.740000E-5	5.156953E+1
1.655995E+1	-4.400000E-5	5.163644E+1
1.654998E+1	5.190000E-5	5.170296E+1
1.653995E+1	-3.050000E-5	5.176987E+1
1.652998E+1	-2.570000E-5	5.183638E+1
1.651998E+1	-2.890000E-5	5.190310E+1
1.651000E+1	-4.900000E-6	5.196968E+1
1.649995E+1	-3.190000E-5	5.203672E+1
1.648998E+1	-1.320000E-5	5.210324E+1
1.648000E+1	8.200000E-6	5.216982E+1
1.646998E+1	2.180000E-5	5.223666E+1
1.646000E+1	-3.710000E-5	5.230325E+1
1.645000E+1	-6.100000E-5	5.236996E+1
1.643995E+1	-4.380000E-5	5.243700E+1
1.642996E+1	-8.100000E-6	5.250365E+1
1.642000E+1	-3.950000E-5	5.257010E+1
1.640996E+1	4.210000E-5	5.263708E+1
1.639996E+1	-9.100000E-6	5.270379E+1
1.638995E+1	-5.140000E-5	5.277057E+1
1.637996E+1	3.900000E-6	5.283722E+1
1.636994E+1	5.700000E-6	5.290406E+1
1.635996E+1	-3.880000E-5	5.297065E+1
1.634996E+1	-3.840000E-5	5.303736E+1
1.634000E+1	-2.820000E-5	5.310381E+1
1.632998E+1	-2.460000E-5	5.317065E+1
1.632000E+1	-3.820000E-5	5.323723E+1
1.630996E+1	4.710000E-5	5.330421E+1
1.629996E+1	1.740000E-5	5.337093E+1
1.628996E+1	-1.490000E-5	5.343764E+1
1.628000E+1	1.100000E-6	5.350409E+1
1.626994E+1	-7.050000E-5	5.357120E+1
1.625998E+1	-6.760000E-5	5.363765E+1
1.624998E+1	-3.040000E-5	5.370436E+1
1.623996E+1	5.660000E-5	5.377121E+1
1.622998E+1	2.490000E-5	5.383778E+1
1.622000E+1	1.710000E-5	5.390437E+1
1.621000E+1	-2.990000E-5	5.397108E+1
1.619991E+1	7.000000E-7	5.403839E+1
1.618998E+1	-1.136000E-4	5.410464E+1
1.617998E+1	-1.270000E-5	5.417135E+1
1.616998E+1	-5.330000E-5	5.423806E+1
1.615994E+1	-5.180000E-5	5.430504E+1
1.614999E+1	6.720000E-5	5.437143E+1
1.613994E+1	1.850000E-5	5.443847E+1
1.612999E+1	2.370000E-5	5.450485E+1
1.611996E+1	-6.100000E-6	5.457176E+1
1.610996E+1	4.200000E-6	5.463848E+1
1.609996E+1	-6.420000E-5	5.470519E+1
1.608996E+1	-9.300000E-6	5.477190E+1
1.607999E+1	-4.570000E-5	5.483842E+1
1.606999E+1	-1.374000E-4	5.490513E+1
1.605998E+1	3.750000E-5	5.497191E+1
1.604998E+1	1.690000E-5	5.503862E+1
1.603997E+1	5.540000E-5	5.510540E+1
1.602999E+1	-3.440000E-5	5.517198E+1
1.601997E+1	-1.390000E-5	5.523883E+1
1.600997E+1	-9.320000E-5	5.530554E+1
1.599999E+1	-1.459000E-4	5.537212E+1
1.598999E+1	-1.378000E-4	5.543884E+1
1.597999E+1	-5.530000E-5	5.550555E+1
1.596999E+1	-1.370000E-5	5.557226E+1
1.595997E+1	1.580000E-5	5.563911E+1
1.594999E+1	9.100000E-6	5.570569E+1
1.593997E+1	-3.380000E-5	5.577254E+1
1.592997E+1	-2.120000E-5	5.583925E+1
1.591997E+1	-1.110000E-5	5.590596E+1
1.590999E+1	1.990000E-5	5.597254E+1
1.589999E+1	-1.270000E-5	5.603926E+1
1.588999E+1	-2.100000E-6	5.610597E+1
1.587999E+1	-1.186000E-4	5.617268E+1
1.586997E+1	-1.020000E-4	5.623953E+1
1.585999E+1	-6.700000E-6	5.630611E+1
1.584990E+1	3.220000E-5	5.637342E+1
1.583997E+1	-1.980000E-5	5.643967E+1
1.582997E+1	4.100000E-5	5.650638E+1
1.581999E+1	1.355253E-21	5.657296E+1
1.580997E+1	-2.900000E-5	5.663981E+1
1.579999E+1	-5.830000E-5	5.670639E+1
1.578995E+1	1.140000E-5	5.677337E+1
1.577999E+1	6.070000E-5	5.683982E+1
1.576995E+1	1.340000E-5	5.690680E+1
1.575999E+1	-3.320000E-5	5.697324E+1
1.574997E+1	5.100000E-6	5.704009E+1
1.573999E+1	3.480000E-5	5.710667E+1
1.572997E+1	-4.670000E-5	5.717352E+1
1.571999E+1	-6.518000E-4	5.724010E+1
1.570995E+1	1.570000E-5	5.730708E+1
1.569995E+1	-5.450000E-5	5.737379E+1
1.568999E+1	4.190000E-5	5.744024E+1
1.567999E+1	-9.460000E-5	5.750695E+1
1.566995E+1	-9.930000E-5	5.757393E+1
1.565997E+1	-6.110000E-5	5.764051E+1
1.564997E+1	-4.780000E-5	5.770722E+1
1.563997E+1	4.380000E-5	5.777394E+1
1.562999E+1	5.460000E-5	5.784052E+1
1.561999E+1	2.340000E-5	5.790723E+1
1.560995E+1	-3.580000E-5	5.797421E+1
1.559999E+1	-2.580000E-5	5.804066E+1
1.558999E+1	-2.970000E-5	5.810737E+1
1.557995E+1	2.960000E-5	5.817435E+1
1.556997E+1	-6.940000E-5	5.824093E+1
1.555995E+1	-8.690000E-5	5.830778E+1
1.554998E+1	-6.550000E-5	5.837429E+1
1.553998E+1	4.900000E-6	5.844100E+1
1.552998E+1	-2.740000E-5	5.850772E+1
1.551995E+1	1.038000E-4	5.857463E+1
1.550998E+1	9.230000E-5	5.864114E+1
1.549995E+1	1.076000E-4	5.870806E+1
1.548998E+1	1.750000E-5	5.877457E+1
1.547997E+1	-2.280000E-5	5.884135E+1
1.546998E+1	-4.590000E-5	5.890800E+1
1.545998E+1	-1.600000E-5	5.897471E+1
1.544998E+1	-3.860000E-5	5.904142E+1
1.543998E+1	-7.690000E-5	5.910814E+1
1.542997E+1	-2.250000E-5	5.917492E+1
1.541996E+1	5.130000E-5	5.924170E+1
1.540995E+1	-8.400000E-6	5.930848E+1
1.539993E+1	6.910000E-5	5.937532E+1
1.539000E+1	2.810000E-5	5.944157E+1
1.537996E+1	9.600000E-6	5.950855E+1
1.537000E+1	-1.530000E-5	5.957500E+1
1.536000E+1	-4.560000E-5	5.964171E+1
1.535000E+1	3.530000E-5	5.970842E+1
1.534000E+1	6.810000E-5	5.977514E+1
1.533000E+1	-3.560000E-5	5.984185E+1
1.532000E+1	-1.000000E-4	5.990856E+1
1.530996E+1	-7.420000E-5	5.997554E+1
1.530000E+1	-4.800000E-5	6.004199E+1
1.529000E+1	-2.960000E-5	6.010870E+1
1.527996E+1	-3.600000E-5	6.017568E+1
1.527000E+1	2.380000E-5	6.024213E+1
1.526000E+1	4.320000E-5	6.030884E+1
1.525000E+1	2.400000E-5	6.037556E+1
1.523996E+1	6.770000E-5	6.044254E+1
1.522996E+1	-1.381000E-4	6.050925E+1
1.522000E+1	9.300000E-6	6.057570E+1
1.520996E+1	1.810000E-5	6.064268E+1
1.520000E+1	-5.060000E-5	6.070912E+1
1.518994E+1	-8.330000E-5	6.077624E+1
1.518000E+1	9.000000E-7	6.084255E+1
1.517000E+1	2.300000E-5	6.090926E+1
1.516000E+1	5.370000E-5	6.097598E+1
1.514998E+1	-8.460000E-5	6.104282E+1
1.514000E+1	-9.610000E-5	6.110940E+1
1.512996E+1	-5.010000E-5	6.117638E+1
1.512000E+1	-1.125000E-4	6.124283E+1
1.511000E+1	4.000000E-7	6.130954E+1
1.509994E+1	1.750000E-5	6.137666E+1
1.509001E+1	1.205000E-4	6.144290E+1
1.507998E+1	2.540000E-5	6.150982E+1
1.506996E+1	-3.580000E-5	6.157666E+1
1.505999E+1	-3.050000E-5	6.164318E+1
1.504999E+1	-8.560000E-5	6.170989E+1
1.503996E+1	-8.470000E-5	6.177680E+1
1.502999E+1	-5.830000E-5	6.184332E+1
1.501994E+1	-8.870000E-5	6.191036E+1
1.500999E+1	-1.450000E-5	6.197674E+1
1.499998E+1	1.920000E-5	6.204352E+1
1.498999E+1	-2.300000E-5	6.211017E+1
1.497996E+1	3.260000E-5	6.217708E+1
1.496998E+1	2.670000E-5	6.224366E+1
1.495983E+1	2.930000E-5	6.231137E+1
1.494998E+1	2.160000E-5	6.237709E+1
1.493999E+1	-7.840000E-5	6.244374E+1
1.492996E+1	-1.277000E-4	6.251065E+1
1.491992E+1	-7.220000E-5	6.257763E+1
1.490999E+1	-2.830000E-5	6.264388E+1
1.489996E+1	1.930000E-5	6.271079E+1
1.488997E+1	4.400000E-5	6.277744E+1
1.487999E+1	8.710000E-5	6.284402E+1
1.487001E+1	4.270000E-5	6.291059E+1
1.485999E+1	2.470000E-5	6.297744E+1
1.484999E+1	4.650000E-5	6.304416E+1
1.483999E+1	1.400000E-6	6.311087E+1
1.482999E+1	-7.380000E-5	6.317758E+1
1.481999E+1	-2.700000E-5	6.324430E+1
1.480999E+1	-2.850000E-5	6.331101E+1
1.479996E+1	-3.940000E-5	6.337792E+1
1.478999E+1	-4.710000E-5	6.344444E+1
1.477999E+1	2.520000E-5	6.351115E+1
1.476997E+1	3.150000E-5	6.357800E+1
1.475999E+1	-1.870000E-5	6.364458E+1
1.474999E+1	3.100000E-5	6.371129E+1
1.473997E+1	-5.520000E-5	6.377814E+1
1.472999E+1	-4.300000E-6	6.384472E+1
1.471999E+1	-8.050000E-5	6.391143E+1
1.470997E+1	-2.140000E-5	6.397828E+1
1.469997E+1	-1.870000E-5	6.404499E+1
1.468995E+1	3.220000E-5	6.411184E+1
1.467999E+1	1.740000E-5	6.417828E+1
1.466995E+1	6.040000E-5	6.424526E+1
1.465999E+1	-5.590000E-5	6.431171E+1
1.464997E+1	-2.610000E-5	6.437856E+1
1.463999E+1	-3.900000E-5	6.444514E+1
1.462995E+1	6.100000E-6	6.451212E+1
1.461999E+1	3.300000E-6	6.457856E+1
1.460997E+1	3.010000E-5	6.464541E+1
1.459997E+1	4.600000E-5	6.471212E+1
1.458999E+1	-3.000000E-5	6.477870E+1
1.457997E+1	-3.260000E-5	6.484555E+1
1.456997E+1	-1.107000E-4	6.491226E+1
1.455995E+1	-3.610000E-5	6.497911E+1
1.454999E+1	3.270000E-5	6.504556E+1
1.453999E+1	4.230000E-5	6.511227E+1
1.452999E+1	-1.950000E-5	6.517899E+1
1.451999E+1	-2.190000E-5	6.524570E+1
1.450997E+1	-1.440000E-5	6.531254E+1
1.449999E+1	-1.007000E-4	6.537912E+1
1.448999E+1	-8.260000E-5	6.544584E+1
1.447995E+1	-2.460000E-5	6.551282E+1
1.446995E+1	4.800000E-6	6.557953E+1
1.445998E+1	-1.800000E-6	6.564604E+1
1.444998E+1	9.110000E-5	6.571275E+1
1.443997E+1	-6.400000E-6	6.577953E+1
1.442997E+1	3.100000E-5	6.584624E+1
1.441998E+1	-3.190000E-5	6.591290E+1
1.440998E+1	-4.450000E-5	6.597961E+1
1.439993E+1	3.700000E-6	6.604665E+1
1.438997E+1	-1.080000E-4	6.611310E+1
1.437998E+1	-4.630000E-5	6.617975E+1
1.436998E+1	-5.110000E-5	6.624646E+1
1.435991E+1	-1.160000E-5	6.631364E+1
1.434998E+1	5.400000E-5	6.637989E+1
1.433995E+1	3.010000E-5	6.644680E+1
1.432998E+1	5.930000E-5	6.651331E+1
1.431996E+1	4.930000E-5	6.658016E+1
1.430998E+1	3.700000E-5	6.664674E+1
1.429998E+1	-6.150000E-5	6.671346E+1
1.429000E+1	8.700000E-6	6.678004E+1
1.428000E+1	-1.080000E-4	6.684675E+1
1.426996E+1	-3.060000E-5	6.691373E+1
1.425998E+1	-3.470000E-5	6.698031E+1
1.425000E+1	-1.000000E-6	6.704689E+1
1.423998E+1	-3.160000E-5	6.711373E+1
1.422995E+1	2.710000E-5	6.718065E+1
1.421996E+1	7.350000E-5	6.724729E+1
1.421000E+1	4.140000E-5	6.731374E+1
1.419998E+1	1.290000E-5	6.738058E+1
1.419000E+1	4.450000E-5	6.744717E+1
1.417996E+1	-1.410000E-5	6.751414E+1
1.417000E+1	-9.450000E-5	6.758060E+1
1.416000E+1	-7.710000E-5	6.764731E+1
1.414996E+1	-1.570000E-5	6.771429E+1
1.413996E+1	-7.180000E-5	6.778100E+1
1.412996E+1	3.830000E-5	6.784772E+1
1.411996E+1	2.700000E-5	6.791443E+1
1.410994E+1	8.900000E-6	6.798128E+1
1.410000E+1	-7.580000E-5	6.804758E+1
1.408996E+1	-3.050000E-5	6.811457E+1
1.408000E+1	-1.650000E-5	6.818102E+1
1.406994E+1	-1.600000E-6	6.824813E+1
1.406000E+1	-1.700000E-5	6.831444E+1
1.405001E+1	3.200000E-6	6.838109E+1
1.404000E+1	-1.100000E-5	6.844787E+1
1.403000E+1	-5.850000E-5	6.851458E+1
1.401994E+1	-1.005000E-4	6.858170E+1
1.400996E+1	-1.000000E-7	6.864828E+1
1.399998E+1	-9.210000E-5	6.871485E+1
1.398996E+1	2.380000E-5	6.878170E+1
1.397999E+1	3.540000E-5	6.884821E+1
1.396999E+1	-6.820000E-5	6.891492E+1
1.395999E+1	2.400000E-6	6.898164E+1
1.394996E+1	-1.810000E-5	6.904855E+1
1.393998E+1	3.430000E-5	6.911514E+1
1.392998E+1	-5.640000E-5	6.918185E+1
1.391999E+1	-3.120000E-5	6.924850E+1
1.390998E+1	-4.110000E-5	6.931528E+1
1.389999E+1	-4.380000E-5	6.938192E+1
1.388998E+1	2.680000E-5	6.944870E+1
1.387998E+1	2.000000E-7	6.951541E+1
1.386999E+1	-1.371000E-4	6.958206E+1
1.385998E+1	-5.830000E-5	6.964884E+1
1.384996E+1	-2.820000E-5	6.971569E+1
1.383999E+1	2.100000E-6	6.978220E+1
1.382990E+1	-4.150000E-5	6.984952E+1
