7.099995E+1	-9.540000E-5	6.100000E-5	0.000000E+0	-7.099995E+1
7.099295E+1	-1.240000E-5	-1.180000E-5	4.669933E-2	-7.099295E+1
7.098595E+1	1.600000E-5	-1.780000E-5	9.339865E-2	-7.098595E+1
7.097895E+1	3.220000E-5	-4.320000E-5	1.400980E-1	-7.097895E+1
7.097195E+1	-1.000000E-5	4.080000E-5	1.867973E-1	-7.097195E+1
7.096495E+1	-7.460000E-5	-1.160000E-5	2.334966E-1	-7.096495E+1
7.095795E+1	-1.400000E-6	-2.800000E-5	2.801960E-1	-7.095795E+1
7.095095E+1	2.400000E-5	-5.260000E-5	3.268953E-1	-7.095095E+1
7.094395E+1	5.300000E-5	-5.200000E-6	3.735946E-1	-7.094395E+1
7.093695E+1	-3.200000E-6	-2.400000E-5	4.202939E-1	-7.093695E+1
7.092995E+1	-3.980000E-5	-3.160000E-5	4.669932E-1	-7.092995E+1
7.092295E+1	-8.180000E-5	9.200000E-6	5.136926E-1	-7.092295E+1
7.091595E+1	-9.000000E-6	-2.000000E-5	5.603919E-1	-7.091595E+1
7.090895E+1	-3.640000E-5	-2.940000E-5	6.070912E-1	-7.090895E+1
7.090195E+1	-5.100000E-5	-6.200000E-5	6.537905E-1	-7.090195E+1
7.089495E+1	3.220000E-5	-5.460000E-5	7.004899E-1	-7.089495E+1
7.088795E+1	-2.460000E-5	-2.120000E-5	7.471892E-1	-7.088795E+1
7.088095E+1	4.520000E-5	9.800000E-6	7.938885E-1	-7.088095E+1
7.087395E+1	1.700000E-5	2.400000E-5	8.405879E-1	-7.087395E+1
7.086695E+1	3.500000E-5	-6.600000E-6	8.872872E-1	-7.086695E+1
7.085995E+1	1.580000E-5	-7.300000E-5	9.339865E-1	-7.085995E+1
7.085295E+1	1.180000E-5	-4.780000E-5	9.806858E-1	-7.085295E+1
7.084595E+1	1.260000E-5	-2.340000E-5	1.027385E+0	-7.084595E+1
7.083895E+1	5.880000E-5	8.600000E-6	1.074085E+0	-7.083895E+1
7.083195E+1	-5.060000E-5	2.860000E-5	1.120784E+0	-7.083195E+1
7.082495E+1	-8.160000E-5	1.600000E-5	1.167483E+0	-7.082495E+1
7.081795E+1	-1.900000E-5	-6.080000E-5	1.214182E+0	-7.081795E+1
7.081095E+1	-1.680000E-5	-5.060000E-5	1.260882E+0	-7.081095E+1
7.080395E+1	-4.000000E-6	1.280000E-5	1.307581E+0	-7.080395E+1
7.079695E+1	-3.260000E-5	3.240000E-5	1.354280E+0	-7.079695E+1
7.078995E+1	-2.440000E-5	-4.440000E-5	1.400980E+0	-7.078995E+1
7.078295E+1	2.260000E-5	8.400000E-6	1.447679E+0	-7.078295E+1
7.077595E+1	2.100000E-5	-3.880000E-5	1.494378E+0	-7.077595E+1
7.076895E+1	-1.300000E-5	6.940000E-5	1.541078E+0	-7.076895E+1
7.076195E+1	4.180000E-5	7.200000E-6	1.587777E+0	-7.076195E+1
7.075495E+1	-4.560000E-5	-2.540000E-5	1.634476E+0	-7.075495E+1
7.074795E+1	4.000000E-7	-9.000000E-6	1.681176E+0	-7.074795E+1
7.074095E+1	-2.360000E-5	-2.900000E-5	1.727875E+0	-7.074095E+1
7.073395E+1	-5.360000E-5	4.340000E-5	1.774574E+0	-7.073395E+1
7.072695E+1	-1.260000E-5	5.820000E-5	1.821274E+0	-7.072695E+1
7.071995E+1	2.900000E-5	9.600000E-6	1.867973E+0	-7.071995E+1
7.071295E+1	3.100000E-5	-2.800000E-6	1.914672E+0	-7.071295E+1
7.070595E+1	8.400000E-6	-1.900000E-5	1.961372E+0	-7.070595E+1
7.069895E+1	-3.320000E-5	-3.040000E-5	2.008071E+0	-7.069895E+1
7.069195E+1	4.280000E-5	-5.680000E-5	2.054770E+0	-7.069195E+1
7.068495E+1	3.600000E-6	-2.280000E-5	2.101470E+0	-7.068495E+1
7.067795E+1	2.860000E-5	-2.020000E-5	2.148169E+0	-7.067795E+1
7.067095E+1	-8.940000E-5	3.060000E-5	2.194868E+0	-7.067095E+1
7.066395E+1	2.120000E-5	3.760000E-5	2.241568E+0	-7.066395E+1
7.065695E+1	-1.660000E-5	2.380000E-5	2.288267E+0	-7.065695E+1
7.064995E+1	3.060000E-5	-7.800000E-6	2.334966E+0	-7.064995E+1
7.064295E+1	-5.960000E-5	6.200000E-6	2.381665E+0	-7.064295E+1
7.063595E+1	-7.360000E-5	2.580000E-5	2.428365E+0	-7.063595E+1
7.062895E+1	-1.680000E-5	-3.240000E-5	2.475064E+0	-7.062895E+1
7.062195E+1	-2.780000E-5	3.720000E-5	2.521764E+0	-7.062195E+1
7.061495E+1	-7.920000E-5	-2.840000E-5	2.568463E+0	-7.061495E+1
7.060795E+1	2.140000E-5	5.660000E-5	2.615162E+0	-7.060795E+1
7.060095E+1	-2.600000E-5	-2.000000E-6	2.661861E+0	-7.060095E+1
7.059395E+1	1.540000E-5	4.020000E-5	2.708561E+0	-7.059395E+1
7.058695E+1	-5.440000E-5	6.800000E-6	2.755260E+0	-7.058695E+1
7.057995E+1	-2.440000E-5	-6.860000E-5	2.801960E+0	-7.057995E+1
7.057295E+1	-3.260000E-5	7.200000E-6	2.848659E+0	-7.057295E+1
7.056595E+1	2.580000E-5	1.880000E-5	2.895358E+0	-7.056595E+1
7.055895E+1	3.900000E-5	2.400000E-5	2.942057E+0	-7.055895E+1
7.055195E+1	8.000000E-7	-1.000000E-6	2.988757E+0	-7.055195E+1
7.054495E+1	7.640000E-5	-2.460000E-5	3.035456E+0	-7.054495E+1
7.053795E+1	9.000000E-6	-5.160000E-5	3.082155E+0	-7.053795E+1
7.053095E+1	5.120000E-5	-3.160000E-5	3.128855E+0	-7.053095E+1
7.052395E+1	-3.760000E-5	-8.800000E-6	3.175554E+0	-7.052395E+1
7.051695E+1	1.260000E-5	-3.160000E-5	3.222253E+0	-7.051695E+1
7.050995E+1	4.860000E-5	1.080000E-5	3.268953E+0	-7.050995E+1
7.050295E+1	1.252000E-4	-2.740000E-5	3.315652E+0	-7.050295E+1
7.049595E+1	4.800000E-6	4.300000E-5	3.362351E+0	-7.049595E+1
7.048895E+1	-4.200000E-5	9.560000E-5	3.409051E+0	-7.048895E+1
7.048195E+1	-7.600000E-6	-6.180000E-5	3.455750E+0	-7.048195E+1
7.047495E+1	-1.108000E-4	3.600000E-6	3.502449E+0	-7.047495E+1
7.046795E+1	-7.800000E-6	4.980000E-5	3.549149E+0	-7.046795E+1
7.046095E+1	-2.340000E-5	-4.240000E-5	3.595848E+0	-7.046095E+1
7.045395E+1	3.620000E-5	-2.020000E-5	3.642547E+0	-7.045395E+1
7.044695E+1	-2.460000E-5	2.220000E-5	3.689247E+0	-7.044695E+1
7.043995E+1	1.540000E-5	7.220000E-5	3.735946E+0	-7.043995E+1
7.043295E+1	-6.200000E-5	5.740000E-5	3.782645E+0	-7.043295E+1
7.042595E+1	-4.000000E-6	-3.860000E-5	3.829345E+0	-7.042595E+1
7.041895E+1	2.820000E-5	-5.000000E-5	3.876044E+0	-7.041895E+1
7.041195E+1	2.180000E-5	-1.200000E-5	3.922743E+0	-7.041195E+1
7.040495E+1	-3.620000E-5	5.440000E-5	3.969443E+0	-7.040495E+1
7.039795E+1	4.040000E-5	2.140000E-5	4.016142E+0	-7.039795E+1
7.039095E+1	-6.600000E-6	-2.680000E-5	4.062841E+0	-7.039095E+1
7.038395E+1	2.200000E-5	3.520000E-5	4.109540E+0	-7.038395E+1
7.037695E+1	-3.800000E-6	3.180000E-5	4.156240E+0	-7.037695E+1
7.036995E+1	2.380000E-5	3.420000E-5	4.202939E+0	-7.036995E+1
7.036295E+1	-4.000000E-7	8.400000E-6	4.249639E+0	-7.036295E+1
7.035595E+1	5.000000E-6	-3.040000E-5	4.296338E+0	-7.035595E+1
7.034895E+1	-2.340000E-5	4.580000E-5	4.343037E+0	-7.034895E+1
7.034195E+1	-2.480000E-5	5.400000E-5	4.389737E+0	-7.034195E+1
7.033495E+1	4.080000E-5	-1.900000E-5	4.436436E+0	-7.033495E+1
7.032795E+1	-1.520000E-5	-4.520000E-5	4.483135E+0	-7.032795E+1
7.032095E+1	2.640000E-5	2.040000E-5	4.529835E+0	-7.032095E+1
7.031395E+1	-5.040000E-5	2.000000E-7	4.576534E+0	-7.031395E+1
7.030695E+1	2.400000E-6	-3.000000E-6	4.623233E+0	-7.030695E+1
7.029995E+1	-1.600000E-5	4.600000E-6	4.669932E+0	-7.029995E+1
7.029295E+1	-2.060000E-5	-1.260000E-5	4.716632E+0	-7.029295E+1
7.028595E+1	-7.840000E-5	2.000000E-7	4.763331E+0	-7.028595E+1
7.027895E+1	-7.720000E-5	-1.540000E-5	4.810030E+0	-7.027895E+1
7.027195E+1	-6.980000E-5	-1.280000E-5	4.856730E+0	-7.027195E+1
7.026495E+1	-5.420000E-5	-1.300000E-5	4.903429E+0	-7.026495E+1
7.025795E+1	-2.940000E-5	-4.000000E-6	4.950129E+0	-7.025795E+1
7.025095E+1	-1.560000E-5	-4.780000E-5	4.996828E+0	-7.025095E+1
7.024395E+1	-2.460000E-5	-5.640000E-5	5.043527E+0	-7.024395E+1
7.023695E+1	3.800000E-6	-2.080000E-5	5.090227E+0	-7.023695E+1
7.022995E+1	2.040000E-5	-9.200000E-6	5.136926E+0	-7.022995E+1
7.022295E+1	3.940000E-5	-1.060000E-5	5.183625E+0	-7.022295E+1
7.021595E+1	-6.800000E-6	-2.340000E-5	5.230324E+0	-7.021595E+1
7.020895E+1	1.340000E-5	-4.620000E-5	5.277024E+0	-7.020895E+1
7.020195E+1	2.700000E-5	4.800000E-5	5.323723E+0	-7.020195E+1
7.019495E+1	-8.000000E-5	-1.940000E-5	5.370422E+0	-7.019495E+1
7.018795E+1	-2.120000E-5	-4.660000E-5	5.417122E+0	-7.018795E+1
7.018095E+1	6.840000E-5	-5.040000E-5	5.463821E+0	-7.018095E+1
7.017395E+1	-4.400000E-6	-5.560000E-5	5.510520E+0	-7.017395E+1
7.016695E+1	-7.120000E-5	8.000000E-7	5.557220E+0	-7.016695E+1
7.015995E+1	-5.100000E-5	-3.220000E-5	5.603919E+0	-7.015995E+1
7.015295E+1	-4.320000E-5	1.140000E-5	5.650619E+0	-7.015295E+1
7.014595E+1	3.800000E-6	-5.180000E-5	5.697318E+0	-7.014595E+1
7.013895E+1	1.260000E-5	-2.980000E-5	5.744017E+0	-7.013895E+1
7.013195E+1	-7.660000E-5	-5.280000E-5	5.790716E+0	-7.013195E+1
7.012495E+1	8.800000E-6	-7.400000E-6	5.837416E+0	-7.012495E+1
7.011795E+1	2.720000E-5	-3.400000E-6	5.884115E+0	-7.011795E+1
7.011095E+1	-1.880000E-5	9.000000E-6	5.930814E+0	-7.011095E+1
7.010395E+1	2.900000E-5	1.040000E-5	5.977514E+0	-7.010395E+1
7.009695E+1	-6.400000E-6	2.400000E-5	6.024213E+0	-7.009695E+1
7.008995E+1	2.940000E-5	5.340000E-5	6.070912E+0	-7.008995E+1
7.008295E+1	3.120000E-5	-2.340000E-5	6.117611E+0	-7.008295E+1
7.007595E+1	3.120000E-5	4.880000E-5	6.164311E+0	-7.007595E+1
7.006895E+1	-3.680000E-5	-4.520000E-5	6.211010E+0	-7.006895E+1
7.006195E+1	6.160000E-5	1.200000E-5	6.257710E+0	-7.006195E+1
7.005495E+1	-2.200000E-6	-5.600000E-6	6.304409E+0	-7.005495E+1
7.004795E+1	2.600000E-6	-7.240000E-5	6.351108E+0	-7.004795E+1
7.004095E+1	-3.600000E-6	1.700000E-5	6.397808E+0	-7.004095E+1
7.003395E+1	-4.280000E-5	5.000000E-6	6.444507E+0	-7.003395E+1
7.002695E+1	-2.400000E-5	1.300000E-5	6.491206E+0	-7.002695E+1
7.001995E+1	6.580000E-5	1.400000E-5	6.537906E+0	-7.001995E+1
7.001295E+1	1.120000E-4	6.380000E-5	6.584605E+0	-7.001295E+1
7.000595E+1	-3.940000E-5	3.180000E-5	6.631304E+0	-7.000595E+1
6.999895E+1	1.580000E-5	3.120000E-5	6.678003E+0	-6.999895E+1
6.999195E+1	1.680000E-5	-8.040000E-5	6.724703E+0	-6.999195E+1
6.998495E+1	-3.480000E-5	1.080000E-5	6.771402E+0	-6.998495E+1
6.997795E+1	5.100000E-5	1.760000E-5	6.818101E+0	-6.997795E+1
6.997095E+1	-1.740000E-5	-8.200000E-6	6.864801E+0	-6.997095E+1
6.996395E+1	3.860000E-5	7.160000E-5	6.911500E+0	-6.996395E+1
6.995695E+1	-6.600000E-6	-3.100000E-5	6.958200E+0	-6.995695E+1
6.994995E+1	2.200000E-6	-1.920000E-5	7.004899E+0	-6.994995E+1
6.994295E+1	-3.140000E-5	1.640000E-5	7.051598E+0	-6.994295E+1
6.993595E+1	-9.140000E-5	-8.800000E-6	7.098298E+0	-6.993595E+1
6.992895E+1	-4.680000E-5	-6.800000E-5	7.144997E+0	-6.992895E+1
6.992195E+1	-7.840000E-5	-8.480000E-5	7.191696E+0	-6.992195E+1
6.991495E+1	-6.460000E-5	-9.920000E-5	7.238395E+0	-6.991495E+1
6.990795E+1	-9.220000E-5	-4.160000E-5	7.285095E+0	-6.990795E+1
6.990095E+1	-4.800000E-5	-3.880000E-5	7.331794E+0	-6.990095E+1
6.989395E+1	-8.260000E-5	-5.260000E-5	7.378493E+0	-6.989395E+1
6.988695E+1	-6.320000E-5	-6.860000E-5	7.425193E+0	-6.988695E+1
6.987995E+1	-6.940000E-5	-3.100000E-5	7.471892E+0	-6.987995E+1
6.987295E+1	-4.820000E-5	-6.020000E-5	7.518591E+0	-6.987295E+1
6.986595E+1	2.160000E-5	-1.300000E-5	7.565290E+0	-6.986595E+1
6.985895E+1	2.000000E-6	5.640000E-5	7.611990E+0	-6.985895E+1
6.985195E+1	1.450000E-4	1.186000E-4	7.658689E+0	-6.985195E+1
6.984495E+1	1.358000E-4	1.022000E-4	7.705389E+0	-6.984495E+1
6.983795E+1	1.056000E-4	1.114000E-4	7.752088E+0	-6.983795E+1
6.983095E+1	1.158000E-4	1.320000E-4	7.798787E+0	-6.983095E+1
6.982395E+1	1.094000E-4	7.320000E-5	7.845487E+0	-6.982395E+1
6.981695E+1	8.500000E-5	1.734000E-4	7.892186E+0	-6.981695E+1
6.980995E+1	5.260000E-5	3.720000E-5	7.938885E+0	-6.980995E+1
6.980295E+1	6.960000E-5	7.740000E-5	7.985585E+0	-6.980295E+1
6.979595E+1	9.400000E-5	4.040000E-5	8.032284E+0	-6.979595E+1
6.978895E+1	7.600000E-5	6.400000E-5	8.078983E+0	-6.978895E+1
6.978195E+1	1.740000E-5	4.400000E-6	8.125683E+0	-6.978195E+1
6.977495E+1	4.460000E-5	-1.540000E-5	8.172382E+0	-6.977495E+1
6.976795E+1	-1.740000E-5	-1.240000E-5	8.219081E+0	-6.976795E+1
6.976095E+1	2.520000E-5	-1.600000E-6	8.265780E+0	-6.976095E+1
6.975395E+1	5.000000E-6	-4.320000E-5	8.312480E+0	-6.975395E+1
6.974695E+1	-2.560000E-5	-5.360000E-5	8.359179E+0	-6.974695E+1
6.973995E+1	-1.038000E-4	-7.320000E-5	8.405878E+0	-6.973995E+1
6.973295E+1	-7.520000E-5	-4.940000E-5	8.452578E+0	-6.973295E+1
6.972595E+1	-1.036000E-4	-5.340000E-5	8.499277E+0	-6.972595E+1
6.971895E+1	-8.660000E-5	-5.900000E-5	8.545977E+0	-6.971895E+1
6.971195E+1	-1.056000E-4	-5.740000E-5	8.592676E+0	-6.971195E+1
6.970495E+1	-4.440000E-5	-4.860000E-5	8.639375E+0	-6.970495E+1
6.969795E+1	-6.400000E-5	1.700000E-5	8.686074E+0	-6.969795E+1
6.969095E+1	-4.200000E-5	-4.220000E-5	8.732774E+0	-6.969095E+1
6.968395E+1	-2.500000E-5	7.380000E-5	8.779473E+0	-6.968395E+1
6.967695E+1	-4.020000E-5	2.000000E-5	8.826173E+0	-6.967695E+1
6.966995E+1	-2.460000E-5	2.600000E-6	8.872871E+0	-6.966995E+1
6.966295E+1	6.400000E-6	7.600000E-6	8.919571E+0	-6.966295E+1
6.965595E+1	1.240000E-5	2.280000E-5	8.966270E+0	-6.965595E+1
6.964895E+1	1.000000E-6	-5.100000E-5	9.012970E+0	-6.964895E+1
6.964195E+1	-2.100000E-5	3.180000E-5	9.059669E+0	-6.964195E+1
6.963495E+1	1.480000E-5	5.720000E-5	9.106368E+0	-6.963495E+1
6.962795E+1	-2.800000E-6	4.320000E-5	9.153068E+0	-6.962795E+1
6.962095E+1	5.200000E-5	-7.860000E-5	9.199767E+0	-6.962095E+1
6.961395E+1	-1.440000E-5	2.800000E-6	9.246467E+0	-6.961395E+1
6.960695E+1	1.200000E-5	-3.060000E-5	9.293166E+0	-6.960695E+1
6.959995E+1	6.340000E-5	9.800000E-6	9.339865E+0	-6.959995E+1
6.959295E+1	-2.540000E-5	2.600000E-5	9.386564E+0	-6.959295E+1
6.958595E+1	-5.940000E-5	-1.480000E-5	9.433264E+0	-6.958595E+1
6.957895E+1	8.840000E-5	1.260000E-5	9.479963E+0	-6.957895E+1
6.957195E+1	-4.880000E-5	7.600000E-6	9.526662E+0	-6.957195E+1
6.956495E+1	-3.700000E-5	-3.400000E-5	9.573361E+0	-6.956495E+1
6.955795E+1	4.120000E-5	-2.520000E-5	9.620061E+0	-6.955795E+1
6.955095E+1	-4.080000E-5	-3.600000E-5	9.666760E+0	-6.955095E+1
6.954395E+1	2.900000E-5	2.380000E-5	9.713460E+0	-6.954395E+1
6.953695E+1	1.100000E-5	-4.820000E-5	9.760159E+0	-6.953695E+1
6.952995E+1	-2.040000E-5	-6.000000E-5	9.806858E+0	-6.952995E+1
6.952295E+1	-5.200000E-6	5.360000E-5	9.853558E+0	-6.952295E+1
6.951595E+1	-2.200000E-6	-9.200000E-6	9.900257E+0	-6.951595E+1
6.950895E+1	-5.920000E-5	5.760000E-5	9.946957E+0	-6.950895E+1
6.950195E+1	-2.080000E-5	1.840000E-5	9.993655E+0	-6.950195E+1
6.949495E+1	-3.820000E-5	-1.700000E-5	1.004035E+1	-6.949495E+1
6.948795E+1	3.680000E-5	1.100000E-5	1.008705E+1	-6.948795E+1
6.948095E+1	-4.280000E-5	-5.000000E-6	1.013375E+1	-6.948095E+1
6.947395E+1	4.000000E-6	5.800000E-6	1.018045E+1	-6.947395E+1
6.946695E+1	-1.320000E-5	-4.160000E-5	1.022715E+1	-6.946695E+1
6.945995E+1	-2.920000E-5	3.000000E-6	1.027385E+1	-6.945995E+1
6.945295E+1	-5.920000E-5	-1.600000E-5	1.032055E+1	-6.945295E+1
6.944595E+1	1.000000E-6	-2.840000E-5	1.036725E+1	-6.944595E+1
6.943895E+1	-3.260000E-5	-2.640000E-5	1.041395E+1	-6.943895E+1
6.943195E+1	-4.460000E-5	-2.600000E-5	1.046065E+1	-6.943195E+1
6.942495E+1	-2.360000E-5	5.220000E-5	1.050735E+1	-6.942495E+1
6.941795E+1	-8.580000E-5	4.000000E-7	1.055405E+1	-6.941795E+1
6.941095E+1	-2.720000E-5	4.400000E-6	1.060075E+1	-6.941095E+1
6.940395E+1	1.160000E-5	3.800000E-5	1.064745E+1	-6.940395E+1
6.939695E+1	-1.820000E-5	-4.880000E-5	1.069415E+1	-6.939695E+1
6.938995E+1	1.820000E-5	-1.960000E-5	1.074084E+1	-6.938995E+1
6.938295E+1	-8.800000E-5	2.900000E-5	1.078754E+1	-6.938295E+1
6.937595E+1	2.460000E-5	2.640000E-5	1.083424E+1	-6.937595E+1
6.936895E+1	-1.580000E-5	2.880000E-5	1.088094E+1	-6.936895E+1
6.936195E+1	-1.220000E-5	-6.200000E-5	1.092764E+1	-6.936195E+1
6.935495E+1	1.320000E-5	1.120000E-5	1.097434E+1	-6.935495E+1
6.934795E+1	1.220000E-5	3.820000E-5	1.102104E+1	-6.934795E+1
6.934095E+1	2.860000E-5	-2.200000E-6	1.106774E+1	-6.934095E+1
6.933395E+1	-2.280000E-5	-2.800000E-6	1.111444E+1	-6.933395E+1
6.932695E+1	3.260000E-5	-1.860000E-5	1.116114E+1	-6.932695E+1
6.931995E+1	5.000000E-6	1.740000E-5	1.120784E+1	-6.931995E+1
6.931295E+1	-4.060000E-5	4.000000E-7	1.125454E+1	-6.931295E+1
6.930595E+1	1.780000E-5	-5.200000E-5	1.130124E+1	-6.930595E+1
6.929895E+1	-2.200000E-5	-3.080000E-5	1.134794E+1	-6.929895E+1
6.929195E+1	2.200000E-6	2.140000E-5	1.139464E+1	-6.929195E+1
6.928495E+1	-2.600000E-6	-6.100000E-5	1.144133E+1	-6.928495E+1
6.927795E+1	-3.560000E-5	-1.000000E-5	1.148803E+1	-6.927795E+1
6.927095E+1	4.740000E-5	-1.900000E-5	1.153473E+1	-6.927095E+1
6.926395E+1	-1.660000E-5	1.220000E-5	1.158143E+1	-6.926395E+1
6.925695E+1	5.820000E-5	-1.880000E-5	1.162813E+1	-6.925695E+1
6.924995E+1	-6.800000E-6	5.360000E-5	1.167483E+1	-6.924995E+1
6.924295E+1	2.300000E-5	6.560000E-5	1.172153E+1	-6.924295E+1
6.923595E+1	5.800000E-6	1.260000E-5	1.176823E+1	-6.923595E+1
6.922895E+1	1.400000E-6	-5.520000E-5	1.181493E+1	-6.922895E+1
6.922195E+1	-3.960000E-5	1.460000E-5	1.186163E+1	-6.922195E+1
6.921495E+1	-7.200000E-6	-3.500000E-5	1.190833E+1	-6.921495E+1
6.920795E+1	-2.600000E-5	-6.280000E-5	1.195503E+1	-6.920795E+1
6.920095E+1	-5.200000E-5	4.720000E-5	1.200173E+1	-6.920095E+1
6.919395E+1	1.520000E-5	8.600000E-6	1.204843E+1	-6.919395E+1
6.918695E+1	-9.400000E-6	-8.200000E-6	1.209513E+1	-6.918695E+1
6.917995E+1	-5.500000E-5	1.580000E-5	1.214182E+1	-6.917995E+1
6.917295E+1	-2.200000E-5	9.140000E-5	1.218852E+1	-6.917295E+1
6.916595E+1	7.460000E-5	1.502000E-4	1.223522E+1	-6.916595E+1
6.915895E+1	1.118000E-4	1.304000E-4	1.228192E+1	-6.915895E+1
6.915195E+1	1.186000E-4	1.458000E-4	1.232862E+1	-6.915195E+1
6.914495E+1	2.158000E-4	2.348000E-4	1.237532E+1	-6.914495E+1
6.913795E+1	2.724000E-4	3.524000E-4	1.242202E+1	-6.913795E+1
6.913095E+1	3.468000E-4	3.868000E-4	1.246872E+1	-6.913095E+1
6.912395E+1	4.696000E-4	5.174000E-4	1.251542E+1	-6.912395E+1
6.911695E+1	6.842000E-4	7.396000E-4	1.256212E+1	-6.911695E+1
6.910995E+1	9.336000E-4	1.026800E-3	1.260882E+1	-6.910995E+1
6.910295E+1	1.219800E-3	1.371200E-3	1.265552E+1	-6.910295E+1
6.909595E+1	1.593800E-3	1.708200E-3	1.270222E+1	-6.909595E+1
6.908895E+1	2.009400E-3	2.180200E-3	1.274892E+1	-6.908895E+1
6.908195E+1	2.537800E-3	2.730600E-3	1.279562E+1	-6.908195E+1
6.907495E+1	3.058200E-3	3.274200E-3	1.284231E+1	-6.907495E+1
6.906795E+1	3.584800E-3	3.890400E-3	1.288901E+1	-6.906795E+1
6.906095E+1	3.833400E-3	4.084800E-3	1.293571E+1	-6.906095E+1
6.905395E+1	3.347600E-3	3.632800E-3	1.298241E+1	-6.905395E+1
6.904695E+1	1.948200E-3	2.149600E-3	1.302911E+1	-6.904695E+1
6.903995E+1	-3.904000E-4	-4.112000E-4	1.307581E+1	-6.903995E+1
6.903295E+1	-3.432800E-3	-3.668600E-3	1.312251E+1	-6.903295E+1
6.902595E+1	-6.440200E-3	-6.780400E-3	1.316921E+1	-6.902595E+1
6.901895E+1	-8.862600E-3	-9.450200E-3	1.321591E+1	-6.901895E+1
6.901195E+1	-9.904800E-3	-1.050240E-2	1.326261E+1	-6.901195E+1
6.900495E+1	-9.198200E-3	-9.660000E-3	1.330931E+1	-6.900495E+1
6.899795E+1	-7.171400E-3	-7.550000E-3	1.335601E+1	-6.899795E+1
6.899095E+1	-4.286000E-3	-4.498400E-3	1.340271E+1	-6.899095E+1
6.898395E+1	-1.244200E-3	-1.228400E-3	1.344941E+1	-6.898395E+1
6.897695E+1	1.039400E-3	1.196600E-3	1.349611E+1	-6.897695E+1
6.896995E+1	2.374000E-3	2.569800E-3	1.354280E+1	-6.896995E+1
6.896295E+1	2.657600E-3	2.807200E-3	1.358950E+1	-6.896295E+1
6.895595E+1	2.411200E-3	2.477200E-3	1.363620E+1	-6.895595E+1
6.894895E+1	1.793400E-3	1.877600E-3	1.368290E+1	-6.894895E+1
6.894195E+1	1.267800E-3	1.283800E-3	1.372960E+1	-6.894195E+1
6.893495E+1	1.206200E-3	1.215600E-3	1.377630E+1	-6.893495E+1
6.892795E+1	1.299800E-3	1.308200E-3	1.382300E+1	-6.892795E+1
6.892095E+1	1.526400E-3	1.621600E-3	1.386970E+1	-6.892095E+1
6.891395E+1	1.590800E-3	1.607000E-3	1.391640E+1	-6.891395E+1
6.890695E+1	1.468600E-3	1.490400E-3	1.396310E+1	-6.890695E+1
6.889995E+1	1.046800E-3	1.082400E-3	1.400980E+1	-6.889995E+1
6.889295E+1	5.806000E-4	6.376000E-4	1.405650E+1	-6.889295E+1
6.888595E+1	1.436000E-4	1.168000E-4	1.410320E+1	-6.888595E+1
6.887895E+1	-6.780000E-5	-3.440000E-5	1.414990E+1	-6.887895E+1
6.887195E+1	-6.540000E-5	-1.028000E-4	1.419660E+1	-6.887195E+1
6.886495E+1	9.000000E-6	1.070000E-4	1.424329E+1	-6.886495E+1
6.885795E+1	2.760000E-4	2.602000E-4	1.428999E+1	-6.885795E+1
6.885095E+1	4.366000E-4	4.278000E-4	1.433669E+1	-6.885095E+1
6.884395E+1	5.224000E-4	5.734000E-4	1.438339E+1	-6.884395E+1
6.883695E+1	4.464000E-4	4.584000E-4	1.443009E+1	-6.883695E+1
6.882995E+1	3.692000E-4	4.130000E-4	1.447679E+1	-6.882995E+1
6.882295E+1	1.624000E-4	2.070000E-4	1.452349E+1	-6.882295E+1
6.881595E+1	4.540000E-5	9.740000E-5	1.457019E+1	-6.881595E+1
6.880895E+1	-5.260000E-5	-2.040000E-5	1.461689E+1	-6.880895E+1
6.880195E+1	-1.138000E-4	-1.202000E-4	1.466359E+1	-6.880195E+1
6.879495E+1	-1.208000E-4	-1.790000E-4	1.471029E+1	-6.879495E+1
6.878795E+1	-1.358000E-4	-2.500000E-4	1.475699E+1	-6.878795E+1
6.878095E+1	-2.560000E-5	-7.000000E-5	1.480369E+1	-6.878095E+1
6.877395E+1	6.020000E-5	1.034000E-4	1.485039E+1	-6.877395E+1
6.876695E+1	2.338000E-4	2.978000E-4	1.489708E+1	-6.876695E+1
6.875995E+1	4.718000E-4	5.274000E-4	1.494378E+1	-6.875995E+1
6.875295E+1	6.282000E-4	6.698000E-4	1.499048E+1	-6.875295E+1
6.874595E+1	6.632000E-4	7.918000E-4	1.503718E+1	-6.874595E+1
6.873895E+1	6.574000E-4	6.944000E-4	1.508388E+1	-6.873895E+1
6.873195E+1	4.700000E-4	4.992000E-4	1.513058E+1	-6.873195E+1
6.872495E+1	2.308000E-4	2.026000E-4	1.517728E+1	-6.872495E+1
6.871795E+1	-1.198000E-4	-2.498000E-4	1.522398E+1	-6.871795E+1
6.871095E+1	-4.298000E-4	-4.574000E-4	1.527068E+1	-6.871095E+1
6.870395E+1	-5.064000E-4	-5.938000E-4	1.531738E+1	-6.870395E+1
6.869695E+1	-5.786000E-4	-5.680000E-4	1.536408E+1	-6.869695E+1
6.868995E+1	-3.892000E-4	-3.810000E-4	1.541078E+1	-6.868995E+1
6.868295E+1	-1.614000E-4	-9.580000E-5	1.545748E+1	-6.868295E+1
6.867595E+1	-2.460000E-5	1.092000E-4	1.550418E+1	-6.867595E+1
6.866895E+1	1.442000E-4	1.886000E-4	1.555088E+1	-6.866895E+1
6.866195E+1	1.472000E-4	2.380000E-4	1.559757E+1	-6.866195E+1
6.865495E+1	1.074000E-4	1.508000E-4	1.564427E+1	-6.865495E+1
6.864795E+1	-2.600000E-5	-4.180000E-5	1.569097E+1	-6.864795E+1
6.864095E+1	-1.098000E-4	-1.336000E-4	1.573767E+1	-6.864095E+1
6.863395E+1	-1.294000E-4	-1.134000E-4	1.578437E+1	-6.863395E+1
6.862695E+1	-7.560000E-5	-1.372000E-4	1.583107E+1	-6.862695E+1
6.861995E+1	-3.420000E-5	1.520000E-5	1.587777E+1	-6.861995E+1
6.861295E+1	-5.800000E-6	5.560000E-5	1.592447E+1	-6.861295E+1
6.860595E+1	4.160000E-5	5.400000E-5	1.597117E+1	-6.860595E+1
6.859895E+1	3.400000E-6	-9.000000E-6	1.601787E+1	-6.859895E+1
6.859195E+1	-2.000000E-6	1.240000E-5	1.606457E+1	-6.859195E+1
6.858495E+1	5.940000E-5	3.920000E-5	1.611127E+1	-6.858495E+1
6.857795E+1	9.040000E-5	1.500000E-5	1.615797E+1	-6.857795E+1
6.857095E+1	1.352000E-4	8.700000E-5	1.620467E+1	-6.857095E+1
6.856395E+1	1.078000E-4	1.620000E-4	1.625137E+1	-6.856395E+1
6.855695E+1	2.520000E-5	3.540000E-5	1.629807E+1	-6.855695E+1
6.854995E+1	-6.160000E-5	-1.164000E-4	1.634476E+1	-6.854995E+1
6.854295E+1	-1.896000E-4	-1.908000E-4	1.639146E+1	-6.854295E+1
6.853595E+1	-2.698000E-4	-2.338000E-4	1.643816E+1	-6.853595E+1
6.852895E+1	-3.064000E-4	-2.716000E-4	1.648486E+1	-6.852895E+1
6.852195E+1	-2.894000E-4	-2.502000E-4	1.653156E+1	-6.852195E+1
6.851495E+1	-1.774000E-4	-2.384000E-4	1.657826E+1	-6.851495E+1
6.850795E+1	-1.004000E-4	-1.474000E-4	1.662496E+1	-6.850795E+1
6.850095E+1	5.420000E-5	4.800000E-5	1.667166E+1	-6.850095E+1
6.849395E+1	1.660000E-4	1.320000E-4	1.671836E+1	-6.849395E+1
6.848695E+1	2.244000E-4	2.624000E-4	1.676506E+1	-6.848695E+1
6.847995E+1	2.952000E-4	3.276000E-4	1.681176E+1	-6.847995E+1
6.847295E+1	3.354000E-4	3.156000E-4	1.685846E+1	-6.847295E+1
6.846595E+1	2.970000E-4	2.804000E-4	1.690516E+1	-6.846595E+1
6.845895E+1	1.550000E-4	2.390000E-4	1.695185E+1	-6.845895E+1
6.845195E+1	-5.660000E-5	1.260000E-5	1.699855E+1	-6.845195E+1
6.844495E+1	-2.450000E-4	-2.492000E-4	1.704525E+1	-6.844495E+1
6.843795E+1	-4.422000E-4	-3.806000E-4	1.709195E+1	-6.843795E+1
6.843095E+1	-5.558000E-4	-4.886000E-4	1.713865E+1	-6.843095E+1
6.842395E+1	-5.060000E-4	-4.722000E-4	1.718535E+1	-6.842395E+1
6.841695E+1	-3.852000E-4	-3.228000E-4	1.723205E+1	-6.841695E+1
6.840995E+1	-1.706000E-4	-1.898000E-4	1.727875E+1	-6.840995E+1
6.840295E+1	1.116000E-4	4.420000E-5	1.732545E+1	-6.840295E+1
6.839595E+1	2.522000E-4	3.254000E-4	1.737215E+1	-6.839595E+1
6.838895E+1	2.946000E-4	3.726000E-4	1.741885E+1	-6.838895E+1
6.838195E+1	2.556000E-4	3.270000E-4	1.746555E+1	-6.838195E+1
6.837495E+1	1.474000E-4	1.862000E-4	1.751225E+1	-6.837495E+1
6.836795E+1	4.580000E-5	4.560000E-5	1.755895E+1	-6.836795E+1
6.836095E+1	-1.112000E-4	-7.340000E-5	1.760565E+1	-6.836095E+1
6.835395E+1	-1.762000E-4	-1.974000E-4	1.765235E+1	-6.835395E+1
6.834695E+1	-2.194000E-4	-2.682000E-4	1.769904E+1	-6.834695E+1
6.833995E+1	-1.418000E-4	-1.480000E-4	1.774574E+1	-6.833995E+1
6.833295E+1	-4.180000E-5	-6.300000E-5	1.779244E+1	-6.833295E+1
6.832595E+1	7.420000E-5	-3.340000E-5	1.783914E+1	-6.832595E+1
6.831895E+1	1.840000E-5	3.100000E-5	1.788584E+1	-6.831895E+1
6.831195E+1	-8.000000E-7	-1.080000E-5	1.793254E+1	-6.831195E+1
6.830495E+1	-1.000000E-4	-1.248000E-4	1.797924E+1	-6.830495E+1
6.829795E+1	-1.198000E-4	-6.360000E-5	1.802594E+1	-6.829795E+1
6.829095E+1	-1.920000E-5	-1.086000E-4	1.807264E+1	-6.829095E+1
6.828395E+1	-2.740000E-5	-5.540000E-5	1.811934E+1	-6.828395E+1
6.827695E+1	6.520000E-5	1.186000E-4	1.816604E+1	-6.827695E+1
6.826995E+1	5.420000E-5	7.100000E-5	1.821274E+1	-6.826995E+1
6.826295E+1	1.180000E-5	8.640000E-5	1.825944E+1	-6.826295E+1
6.825595E+1	-2.700000E-5	-2.800000E-6	1.830614E+1	-6.825595E+1
6.824895E+1	-1.364000E-4	-1.256000E-4	1.835283E+1	-6.824895E+1
6.824195E+1	-1.848000E-4	-1.530000E-4	1.839953E+1	-6.824195E+1
6.823495E+1	-1.508000E-4	-1.826000E-4	1.844623E+1	-6.823495E+1
6.822795E+1	-8.660000E-5	-7.480000E-5	1.849293E+1	-6.822795E+1
6.822095E+1	5.360000E-5	1.900000E-5	1.853963E+1	-6.822095E+1
6.821395E+1	1.464000E-4	9.960000E-5	1.858633E+1	-6.821395E+1
6.820695E+1	1.352000E-4	7.960000E-5	1.863303E+1	-6.820695E+1
6.819995E+1	-2.980000E-5	-1.200000E-4	1.867973E+1	-6.819995E+1
6.819295E+1	-2.726000E-4	-2.830000E-4	1.872643E+1	-6.819295E+1
6.818595E+1	-4.220000E-4	-4.742000E-4	1.877313E+1	-6.818595E+1
6.817895E+1	-4.952000E-4	-5.146000E-4	1.881983E+1	-6.817895E+1
6.817195E+1	-3.850000E-4	-4.384000E-4	1.886653E+1	-6.817195E+1
6.816495E+1	-2.012000E-4	-2.276000E-4	1.891323E+1	-6.816495E+1
6.815795E+1	-4.860000E-5	3.480000E-5	1.895993E+1	-6.815795E+1
6.815095E+1	1.036000E-4	1.656000E-4	1.900663E+1	-6.815095E+1
6.814395E+1	1.750000E-4	1.554000E-4	1.905332E+1	-6.814395E+1
6.813695E+1	1.532000E-4	2.710000E-4	1.910002E+1	-6.813695E+1
6.812995E+1	1.022000E-4	2.328000E-4	1.914672E+1	-6.812995E+1
6.812295E+1	1.392000E-4	1.600000E-4	1.919342E+1	-6.812295E+1
6.811595E+1	1.014000E-4	1.538000E-4	1.924012E+1	-6.811595E+1
6.810895E+1	9.560000E-5	1.562000E-4	1.928682E+1	-6.810895E+1
6.810195E+1	2.940000E-5	8.360000E-5	1.933352E+1	-6.810195E+1
6.809495E+1	5.940000E-5	1.680000E-5	1.938022E+1	-6.809495E+1
6.808795E+1	1.360000E-5	1.980000E-5	1.942692E+1	-6.808795E+1
6.808095E+1	9.000000E-6	-7.600000E-6	1.947362E+1	-6.808095E+1
6.807395E+1	8.480000E-5	5.040000E-5	1.952032E+1	-6.807395E+1
6.806695E+1	8.940000E-5	6.320000E-5	1.956702E+1	-6.806695E+1
6.805995E+1	9.560000E-5	1.400000E-4	1.961372E+1	-6.805995E+1
6.805295E+1	2.630000E-4	2.120000E-4	1.966042E+1	-6.805295E+1
6.804595E+1	2.420000E-4	2.456000E-4	1.970712E+1	-6.804595E+1
6.803895E+1	2.202000E-4	2.214000E-4	1.975381E+1	-6.803895E+1
6.803195E+1	1.258000E-4	8.180000E-5	1.980051E+1	-6.803195E+1
6.802495E+1	5.600000E-6	5.760000E-5	1.984721E+1	-6.802495E+1
6.801795E+1	-1.536000E-4	-1.104000E-4	1.989391E+1	-6.801795E+1
6.801095E+1	-1.924000E-4	-1.622000E-4	1.994061E+1	-6.801095E+1
6.800395E+1	-6.640000E-5	-1.782000E-4	1.998731E+1	-6.800395E+1
6.799695E+1	-8.280000E-5	-3.760000E-5	2.003401E+1	-6.799695E+1
6.798995E+1	-2.420000E-5	-2.600000E-6	2.008071E+1	-6.798995E+1
6.798295E+1	4.800000E-6	4.940000E-5	2.012741E+1	-6.798295E+1
6.797595E+1	5.600000E-5	4.760000E-5	2.017411E+1	-6.797595E+1
6.796895E+1	3.960000E-5	5.760000E-5	2.022081E+1	-6.796895E+1
6.796195E+1	-2.560000E-5	-5.600000E-5	2.026751E+1	-6.796195E+1
6.795495E+1	-3.660000E-5	1.400000E-6	2.031421E+1	-6.795495E+1
6.794795E+1	2.540000E-5	6.200000E-5	2.036091E+1	-6.794795E+1
6.794095E+1	1.466000E-4	1.266000E-4	2.040760E+1	-6.794095E+1
6.793395E+1	1.492000E-4	2.348000E-4	2.045430E+1	-6.793395E+1
6.792695E+1	2.460000E-4	2.484000E-4	2.050100E+1	-6.792695E+1
6.791995E+1	1.330000E-4	1.484000E-4	2.054770E+1	-6.791995E+1
6.791295E+1	1.480000E-5	4.440000E-5	2.059440E+1	-6.791295E+1
6.790595E+1	-9.860000E-5	-1.382000E-4	2.064110E+1	-6.790595E+1
