2.149999E+1	1.480000E-5	6.671332E-5
2.149999E+1	-4.500000E-6	6.671332E-5
2.149300E+1	-2.005000E-5	4.669933E-2
2.148599E+1	-8.350000E-6	9.346537E-2
2.147900E+1	-1.630000E-5	1.400980E-1
2.147199E+1	1.940000E-5	1.868640E-1
2.146500E+1	1.400000E-6	2.334966E-1
2.145797E+1	-1.820000E-5	2.803961E-1
2.145100E+1	-1.495000E-5	3.268953E-1
2.144399E+1	-5.650000E-6	3.736613E-1
2.143698E+1	9.000000E-7	4.204274E-1
2.142992E+1	-1.600000E-5	4.675269E-1
2.142298E+1	-2.070000E-5	5.138260E-1
2.141599E+1	-1.525000E-5	5.604586E-1
2.140900E+1	-2.505000E-5	6.070912E-1
2.140199E+1	-4.700000E-6	6.538573E-1
2.139500E+1	-1.530000E-5	7.004899E-1
2.138795E+1	-1.410000E-5	7.475228E-1
2.138098E+1	4.658681E-22	7.940220E-1
2.137397E+1	2.400000E-6	8.407880E-1
2.136700E+1	-1.790000E-5	8.872872E-1
2.135997E+1	-1.705000E-5	9.341866E-1
2.135300E+1	-5.950000E-6	9.806858E-1
2.134597E+1	-1.705000E-5	1.027585E+0
2.133898E+1	-4.950000E-6	1.074218E+0
2.133199E+1	1.410000E-5	1.120851E+0
2.132500E+1	-6.620000E-5	1.167483E+0
2.131797E+1	-1.930000E-5	1.214383E+0
2.131100E+1	-7.500000E-6	1.260882E+0
2.130399E+1	1.325000E-5	1.307648E+0
2.129698E+1	1.080000E-5	1.354414E+0
2.128997E+1	-2.450000E-5	1.401180E+0
2.128300E+1	-3.550000E-6	1.447679E+0
2.127599E+1	6.800000E-6	1.494445E+0
2.126898E+1	-4.645000E-5	1.541211E+0
2.126197E+1	-7.100000E-6	1.587977E+0
2.125500E+1	-9.400000E-6	1.634476E+0
2.124797E+1	-1.455000E-5	1.681376E+0
2.124100E+1	-2.000000E-5	1.727875E+0
2.123397E+1	-1.270000E-5	1.774775E+0
2.122698E+1	4.500000E-6	1.821407E+0
2.121999E+1	-2.340000E-5	1.868040E+0
2.121300E+1	-2.340000E-5	1.914672E+0
2.120597E+1	-1.670000E-5	1.961572E+0
2.119900E+1	-4.000000E-6	2.008071E+0
2.119197E+1	-3.735000E-5	2.054971E+0
2.118500E+1	-1.310000E-5	2.101470E+0
2.117799E+1	-2.045000E-5	2.148236E+0
2.117098E+1	-3.355000E-5	2.195002E+0
2.116399E+1	-1.395000E-5	2.241634E+0
2.115700E+1	-1.970000E-5	2.288267E+0
2.114999E+1	-1.285000E-5	2.335033E+0
2.114300E+1	-2.945000E-5	2.381665E+0
2.113597E+1	-3.245000E-5	2.428565E+0
2.112898E+1	-4.065000E-5	2.475198E+0
2.112199E+1	-4.645000E-5	2.521830E+0
2.111499E+1	-6.035000E-5	2.568530E+0
2.110799E+1	-5.375000E-5	2.615229E+0
2.110098E+1	-5.810000E-5	2.661995E+0
2.109397E+1	-6.255000E-5	2.708761E+0
2.108699E+1	-2.270000E-5	2.755327E+0
2.107999E+1	1.600000E-5	2.802026E+0
2.107298E+1	1.985000E-5	2.848792E+0
2.106599E+1	8.690000E-5	2.895425E+0
2.105898E+1	1.397500E-4	2.942191E+0
2.105198E+1	1.473000E-4	2.988890E+0
2.104498E+1	1.522000E-4	3.035589E+0
2.103797E+1	1.120000E-4	3.082355E+0
2.103098E+1	4.850000E-5	3.128988E+0
2.102397E+1	3.400000E-6	3.175754E+0
2.101699E+1	-4.160000E-5	3.222320E+0
2.100998E+1	-7.165000E-5	3.269086E+0
2.100298E+1	-6.220000E-5	3.315785E+0
2.099598E+1	-6.450000E-5	3.362485E+0
2.098897E+1	-9.215000E-5	3.409251E+0
2.098198E+1	-7.130000E-5	3.455884E+0
2.097499E+1	-5.005000E-5	3.502516E+0
2.096800E+1	-3.515000E-5	3.549149E+0
2.096099E+1	-2.630000E-5	3.595915E+0
2.095398E+1	-3.290000E-5	3.642681E+0
2.094696E+1	-4.040000E-5	3.689513E+0
2.093998E+1	-6.350000E-6	3.736079E+0
2.093299E+1	-1.255000E-5	3.782712E+0
2.092598E+1	6.250000E-6	3.829478E+0
2.091899E+1	6.350000E-6	3.876111E+0
2.091198E+1	-7.150000E-6	3.922877E+0
2.090499E+1	-2.160000E-5	3.969509E+0
2.089798E+1	-2.125000E-5	4.016275E+0
2.089099E+1	-2.335000E-5	4.062908E+0
2.088400E+1	-1.410000E-5	4.109540E+0
2.087697E+1	-1.640000E-5	4.156440E+0
2.087000E+1	-8.950000E-6	4.202939E+0
2.086299E+1	-1.685000E-5	4.249705E+0
2.085600E+1	-2.495000E-5	4.296338E+0
2.084896E+1	-5.450000E-6	4.343304E+0
2.084200E+1	2.150000E-5	4.389737E+0
2.083499E+1	-1.475000E-5	4.436502E+0
2.082798E+1	-2.540000E-5	4.483269E+0
2.082099E+1	1.900000E-6	4.529901E+0
2.081398E+1	-1.180000E-5	4.576667E+0
2.080699E+1	-3.050000E-5	4.623300E+0
2.080000E+1	-2.930000E-5	4.669932E+0
2.079299E+1	-3.200000E-5	4.716699E+0
2.078600E+1	-1.260000E-5	4.763331E+0
2.077899E+1	-2.705000E-5	4.810097E+0
2.077200E+1	-2.445000E-5	4.856730E+0
2.076499E+1	4.350000E-6	4.903496E+0
2.075798E+1	-7.000000E-6	4.950262E+0
2.075099E+1	-1.555000E-5	4.996894E+0
2.074398E+1	-2.100000E-6	5.043661E+0
2.073697E+1	-9.000000E-6	5.090426E+0
2.072996E+1	1.000000E-7	5.137193E+0
2.072299E+1	-1.850000E-6	5.183692E+0
2.071600E+1	-2.180000E-5	5.230324E+0
2.070899E+1	-1.610000E-5	5.277091E+0
2.070198E+1	-2.265000E-5	5.323856E+0
2.069499E+1	-3.215000E-5	5.370489E+0
2.068794E+1	-2.315000E-5	5.417522E+0
2.068097E+1	-2.115000E-5	5.464021E+0
2.067400E+1	-1.650000E-5	5.510520E+0
2.066697E+1	-5.500000E-6	5.557420E+0
2.065996E+1	-1.565000E-5	5.604186E+0
2.065299E+1	-5.000000E-7	5.650685E+0
2.064600E+1	-1.250000E-5	5.697318E+0
2.063899E+1	-2.170000E-5	5.744084E+0
2.063200E+1	-1.180000E-5	5.790716E+0
2.062497E+1	-2.865000E-5	5.837616E+0
2.061800E+1	-1.725000E-5	5.884115E+0
2.061099E+1	-1.500000E-7	5.930881E+0
2.060400E+1	-5.300000E-6	5.977514E+0
