2.150001E+1	3.733334E-5	-6.671332E-5
2.149999E+1	8.500000E-6	6.671332E-5
2.149498E+1	3.200000E-6	3.349009E-2
2.148997E+1	1.600000E-6	6.691346E-2
2.148497E+1	1.760000E-5	1.002701E-1
2.147999E+1	-4.633333E-6	1.334933E-1
2.147498E+1	4.366667E-6	1.669167E-1
2.146997E+1	5.400000E-6	2.003401E-1
2.146500E+1	-4.466667E-6	2.334966E-1
2.145999E+1	1.070000E-5	2.669200E-1
2.145496E+1	2.966667E-6	3.004768E-1
2.144999E+1	-5.400000E-6	3.336333E-1
2.144496E+1	8.500000E-6	3.671901E-1
2.143997E+1	1.893333E-5	4.004801E-1
2.143498E+1	1.810000E-5	4.337700E-1
2.142999E+1	2.576667E-5	4.670600E-1
2.142498E+1	7.233333E-6	5.004833E-1
2.141999E+1	2.293333E-5	5.337733E-1
2.141500E+1	2.596667E-5	5.670632E-1
2.140999E+1	1.920000E-5	6.004866E-1
2.140498E+1	-2.000000E-6	6.339100E-1
2.139999E+1	2.146667E-5	6.671999E-1
2.139500E+1	1.870000E-5	7.004899E-1
2.138997E+1	-1.526667E-5	7.340467E-1
2.138500E+1	2.663333E-5	7.672032E-1
2.137997E+1	1.676667E-5	8.007600E-1
2.137500E+1	1.126667E-5	8.339165E-1
2.136997E+1	-9.833333E-6	8.674733E-1
2.136498E+1	1.616667E-5	9.007633E-1
2.135999E+1	2.226667E-5	9.340532E-1
2.135500E+1	-8.400000E-6	9.673432E-1
2.134997E+1	2.293333E-5	1.000900E+0
2.134500E+1	7.266667E-6	1.034056E+0
2.133999E+1	-3.633333E-6	1.067480E+0
2.133500E+1	-8.666667E-7	1.100770E+0
2.132999E+1	1.666667E-7	1.134193E+0
2.132496E+1	1.156667E-5	1.167750E+0
2.131999E+1	4.693333E-5	1.200907E+0
2.131500E+1	-6.000000E-7	1.234196E+0
2.130995E+1	9.500000E-6	1.267887E+0
2.130500E+1	8.300000E-6	1.300910E+0
2.129999E+1	1.446667E-5	1.334333E+0
2.129498E+1	-3.800000E-6	1.367756E+0
2.128997E+1	-5.433333E-6	1.401180E+0
2.128500E+1	8.400000E-6	1.434336E+0
2.127999E+1	8.566667E-6	1.467760E+0
2.127496E+1	2.553333E-5	1.501317E+0
2.126999E+1	6.666667E-8	1.534473E+0
2.126496E+1	-1.766667E-6	1.568030E+0
2.125999E+1	1.143333E-5	1.601186E+0
2.125500E+1	1.240000E-5	1.634476E+0
2.124993E+1	2.863333E-5	1.668300E+0
2.124500E+1	3.000000E-6	1.701190E+0
2.123999E+1	7.700000E-6	1.734613E+0
2.123500E+1	3.500000E-6	1.767903E+0
2.122997E+1	9.400000E-6	1.801460E+0
2.122500E+1	1.270000E-5	1.834616E+0
2.121995E+1	-2.233333E-6	1.868307E+0
2.121498E+1	8.100000E-6	1.901463E+0
2.120999E+1	1.113333E-5	1.934753E+0
2.120496E+1	1.290000E-5	1.968310E+0
2.119997E+1	3.666667E-7	2.001600E+0
2.119498E+1	1.570000E-5	2.034890E+0
2.118999E+1	1.133333E-5	2.068180E+0
2.118500E+1	1.306667E-5	2.101470E+0
2.117995E+1	3.346667E-5	2.135160E+0
2.117498E+1	1.246667E-5	2.168316E+0
2.116995E+1	2.153333E-5	2.201873E+0
2.116496E+1	9.833333E-6	2.235163E+0
2.115999E+1	3.200000E-6	2.268320E+0
2.115498E+1	1.216667E-5	2.301743E+0
2.114997E+1	1.253333E-5	2.335166E+0
2.114500E+1	-7.366667E-6	2.368323E+0
2.113999E+1	-5.700000E-6	2.401746E+0
2.113498E+1	2.343333E-5	2.435170E+0
2.112997E+1	1.810000E-5	2.468593E+0
2.112499E+1	1.866667E-6	2.501816E+0
2.111995E+1	-1.360000E-5	2.535440E+0
2.111499E+1	2.046667E-5	2.568530E+0
2.110999E+1	-7.033334E-6	2.601886E+0
2.110498E+1	1.516667E-5	2.635310E+0
2.109999E+1	1.840000E-5	2.668600E+0
2.109498E+1	1.383333E-5	2.702023E+0
2.108999E+1	4.566667E-6	2.735313E+0
2.108499E+1	2.400000E-5	2.768670E+0
2.107997E+1	3.386667E-5	2.802160E+0
2.107496E+1	8.300000E-6	2.835583E+0
2.106995E+1	2.223333E-5	2.869006E+0
2.106499E+1	4.966667E-6	2.902096E+0
2.105995E+1	-3.433333E-6	2.935720E+0
2.105499E+1	2.566667E-6	2.968810E+0
2.104995E+1	-2.533333E-5	3.002433E+0
2.104499E+1	-1.040000E-5	3.035523E+0
2.103998E+1	-3.823333E-5	3.068946E+0
2.103496E+1	-4.780000E-5	3.102436E+0
2.102995E+1	-3.043333E-5	3.135860E+0
2.102496E+1	-1.600000E-5	3.169150E+0
2.101998E+1	-4.563333E-5	3.202373E+0
2.101498E+1	-4.176667E-5	3.235729E+0
2.100998E+1	-1.833333E-5	3.269086E+0
2.100499E+1	1.846667E-5	3.302376E+0
2.099998E+1	8.333333E-6	3.335799E+0
2.099496E+1	1.413333E-5	3.369290E+0
2.098995E+1	4.600000E-5	3.402713E+0
2.098499E+1	3.206667E-5	3.435803E+0
2.097998E+1	2.963333E-5	3.469226E+0
2.097496E+1	5.553333E-5	3.502716E+0
2.096995E+1	4.693333E-5	3.536139E+0
2.096499E+1	3.413333E-5	3.569229E+0
2.095991E+1	5.180000E-5	3.603120E+0
2.095497E+1	1.653333E-5	3.636076E+0
2.094995E+1	1.433333E-5	3.669566E+0
2.094497E+1	5.233333E-6	3.702790E+0
2.093998E+1	1.963333E-5	3.736079E+0
2.093499E+1	1.130000E-5	3.769369E+0
2.092997E+1	1.533333E-5	3.802860E+0
2.092499E+1	-2.000000E-7	3.836083E+0
2.091997E+1	2.410000E-5	3.869573E+0
2.091496E+1	-1.553333E-5	3.902996E+0
2.090998E+1	-3.333333E-7	3.936219E+0
2.090499E+1	-7.000000E-6	3.969509E+0
2.090000E+1	9.633333E-6	4.002800E+0
2.089497E+1	-1.240000E-5	4.036356E+0
2.088996E+1	-1.800000E-6	4.069779E+0
2.088496E+1	1.570000E-5	4.103136E+0
2.087996E+1	1.233333E-6	4.136493E+0
2.087499E+1	-6.933333E-6	4.169649E+0
2.087000E+1	7.333334E-6	4.202939E+0
2.086496E+1	4.466667E-6	4.236563E+0
2.085996E+1	6.366667E-6	4.269919E+0
2.085497E+1	1.183333E-5	4.303209E+0
2.084996E+1	-4.433333E-6	4.336633E+0
2.084499E+1	8.633333E-6	4.369789E+0
2.084000E+1	-1.100000E-6	4.403079E+0
2.083495E+1	1.266667E-5	4.436769E+0
2.083000E+1	1.660000E-5	4.469792E+0
2.082497E+1	2.326667E-5	4.503349E+0
