-1.052001E+2	1.414167E-3	0.000000E+0
-1.052071E+2	1.417750E-3	4.669933E-2
-1.052141E+2	1.419167E-3	9.339865E-2
-1.052211E+2	1.407917E-3	1.400980E-1
-1.052281E+2	1.420917E-3	1.867973E-1
-1.052351E+2	1.417083E-3	2.334966E-1
-1.052421E+2	1.400417E-3	2.801960E-1
-1.052491E+2	1.410750E-3	3.268953E-1
-1.052561E+2	1.413750E-3	3.735946E-1
-1.052631E+2	1.407250E-3	4.202939E-1
-1.052701E+2	1.412333E-3	4.669932E-1
-1.052771E+2	1.418917E-3	5.136926E-1
-1.052841E+2	1.405583E-3	5.603919E-1
-1.052911E+2	1.415250E-3	6.070912E-1
-1.052981E+2	1.426833E-3	6.537905E-1
-1.053051E+2	1.422417E-3	7.004899E-1
-1.053121E+2	1.405417E-3	7.471892E-1
-1.053191E+2	1.421333E-3	7.938885E-1
-1.053261E+2	1.433167E-3	8.405879E-1
-1.053331E+2	1.426667E-3	8.872872E-1
-1.053401E+2	1.415250E-3	9.339865E-1
-1.053471E+2	1.412417E-3	9.806858E-1
-1.053541E+2	1.422000E-3	1.027385E+0
-1.053611E+2	1.422750E-3	1.074085E+0
-1.053681E+2	1.425083E-3	1.120784E+0
-1.053751E+2	1.420500E-3	1.167483E+0
-1.053821E+2	1.418000E-3	1.214182E+0
-1.053891E+2	1.420333E-3	1.260882E+0
-1.053961E+2	1.428583E-3	1.307581E+0
-1.054031E+2	1.409500E-3	1.354280E+0
-1.054101E+2	1.428750E-3	1.400980E+0
-1.054171E+2	1.424500E-3	1.447679E+0
-1.054241E+2	1.434667E-3	1.494378E+0
-1.054311E+2	1.420750E-3	1.541078E+0
-1.054381E+2	1.421750E-3	1.587777E+0
-1.054451E+2	1.437500E-3	1.634476E+0
-1.054521E+2	1.435833E-3	1.681176E+0
-1.054591E+2	1.444333E-3	1.727875E+0
-1.054661E+2	1.446583E-3	1.774574E+0
-1.054731E+2	1.443167E-3	1.821274E+0
-1.054801E+2	1.454750E-3	1.867973E+0
-1.054871E+2	1.446083E-3	1.914672E+0
-1.054941E+2	1.441500E-3	1.961372E+0
-1.055011E+2	1.440500E-3	2.008071E+0
-1.055081E+2	1.434083E-3	2.054770E+0
-1.055151E+2	1.420917E-3	2.101470E+0
-1.055221E+2	1.417583E-3	2.148169E+0
-1.055291E+2	1.412500E-3	2.194868E+0
-1.055361E+2	1.393500E-3	2.241568E+0
-1.055431E+2	1.371250E-3	2.288267E+0
-1.055501E+2	1.370000E-3	2.334966E+0
-1.055571E+2	1.343167E-3	2.381665E+0
-1.055641E+2	1.316083E-3	2.428365E+0
-1.055711E+2	1.303083E-3	2.475064E+0
-1.055781E+2	1.284583E-3	2.521764E+0
-1.055851E+2	1.275083E-3	2.568463E+0
-1.055921E+2	1.263750E-3	2.615162E+0
-1.055991E+2	1.239500E-3	2.661861E+0
-1.056061E+2	1.228500E-3	2.708561E+0
-1.056131E+2	1.223333E-3	2.755260E+0
-1.056201E+2	1.210333E-3	2.801960E+0
-1.056271E+2	1.205583E-3	2.848659E+0
-1.056341E+2	1.175083E-3	2.895358E+0
-1.056411E+2	1.158750E-3	2.942057E+0
-1.056481E+2	1.169917E-3	2.988757E+0
-1.056551E+2	1.126583E-3	3.035456E+0
-1.056621E+2	1.124417E-3	3.082155E+0
-1.056691E+2	1.131333E-3	3.128855E+0
-1.056761E+2	1.109500E-3	3.175554E+0
-1.056831E+2	1.093083E-3	3.222253E+0
-1.056901E+2	1.106417E-3	3.268953E+0
-1.056971E+2	1.083167E-3	3.315652E+0
-1.057041E+2	1.057417E-3	3.362351E+0
-1.057111E+2	1.064833E-3	3.409051E+0
-1.057181E+2	1.056417E-3	3.455750E+0
-1.057251E+2	1.039167E-3	3.502449E+0
-1.057321E+2	1.036000E-3	3.549149E+0
-1.057391E+2	1.015500E-3	3.595848E+0
-1.057461E+2	1.012667E-3	3.642547E+0
-1.057531E+2	1.012750E-3	3.689247E+0
-1.057601E+2	1.003250E-3	3.735946E+0
-1.057671E+2	9.800000E-4	3.782645E+0
-1.057741E+2	9.737500E-4	3.829345E+0
-1.057811E+2	9.755000E-4	3.876044E+0
-1.057881E+2	9.607500E-4	3.922743E+0
-1.057951E+2	9.499167E-4	3.969443E+0
-1.058021E+2	9.355000E-4	4.016142E+0
-1.058091E+2	9.427500E-4	4.062841E+0
-1.058161E+2	9.330000E-4	4.109540E+0
-1.058231E+2	9.054167E-4	4.156240E+0
-1.058301E+2	9.173334E-4	4.202939E+0
-1.058371E+2	8.896667E-4	4.249639E+0
-1.058441E+2	8.977500E-4	4.296338E+0
-1.058511E+2	8.892500E-4	4.343037E+0
-1.058581E+2	8.929167E-4	4.389737E+0
-1.058651E+2	8.905000E-4	4.436436E+0
-1.058721E+2	8.677500E-4	4.483135E+0
-1.058791E+2	8.675833E-4	4.529835E+0
-1.058861E+2	8.580833E-4	4.576534E+0
-1.058931E+2	8.426667E-4	4.623233E+0
-1.059001E+2	8.435833E-4	4.669932E+0
-1.059071E+2	8.542500E-4	4.716632E+0
-1.059141E+2	8.435833E-4	4.763331E+0
-1.059211E+2	8.311667E-4	4.810030E+0
-1.059281E+2	8.305833E-4	4.856730E+0
-1.059351E+2	8.204167E-4	4.903429E+0
-1.059421E+2	8.134167E-4	4.950129E+0
-1.059491E+2	8.086667E-4	4.996828E+0
-1.059561E+2	8.040000E-4	5.043527E+0
-1.059631E+2	8.107500E-4	5.090227E+0
-1.059701E+2	8.056667E-4	5.136926E+0
-1.059771E+2	8.016666E-4	5.183625E+0
-1.059841E+2	7.710833E-4	5.230324E+0
-1.059911E+2	7.894167E-4	5.277024E+0
-1.059981E+2	7.865000E-4	5.323723E+0
-1.060051E+2	7.637500E-4	5.370422E+0
-1.060121E+2	7.670833E-4	5.417122E+0
-1.060191E+2	7.633333E-4	5.463821E+0
-1.060261E+2	7.547500E-4	5.510520E+0
-1.060331E+2	7.534167E-4	5.557220E+0
-1.060401E+2	7.650834E-4	5.603919E+0
-1.060471E+2	7.539167E-4	5.650619E+0
-1.060541E+2	7.457500E-4	5.697318E+0
-1.060611E+2	7.446667E-4	5.744017E+0
-1.060681E+2	7.349167E-4	5.790716E+0
-1.060751E+2	7.365833E-4	5.837416E+0
-1.060821E+2	7.415000E-4	5.884115E+0
-1.060891E+2	7.350834E-4	5.930814E+0
-1.060961E+2	7.393333E-4	5.977514E+0
-1.061031E+2	7.327500E-4	6.024213E+0
-1.061101E+2	7.134167E-4	6.070912E+0
-1.061171E+2	7.195000E-4	6.117611E+0
-1.061241E+2	7.177500E-4	6.164311E+0
-1.061311E+2	7.095000E-4	6.211010E+0
-1.061381E+2	7.000000E-4	6.257710E+0
-1.061451E+2	7.050000E-4	6.304409E+0
-1.061521E+2	7.054167E-4	6.351108E+0
-1.061591E+2	6.875000E-4	6.397808E+0
-1.061661E+2	6.938333E-4	6.444507E+0
-1.061731E+2	7.079167E-4	6.491206E+0
-1.061801E+2	6.938333E-4	6.537906E+0
-1.061871E+2	6.837500E-4	6.584605E+0
-1.061941E+2	6.878334E-4	6.631304E+0
-1.062011E+2	6.735834E-4	6.678003E+0
-1.062081E+2	6.632500E-4	6.724703E+0
-1.062151E+2	6.757500E-4	6.771402E+0
-1.062221E+2	6.768333E-4	6.818101E+0
-1.062291E+2	6.635000E-4	6.864801E+0
-1.062361E+2	6.593333E-4	6.911500E+0
-1.062431E+2	6.608333E-4	6.958200E+0
-1.062501E+2	6.575834E-4	7.004899E+0
-1.062571E+2	6.525000E-4	7.051598E+0
-1.062641E+2	6.395833E-4	7.098298E+0
-1.062711E+2	6.590000E-4	7.144997E+0
-1.062781E+2	6.479167E-4	7.191696E+0
-1.062851E+2	6.368333E-4	7.238395E+0
-1.062921E+2	6.613333E-4	7.285095E+0
-1.062991E+2	6.421666E-4	7.331794E+0
-1.063061E+2	6.393333E-4	7.378493E+0
-1.063131E+2	6.530000E-4	7.425193E+0
-1.063201E+2	6.395000E-4	7.471892E+0
-1.063271E+2	6.431667E-4	7.518591E+0
-1.063341E+2	6.373333E-4	7.565290E+0
-1.063411E+2	6.385833E-4	7.611990E+0
-1.063481E+2	6.441667E-4	7.658689E+0
-1.063551E+2	6.341666E-4	7.705389E+0
-1.063621E+2	6.370000E-4	7.752088E+0
-1.063691E+2	6.385833E-4	7.798787E+0
-1.063761E+2	6.320833E-4	7.845487E+0
-1.063831E+2	6.200000E-4	7.892186E+0
-1.063901E+2	6.238333E-4	7.938885E+0
-1.063971E+2	6.163333E-4	7.985585E+0
-1.064041E+2	6.295000E-4	8.032284E+0
-1.064111E+2	6.187500E-4	8.078983E+0
-1.064181E+2	5.995000E-4	8.125683E+0
-1.064251E+2	6.278334E-4	8.172382E+0
-1.064321E+2	6.105833E-4	8.219081E+0
-1.064391E+2	6.107500E-4	8.265780E+0
-1.064461E+2	6.034166E-4	8.312480E+0
-1.064531E+2	6.185833E-4	8.359179E+0
-1.064601E+2	5.966667E-4	8.405878E+0
-1.064671E+2	5.962500E-4	8.452578E+0
-1.064741E+2	5.948333E-4	8.499277E+0
-1.064811E+2	5.945833E-4	8.545977E+0
-1.064881E+2	6.014167E-4	8.592676E+0
-1.064951E+2	5.966667E-4	8.639375E+0
-1.065021E+2	5.970000E-4	8.686074E+0
-1.065091E+2	5.990833E-4	8.732774E+0
-1.065161E+2	6.010833E-4	8.779473E+0
-1.065231E+2	5.880000E-4	8.826173E+0
-1.065301E+2	5.918333E-4	8.872871E+0
-1.065371E+2	5.853333E-4	8.919571E+0
-1.065441E+2	5.872500E-4	8.966270E+0
-1.065511E+2	5.780000E-4	9.012970E+0
-1.065581E+2	5.882500E-4	9.059669E+0
-1.065651E+2	5.685833E-4	9.106368E+0
-1.065721E+2	5.791667E-4	9.153068E+0
-1.065791E+2	5.786667E-4	9.199767E+0
-1.065861E+2	5.660000E-4	9.246467E+0
-1.065931E+2	5.580000E-4	9.293166E+0
-1.066001E+2	5.615833E-4	9.339865E+0
-1.066071E+2	5.746667E-4	9.386564E+0
-1.066141E+2	5.832500E-4	9.433264E+0
-1.066211E+2	5.809166E-4	9.479963E+0
-1.066281E+2	5.613333E-4	9.526662E+0
-1.066351E+2	5.670000E-4	9.573361E+0
-1.066421E+2	5.675833E-4	9.620061E+0
-1.066491E+2	5.772500E-4	9.666760E+0
-1.066561E+2	5.683333E-4	9.713460E+0
-1.066631E+2	5.751667E-4	9.760159E+0
-1.066701E+2	5.680833E-4	9.806858E+0
-1.066771E+2	5.655000E-4	9.853558E+0
-1.066841E+2	5.517500E-4	9.900257E+0
-1.066911E+2	5.515834E-4	9.946957E+0
-1.066981E+2	5.515834E-4	9.993655E+0
-1.067051E+2	5.515834E-4	1.004035E+1
-1.067121E+2	5.568333E-4	1.008705E+1
-1.067191E+2	5.598333E-4	1.013375E+1
-1.067261E+2	5.602500E-4	1.018045E+1
-1.067331E+2	5.471667E-4	1.022715E+1
-1.067401E+2	5.467500E-4	1.027385E+1
-1.067471E+2	5.486667E-4	1.032055E+1
-1.067541E+2	5.599167E-4	1.036725E+1
-1.067611E+2	5.565000E-4	1.041395E+1
-1.067681E+2	5.578334E-4	1.046065E+1
-1.067751E+2	5.479167E-4	1.050735E+1
-1.067821E+2	5.551667E-4	1.055405E+1
-1.067891E+2	5.499166E-4	1.060075E+1
-1.067961E+2	5.642500E-4	1.064745E+1
-1.068031E+2	5.571666E-4	1.069415E+1
-1.068101E+2	5.393333E-4	1.074084E+1
-1.068171E+2	5.513334E-4	1.078754E+1
-1.068241E+2	5.390833E-4	1.083424E+1
-1.068311E+2	5.491666E-4	1.088094E+1
-1.068381E+2	5.442500E-4	1.092764E+1
-1.068451E+2	5.463333E-4	1.097434E+1
-1.068521E+2	5.395833E-4	1.102104E+1
-1.068591E+2	5.470833E-4	1.106774E+1
-1.068661E+2	5.416666E-4	1.111444E+1
-1.068731E+2	5.376667E-4	1.116114E+1
-1.068801E+2	5.302500E-4	1.120784E+1
-1.068871E+2	5.342500E-4	1.125454E+1
-1.068941E+2	5.504166E-4	1.130124E+1
-1.069011E+2	5.419166E-4	1.134794E+1
-1.069081E+2	5.285834E-4	1.139464E+1
-1.069151E+2	5.389167E-4	1.144133E+1
-1.069221E+2	5.242500E-4	1.148803E+1
-1.069291E+2	5.557500E-4	1.153473E+1
-1.069361E+2	5.300000E-4	1.158143E+1
-1.069431E+2	5.338333E-4	1.162813E+1
-1.069501E+2	5.358334E-4	1.167483E+1
-1.069571E+2	5.358334E-4	1.172153E+1
-1.069641E+2	5.608333E-4	1.176823E+1
-1.069711E+2	5.378333E-4	1.181493E+1
-1.069781E+2	5.400000E-4	1.186163E+1
-1.069851E+2	5.225000E-4	1.190833E+1
