-1.052001E+2	7.053333E-4	0.000000E+0
-1.052071E+2	7.156667E-4	4.669933E-2
-1.052141E+2	7.175000E-4	9.339865E-2
-1.052211E+2	7.235000E-4	1.400980E-1
-1.052281E+2	7.109166E-4	1.867973E-1
-1.052351E+2	7.130000E-4	2.334966E-1
-1.052421E+2	7.126667E-4	2.801960E-1
-1.052491E+2	7.042500E-4	3.268953E-1
-1.052561E+2	7.063333E-4	3.735946E-1
-1.052631E+2	7.050000E-4	4.202939E-1
-1.052701E+2	7.009167E-4	4.669932E-1
-1.052771E+2	7.117500E-4	5.136926E-1
-1.052841E+2	7.051667E-4	5.603919E-1
-1.052911E+2	7.032500E-4	6.070912E-1
-1.052981E+2	7.076667E-4	6.537905E-1
-1.053051E+2	7.020833E-4	7.004899E-1
-1.053121E+2	7.058333E-4	7.471892E-1
-1.053191E+2	7.011667E-4	7.938885E-1
-1.053261E+2	7.062500E-4	8.405879E-1
-1.053331E+2	7.139167E-4	8.872872E-1
-1.053401E+2	7.065833E-4	9.339865E-1
-1.053471E+2	7.061667E-4	9.806858E-1
-1.053541E+2	7.092500E-4	1.027385E+0
-1.053611E+2	7.077500E-4	1.074085E+0
-1.053681E+2	7.188334E-4	1.120784E+0
-1.053751E+2	7.070000E-4	1.167483E+0
-1.053821E+2	7.065000E-4	1.214182E+0
-1.053891E+2	7.110000E-4	1.260882E+0
-1.053961E+2	7.204167E-4	1.307581E+0
-1.054031E+2	7.253333E-4	1.354280E+0
-1.054101E+2	7.182500E-4	1.400980E+0
-1.054171E+2	7.205833E-4	1.447679E+0
-1.054241E+2	7.231667E-4	1.494378E+0
-1.054311E+2	7.295000E-4	1.541078E+0
-1.054381E+2	7.105834E-4	1.587777E+0
-1.054451E+2	7.063333E-4	1.634476E+0
-1.054521E+2	7.175833E-4	1.681176E+0
-1.054591E+2	7.140000E-4	1.727875E+0
-1.054661E+2	7.140000E-4	1.774574E+0
-1.054731E+2	7.288333E-4	1.821274E+0
-1.054801E+2	7.184166E-4	1.867973E+0
-1.054871E+2	7.205000E-4	1.914672E+0
-1.054941E+2	7.290833E-4	1.961372E+0
-1.055011E+2	7.134167E-4	2.008071E+0
-1.055081E+2	7.189166E-4	2.054770E+0
-1.055151E+2	7.227500E-4	2.101470E+0
-1.055221E+2	7.055833E-4	2.148169E+0
-1.055291E+2	7.067500E-4	2.194868E+0
-1.055361E+2	7.061667E-4	2.241568E+0
-1.055431E+2	7.113334E-4	2.288267E+0
-1.055501E+2	7.155000E-4	2.334966E+0
-1.055571E+2	6.965834E-4	2.381665E+0
-1.055641E+2	6.995000E-4	2.428365E+0
-1.055711E+2	6.948333E-4	2.475064E+0
-1.055781E+2	6.914167E-4	2.521764E+0
-1.055851E+2	6.897500E-4	2.568463E+0
-1.055921E+2	6.934167E-4	2.615162E+0
-1.055991E+2	6.923333E-4	2.661861E+0
-1.056061E+2	6.745000E-4	2.708561E+0
-1.056131E+2	6.749167E-4	2.755260E+0
-1.056201E+2	6.656667E-4	2.801960E+0
-1.056271E+2	6.645833E-4	2.848659E+0
-1.056341E+2	6.638333E-4	2.895358E+0
-1.056411E+2	6.554167E-4	2.942057E+0
-1.056481E+2	6.557500E-4	2.988757E+0
-1.056551E+2	6.474167E-4	3.035456E+0
-1.056621E+2	6.509167E-4	3.082155E+0
-1.056691E+2	6.514167E-4	3.128855E+0
-1.056761E+2	6.438333E-4	3.175554E+0
-1.056831E+2	6.330000E-4	3.222253E+0
-1.056901E+2	6.347500E-4	3.268953E+0
-1.056971E+2	5.995000E-4	3.315652E+0
-1.057041E+2	6.292500E-4	3.362351E+0
-1.057111E+2	6.273334E-4	3.409051E+0
-1.057181E+2	6.247500E-4	3.455750E+0
-1.057251E+2	6.228333E-4	3.502449E+0
-1.057321E+2	6.300000E-4	3.549149E+0
-1.057391E+2	6.307500E-4	3.595848E+0
-1.057461E+2	6.169167E-4	3.642547E+0
-1.057531E+2	6.195834E-4	3.689247E+0
-1.057601E+2	6.229167E-4	3.735946E+0
-1.057671E+2	6.196667E-4	3.782645E+0
-1.057741E+2	6.084167E-4	3.829345E+0
-1.057811E+2	6.013333E-4	3.876044E+0
-1.057881E+2	6.023333E-4	3.922743E+0
-1.057951E+2	5.936667E-4	3.969443E+0
-1.058021E+2	5.970834E-4	4.016142E+0
-1.058091E+2	6.040000E-4	4.062841E+0
-1.058161E+2	5.982500E-4	4.109540E+0
-1.058231E+2	5.950833E-4	4.156240E+0
-1.058301E+2	5.980833E-4	4.202939E+0
-1.058371E+2	5.795833E-4	4.249639E+0
-1.058441E+2	5.932500E-4	4.296338E+0
-1.058511E+2	5.820000E-4	4.343037E+0
-1.058581E+2	5.765833E-4	4.389737E+0
-1.058651E+2	5.684167E-4	4.436436E+0
-1.058721E+2	5.622500E-4	4.483135E+0
-1.058791E+2	5.764167E-4	4.529835E+0
-1.058861E+2	5.671667E-4	4.576534E+0
-1.058931E+2	5.595833E-4	4.623233E+0
-1.059001E+2	5.437500E-4	4.669932E+0
-1.059071E+2	5.685000E-4	4.716632E+0
-1.059141E+2	5.537500E-4	4.763331E+0
-1.059211E+2	5.631667E-4	4.810030E+0
-1.059281E+2	5.684167E-4	4.856730E+0
-1.059351E+2	5.637500E-4	4.903429E+0
-1.059421E+2	5.516667E-4	4.950129E+0
-1.059491E+2	5.440000E-4	4.996828E+0
-1.059561E+2	5.481667E-4	5.043527E+0
-1.059631E+2	5.550833E-4	5.090227E+0
-1.059701E+2	5.445833E-4	5.136926E+0
-1.059771E+2	5.452500E-4	5.183625E+0
-1.059841E+2	5.548333E-4	5.230324E+0
-1.059911E+2	5.440000E-4	5.277024E+0
-1.059981E+2	5.410833E-4	5.323723E+0
-1.060051E+2	5.480833E-4	5.370422E+0
-1.060121E+2	5.250000E-4	5.417122E+0
-1.060191E+2	5.350000E-4	5.463821E+0
-1.060261E+2	5.336667E-4	5.510520E+0
-1.060331E+2	5.395833E-4	5.557220E+0
-1.060401E+2	5.339166E-4	5.603919E+0
-1.060471E+2	5.295833E-4	5.650619E+0
-1.060541E+2	5.218333E-4	5.697318E+0
-1.060611E+2	5.171667E-4	5.744017E+0
-1.060681E+2	5.220833E-4	5.790716E+0
-1.060751E+2	5.314167E-4	5.837416E+0
-1.060821E+2	5.214167E-4	5.884115E+0
-1.060891E+2	5.203334E-4	5.930814E+0
-1.060961E+2	5.060833E-4	5.977514E+0
-1.061031E+2	5.125000E-4	6.024213E+0
-1.061101E+2	5.113333E-4	6.070912E+0
-1.061171E+2	5.150000E-4	6.117611E+0
-1.061241E+2	5.070833E-4	6.164311E+0
-1.061311E+2	5.146667E-4	6.211010E+0
-1.061381E+2	5.106667E-4	6.257710E+0
-1.061451E+2	5.056667E-4	6.304409E+0
-1.061521E+2	5.050834E-4	6.351108E+0
-1.061591E+2	4.932500E-4	6.397808E+0
-1.061661E+2	5.126667E-4	6.444507E+0
-1.061731E+2	5.019167E-4	6.491206E+0
-1.061801E+2	5.068333E-4	6.537906E+0
-1.061871E+2	4.995000E-4	6.584605E+0
-1.061941E+2	5.068333E-4	6.631304E+0
-1.062011E+2	5.086667E-4	6.678003E+0
-1.062081E+2	5.030833E-4	6.724703E+0
-1.062151E+2	5.053334E-4	6.771402E+0
-1.062221E+2	5.005833E-4	6.818101E+0
-1.062291E+2	4.925833E-4	6.864801E+0
-1.062361E+2	4.957500E-4	6.911500E+0
-1.062431E+2	4.945000E-4	6.958200E+0
-1.062501E+2	4.940833E-4	7.004899E+0
-1.062571E+2	4.994167E-4	7.051598E+0
-1.062641E+2	4.974167E-4	7.098298E+0
-1.062711E+2	4.802500E-4	7.144997E+0
-1.062781E+2	4.810000E-4	7.191696E+0
-1.062851E+2	4.754167E-4	7.238395E+0
-1.062921E+2	4.840833E-4	7.285095E+0
-1.062991E+2	4.779167E-4	7.331794E+0
-1.063061E+2	4.844167E-4	7.378493E+0
-1.063131E+2	4.766667E-4	7.425193E+0
-1.063201E+2	4.598333E-4	7.471892E+0
-1.063271E+2	4.711667E-4	7.518591E+0
-1.063341E+2	4.715833E-4	7.565290E+0
-1.063411E+2	4.563333E-4	7.611990E+0
-1.063481E+2	4.630000E-4	7.658689E+0
-1.063551E+2	4.685833E-4	7.705389E+0
-1.063621E+2	4.704167E-4	7.752088E+0
-1.063691E+2	4.629167E-4	7.798787E+0
-1.063761E+2	4.694167E-4	7.845487E+0
-1.063831E+2	4.663333E-4	7.892186E+0
-1.063901E+2	4.756667E-4	7.938885E+0
-1.063971E+2	4.660833E-4	7.985585E+0
-1.064041E+2	4.581667E-4	8.032284E+0
-1.064111E+2	4.581667E-4	8.078983E+0
-1.064181E+2	4.555000E-4	8.125683E+0
-1.064251E+2	4.664167E-4	8.172382E+0
-1.064321E+2	4.679167E-4	8.219081E+0
-1.064391E+2	4.586667E-4	8.265780E+0
-1.064461E+2	4.585833E-4	8.312480E+0
-1.064531E+2	4.414167E-4	8.359179E+0
-1.064601E+2	4.465833E-4	8.405878E+0
-1.064671E+2	4.475000E-4	8.452578E+0
-1.064741E+2	4.624167E-4	8.499277E+0
-1.064811E+2	4.560000E-4	8.545977E+0
-1.064881E+2	4.633333E-4	8.592676E+0
-1.064951E+2	4.505000E-4	8.639375E+0
-1.065021E+2	4.472500E-4	8.686074E+0
-1.065091E+2	4.420833E-4	8.732774E+0
-1.065161E+2	4.407500E-4	8.779473E+0
-1.065231E+2	4.370000E-4	8.826173E+0
-1.065301E+2	4.487500E-4	8.872871E+0
-1.065371E+2	4.584167E-4	8.919571E+0
-1.065441E+2	4.435833E-4	8.966270E+0
-1.065511E+2	4.410000E-4	9.012970E+0
-1.065581E+2	4.418333E-4	9.059669E+0
-1.065651E+2	4.530833E-4	9.106368E+0
-1.065721E+2	4.390000E-4	9.153068E+0
-1.065791E+2	4.435000E-4	9.199767E+0
-1.065861E+2	4.476667E-4	9.246467E+0
-1.065931E+2	4.496667E-4	9.293166E+0
-1.066001E+2	4.438333E-4	9.339865E+0
-1.066071E+2	4.336667E-4	9.386564E+0
-1.066141E+2	4.532500E-4	9.433264E+0
-1.066211E+2	4.440833E-4	9.479963E+0
-1.066281E+2	4.371667E-4	9.526662E+0
-1.066351E+2	4.426667E-4	9.573361E+0
-1.066421E+2	4.360000E-4	9.620061E+0
-1.066491E+2	4.220833E-4	9.666760E+0
-1.066561E+2	4.357500E-4	9.713460E+0
-1.066631E+2	4.307500E-4	9.760159E+0
-1.066701E+2	4.282500E-4	9.806858E+0
-1.066771E+2	4.384167E-4	9.853558E+0
-1.066841E+2	4.241667E-4	9.900257E+0
-1.066911E+2	4.310000E-4	9.946957E+0
-1.066981E+2	4.240833E-4	9.993655E+0
-1.067051E+2	4.293333E-4	1.004035E+1
-1.067121E+2	4.378333E-4	1.008705E+1
-1.067191E+2	4.310833E-4	1.013375E+1
-1.067261E+2	4.058333E-4	1.018045E+1
-1.067331E+2	4.154167E-4	1.022715E+1
-1.067401E+2	4.146667E-4	1.027385E+1
-1.067471E+2	4.125000E-4	1.032055E+1
-1.067541E+2	4.166667E-4	1.036725E+1
-1.067611E+2	4.355000E-4	1.041395E+1
-1.067681E+2	4.327500E-4	1.046065E+1
-1.067751E+2	4.377500E-4	1.050735E+1
-1.067821E+2	4.255833E-4	1.055405E+1
-1.067891E+2	4.150833E-4	1.060075E+1
-1.067961E+2	4.163333E-4	1.064745E+1
-1.068031E+2	4.165833E-4	1.069415E+1
-1.068101E+2	4.150000E-4	1.074084E+1
-1.068171E+2	4.163333E-4	1.078754E+1
-1.068241E+2	4.256667E-4	1.083424E+1
-1.068311E+2	4.172500E-4	1.088094E+1
-1.068381E+2	4.193333E-4	1.092764E+1
-1.068451E+2	4.157500E-4	1.097434E+1
-1.068521E+2	4.166667E-4	1.102104E+1
-1.068591E+2	4.062500E-4	1.106774E+1
-1.068661E+2	4.121667E-4	1.111444E+1
-1.068731E+2	4.196667E-4	1.116114E+1
-1.068801E+2	4.082500E-4	1.120784E+1
-1.068871E+2	4.070000E-4	1.125454E+1
-1.068941E+2	4.025000E-4	1.130124E+1
-1.069011E+2	3.972500E-4	1.134794E+1
-1.069081E+2	4.202500E-4	1.139464E+1
-1.069151E+2	4.021667E-4	1.144133E+1
-1.069221E+2	4.107500E-4	1.148803E+1
-1.069291E+2	4.096667E-4	1.153473E+1
-1.069361E+2	4.120000E-4	1.158143E+1
-1.069431E+2	4.173333E-4	1.162813E+1
-1.069501E+2	4.123333E-4	1.167483E+1
-1.069571E+2	4.131667E-4	1.172153E+1
-1.069641E+2	3.976667E-4	1.176823E+1
-1.069711E+2	4.150833E-4	1.181493E+1
-1.069781E+2	4.028333E-4	1.186163E+1
-1.069851E+2	4.173333E-4	1.190833E+1
