-2.596012E+1	1.530556E-4	0.000000E+0
-2.596712E+1	1.086111E-4	4.669933E-2
-2.597412E+1	1.636111E-4	9.339865E-2
-2.598112E+1	1.519444E-4	1.400980E-1
-2.598812E+1	9.805556E-5	1.867973E-1
-2.599512E+1	1.272222E-4	2.334966E-1
-2.600212E+1	1.191667E-4	2.801960E-1
-2.600912E+1	1.438889E-4	3.268953E-1
-2.601612E+1	1.186111E-4	3.735946E-1
-2.602312E+1	1.430556E-4	4.202939E-1
-2.603012E+1	1.075000E-4	4.669932E-1
-2.603712E+1	1.380556E-4	5.136926E-1
-2.604412E+1	1.375000E-4	5.603919E-1
-2.605112E+1	1.152778E-4	6.070912E-1
-2.605812E+1	1.138889E-4	6.537905E-1
-2.606511E+1	1.344444E-4	7.004899E-1
-2.607211E+1	7.055556E-5	7.471892E-1
-2.607911E+1	8.555556E-5	7.938885E-1
-2.608611E+1	8.194445E-5	8.405879E-1
-2.609311E+1	9.888889E-5	8.872872E-1
-2.610011E+1	1.194444E-4	9.339865E-1
-2.610711E+1	1.058333E-4	9.806858E-1
-2.611411E+1	1.222222E-4	1.027385E+0
-2.612111E+1	1.119444E-4	1.074085E+0
-2.612811E+1	1.208333E-4	1.120784E+0
-2.613511E+1	1.688889E-4	1.167483E+0
-2.614211E+1	1.311111E-4	1.214182E+0
-2.614911E+1	1.019444E-4	1.260882E+0
-2.615611E+1	1.852778E-4	1.307581E+0
-2.616311E+1	1.341667E-4	1.354280E+0
-2.617011E+1	7.805556E-5	1.400980E+0
-2.617711E+1	1.202778E-4	1.447679E+0
-2.618411E+1	1.408333E-4	1.494378E+0
-2.619111E+1	1.452778E-4	1.541078E+0
-2.619811E+1	1.183333E-4	1.587777E+0
-2.620511E+1	9.083333E-5	1.634476E+0
-2.621211E+1	1.208333E-4	1.681176E+0
-2.621911E+1	1.038889E-4	1.727875E+0
-2.622611E+1	1.261111E-4	1.774574E+0
-2.623311E+1	1.383333E-4	1.821274E+0
-2.624011E+1	1.283333E-4	1.867973E+0
-2.624711E+1	1.252778E-4	1.914672E+0
-2.625411E+1	1.358333E-4	1.961372E+0
-2.626111E+1	1.536111E-4	2.008071E+0
-2.626811E+1	1.205556E-4	2.054770E+0
-2.627511E+1	1.183333E-4	2.101470E+0
-2.628212E+1	1.666667E-4	2.148169E+0
-2.628912E+1	1.350000E-4	2.194868E+0
-2.629612E+1	1.597222E-4	2.241568E+0
-2.630312E+1	1.855556E-4	2.288267E+0
-2.631012E+1	1.427778E-4	2.334966E+0
-2.631712E+1	1.375000E-4	2.381665E+0
-2.632412E+1	1.480556E-4	2.428365E+0
-2.633112E+1	1.613889E-4	2.475064E+0
-2.633812E+1	1.213889E-4	2.521764E+0
-2.634512E+1	1.166667E-4	2.568463E+0
-2.635212E+1	1.647222E-4	2.615162E+0
-2.635912E+1	1.277778E-4	2.661861E+0
-2.636612E+1	1.672222E-4	2.708561E+0
-2.637312E+1	1.625000E-4	2.755260E+0
-2.638012E+1	1.058333E-4	2.801960E+0
-2.638712E+1	1.163889E-4	2.848659E+0
-2.639412E+1	2.008333E-4	2.895358E+0
-2.640112E+1	2.041667E-4	2.942057E+0
-2.640812E+1	1.425000E-4	2.988757E+0
-2.641512E+1	1.677778E-4	3.035456E+0
-2.642212E+1	1.600000E-4	3.082155E+0
-2.642912E+1	1.983333E-4	3.128855E+0
-2.643612E+1	2.086111E-4	3.175554E+0
-2.644312E+1	2.088889E-4	3.222253E+0
-2.645012E+1	1.622222E-4	3.268953E+0
-2.645712E+1	1.400000E-4	3.315652E+0
-2.646412E+1	9.222222E-5	3.362351E+0
-2.647112E+1	1.672222E-4	3.409051E+0
-2.647812E+1	1.605556E-4	3.455750E+0
-2.648512E+1	1.177778E-4	3.502449E+0
-2.649212E+1	1.405556E-4	3.549149E+0
-2.649911E+1	8.638889E-5	3.595848E+0
-2.650611E+1	-1.555556E-5	3.642547E+0
-2.651311E+1	-9.250000E-5	3.689247E+0
-2.652011E+1	-2.466667E-4	3.735946E+0
-2.652711E+1	-4.175000E-4	3.782645E+0
-2.653411E+1	-7.533333E-4	3.829345E+0
-2.654111E+1	-1.010833E-3	3.876044E+0
-2.654811E+1	-1.407222E-3	3.922743E+0
-2.655511E+1	-1.955000E-3	3.969443E+0
-2.656211E+1	-2.446111E-3	4.016142E+0
-2.656911E+1	-3.108611E-3	4.062841E+0
-2.657611E+1	-3.776944E-3	4.109540E+0
-2.658311E+1	-4.383333E-3	4.156240E+0
-2.659011E+1	-5.015278E-3	4.202939E+0
-2.659711E+1	-5.410833E-3	4.249639E+0
-2.660411E+1	-5.596389E-3	4.296338E+0
-2.661111E+1	-5.510278E-3	4.343037E+0
-2.661811E+1	-5.130555E-3	4.389737E+0
-2.662511E+1	-4.313889E-3	4.436436E+0
-2.663211E+1	-3.112500E-3	4.483135E+0
-2.663911E+1	-1.638611E-3	4.529835E+0
-2.664611E+1	3.250000E-5	4.576534E+0
-2.665311E+1	1.878889E-3	4.623233E+0
-2.666011E+1	3.663611E-3	4.669932E+0
-2.666711E+1	5.304445E-3	4.716632E+0
-2.667411E+1	6.864444E-3	4.763331E+0
-2.668111E+1	7.947222E-3	4.810030E+0
-2.668811E+1	8.740000E-3	4.856730E+0
-2.669511E+1	9.058611E-3	4.903429E+0
-2.670211E+1	9.025555E-3	4.950129E+0
-2.670911E+1	8.620833E-3	4.996828E+0
-2.671612E+1	8.012222E-3	5.043527E+0
-2.672312E+1	7.121111E-3	5.090227E+0
-2.673012E+1	6.036667E-3	5.136926E+0
-2.673712E+1	4.826667E-3	5.183625E+0
-2.674412E+1	3.679167E-3	5.230324E+0
-2.675112E+1	2.504722E-3	5.277024E+0
-2.675812E+1	1.508889E-3	5.323723E+0
-2.676512E+1	5.994444E-4	5.370422E+0
-2.677212E+1	-2.094444E-4	5.417122E+0
-2.677912E+1	-8.944445E-4	5.463821E+0
-2.678612E+1	-1.417778E-3	5.510520E+0
-2.679312E+1	-1.787222E-3	5.557220E+0
-2.680012E+1	-2.057778E-3	5.603919E+0
-2.680712E+1	-2.185278E-3	5.650619E+0
-2.681412E+1	-2.270278E-3	5.697318E+0
-2.682112E+1	-2.284722E-3	5.744017E+0
-2.682812E+1	-2.206667E-3	5.790716E+0
-2.683512E+1	-2.063333E-3	5.837416E+0
-2.684212E+1	-1.903889E-3	5.884115E+0
-2.684912E+1	-1.695000E-3	5.930814E+0
-2.685612E+1	-1.405000E-3	5.977514E+0
-2.686312E+1	-1.173055E-3	6.024213E+0
-2.687012E+1	-9.008333E-4	6.070912E+0
-2.687712E+1	-7.352778E-4	6.117611E+0
-2.688412E+1	-5.952778E-4	6.164311E+0
-2.689112E+1	-4.636111E-4	6.211010E+0
-2.689812E+1	-4.736111E-4	6.257710E+0
-2.690512E+1	-5.794445E-4	6.304409E+0
-2.691212E+1	-5.944445E-4	6.351108E+0
-2.691912E+1	-7.197222E-4	6.397808E+0
-2.692612E+1	-8.241667E-4	6.444507E+0
-2.693312E+1	-8.827778E-4	6.491206E+0
-2.694011E+1	-8.675000E-4	6.537906E+0
-2.694711E+1	-9.483334E-4	6.584605E+0
-2.695411E+1	-8.863889E-4	6.631304E+0
-2.696111E+1	-7.786111E-4	6.678003E+0
-2.696811E+1	-6.208333E-4	6.724703E+0
-2.697511E+1	-5.105556E-4	6.771402E+0
-2.698211E+1	-2.891667E-4	6.818101E+0
-2.698911E+1	-1.738889E-4	6.864801E+0
-2.699611E+1	-3.444445E-5	6.911500E+0
-2.700311E+1	5.805556E-5	6.958200E+0
-2.701011E+1	9.944444E-5	7.004899E+0
-2.701711E+1	1.941667E-4	7.051598E+0
-2.702411E+1	2.069444E-4	7.098298E+0
-2.703111E+1	1.827778E-4	7.144997E+0
-2.703811E+1	1.686111E-4	7.191696E+0
-2.704511E+1	8.833333E-5	7.238395E+0
-2.705211E+1	-1.027778E-5	7.285095E+0
-2.705911E+1	-8.638889E-5	7.331794E+0
-2.706611E+1	-1.672222E-4	7.378493E+0
-2.707311E+1	-1.638889E-4	7.425193E+0
-2.708011E+1	-1.911111E-4	7.471892E+0
-2.708711E+1	-2.386111E-4	7.518591E+0
-2.709411E+1	-2.066667E-4	7.565290E+0
-2.710111E+1	-2.102778E-4	7.611990E+0
-2.710811E+1	-1.563889E-4	7.658689E+0
-2.711511E+1	-1.055556E-5	7.705389E+0
-2.712211E+1	6.111111E-5	7.752088E+0
-2.712911E+1	2.000000E-4	7.798787E+0
-2.713611E+1	3.369444E-4	7.845487E+0
-2.714311E+1	4.455555E-4	7.892186E+0
-2.715011E+1	5.038889E-4	7.938885E+0
-2.715712E+1	4.805556E-4	7.985585E+0
-2.716412E+1	4.405556E-4	8.032284E+0
-2.717112E+1	3.822222E-4	8.078983E+0
-2.717812E+1	2.850000E-4	8.125683E+0
-2.718512E+1	1.600000E-4	8.172382E+0
-2.719212E+1	2.333333E-5	8.219081E+0
-2.719912E+1	-9.361111E-5	8.265780E+0
-2.720612E+1	-1.680556E-4	8.312480E+0
-2.721312E+1	-2.355556E-4	8.359179E+0
-2.722012E+1	-2.208333E-4	8.405878E+0
-2.722712E+1	-1.952778E-4	8.452578E+0
-2.723412E+1	-1.955555E-4	8.499277E+0
-2.724112E+1	-1.483333E-4	8.545977E+0
-2.724812E+1	-4.416667E-5	8.592676E+0
-2.725512E+1	1.833333E-5	8.639375E+0
-2.726212E+1	2.527778E-5	8.686074E+0
-2.726912E+1	5.472222E-5	8.732774E+0
-2.727612E+1	6.472222E-5	8.779473E+0
-2.728312E+1	7.000000E-5	8.826173E+0
-2.729012E+1	4.388889E-5	8.872871E+0
-2.729712E+1	2.277778E-5	8.919571E+0
-2.730412E+1	3.333333E-6	8.966270E+0
-2.731112E+1	-2.083333E-5	9.012970E+0
-2.731812E+1	-1.638889E-5	9.059669E+0
-2.732512E+1	3.472222E-5	9.106368E+0
-2.733212E+1	1.061111E-4	9.153068E+0
-2.733912E+1	1.116667E-4	9.199767E+0
-2.734612E+1	2.227778E-4	9.246467E+0
-2.735312E+1	3.352778E-4	9.293166E+0
-2.736012E+1	3.386111E-4	9.339865E+0
-2.736712E+1	4.408333E-4	9.386564E+0
-2.737411E+1	5.369444E-4	9.433264E+0
-2.738111E+1	5.747222E-4	9.479963E+0
-2.738811E+1	6.383333E-4	9.526662E+0
-2.739511E+1	7.227778E-4	9.573361E+0
-2.740211E+1	7.430555E-4	9.620061E+0
-2.740911E+1	7.266667E-4	9.666760E+0
-2.741611E+1	7.352778E-4	9.713460E+0
-2.742311E+1	6.766667E-4	9.760159E+0
-2.743011E+1	5.991667E-4	9.806858E+0
-2.743711E+1	4.519444E-4	9.853558E+0
-2.744411E+1	3.972222E-4	9.900257E+0
-2.745111E+1	3.041667E-4	9.946957E+0
-2.745811E+1	1.272222E-4	9.993655E+0
-2.746511E+1	-3.611111E-6	1.004035E+1
-2.747211E+1	-9.166667E-5	1.008705E+1
-2.747911E+1	-2.108333E-4	1.013375E+1
-2.748611E+1	-2.641667E-4	1.018045E+1
-2.749311E+1	-4.566667E-4	1.022715E+1
-2.750011E+1	-4.786111E-4	1.027385E+1
-2.750711E+1	-4.477778E-4	1.032055E+1
-2.751411E+1	-4.319444E-4	1.036725E+1
-2.752111E+1	-4.102778E-4	1.041395E+1
-2.752811E+1	-4.358333E-4	1.046065E+1
-2.753511E+1	-3.602778E-4	1.050735E+1
-2.754211E+1	-3.930556E-4	1.055405E+1
-2.754911E+1	-3.094444E-4	1.060075E+1
-2.755611E+1	-1.700000E-4	1.064745E+1
-2.756311E+1	-1.469444E-4	1.069415E+1
-2.757011E+1	-1.166667E-5	1.074084E+1
-2.757711E+1	2.194444E-5	1.078754E+1
-2.758411E+1	1.113889E-4	1.083424E+1
-2.759112E+1	1.330556E-4	1.088094E+1
-2.759812E+1	1.513889E-4	1.092764E+1
-2.760512E+1	1.266667E-4	1.097434E+1
-2.761212E+1	1.230555E-4	1.102104E+1
-2.761912E+1	7.527778E-5	1.106774E+1
-2.762612E+1	1.452778E-4	1.111444E+1
-2.763312E+1	1.250000E-4	1.116114E+1
-2.764012E+1	1.144444E-4	1.120784E+1
-2.764712E+1	7.777778E-5	1.125454E+1
-2.765412E+1	1.452778E-4	1.130124E+1
-2.766112E+1	1.688889E-4	1.134794E+1
-2.766812E+1	1.744444E-4	1.139464E+1
-2.767512E+1	1.952778E-4	1.144133E+1
-2.768212E+1	1.686111E-4	1.148803E+1
-2.768912E+1	2.288889E-4	1.153473E+1
-2.769612E+1	2.183333E-4	1.158143E+1
-2.770312E+1	1.836111E-4	1.162813E+1
-2.771012E+1	2.050000E-4	1.167483E+1
-2.771712E+1	1.550000E-4	1.172153E+1
-2.772412E+1	1.438889E-4	1.176823E+1
-2.773112E+1	9.444445E-5	1.181493E+1
-2.773812E+1	2.083333E-5	1.186163E+1
-2.774512E+1	-3.500000E-5	1.190833E+1
