2.119999E+1	-8.200000E-6	6.671332E-5
2.119999E+1	-2.100000E-5	6.671332E-5
2.119500E+1	6.800000E-6	3.335666E-2
2.118997E+1	2.960000E-5	6.691346E-2
2.118500E+1	4.840000E-5	1.000700E-1
2.117997E+1	-9.800000E-6	1.336268E-1
2.117500E+1	-1.660000E-5	1.667833E-1
2.116999E+1	6.500000E-6	2.002067E-1
2.116500E+1	8.800000E-6	2.334966E-1
2.115997E+1	1.690000E-5	2.670534E-1
2.115500E+1	2.670000E-5	3.002099E-1
2.114999E+1	-3.300000E-5	3.336333E-1
2.114498E+1	-1.190000E-5	3.670567E-1
2.113997E+1	-5.350000E-5	4.004801E-1
2.113498E+1	1.110000E-5	4.337700E-1
2.112999E+1	7.800000E-6	4.670600E-1
2.112499E+1	-2.600000E-5	5.004166E-1
2.111997E+1	-1.290000E-5	5.339067E-1
2.111499E+1	1.860000E-5	5.671300E-1
2.110997E+1	-5.020000E-5	6.006200E-1
2.110498E+1	2.000000E-6	6.339100E-1
2.109999E+1	-1.940000E-5	6.671999E-1
2.109498E+1	-1.270000E-5	7.006233E-1
2.108999E+1	7.700000E-6	7.339132E-1
2.108499E+1	3.280000E-5	7.672699E-1
2.107997E+1	-2.510000E-5	8.007600E-1
2.107499E+1	-7.000000E-6	8.339832E-1
2.106999E+1	-3.060000E-5	8.673399E-1
2.106498E+1	-1.720000E-5	9.007633E-1
2.105998E+1	-1.800000E-6	9.341199E-1
2.105498E+1	6.300000E-6	9.674766E-1
2.104998E+1	-1.350000E-5	1.000833E+0
2.104499E+1	-5.020000E-5	1.034123E+0
2.103997E+1	-3.700000E-5	1.067613E+0
2.103498E+1	-8.200000E-5	1.100903E+0
2.102998E+1	-6.520000E-5	1.134260E+0
2.102498E+1	-9.290000E-5	1.167617E+0
2.101998E+1	-9.520000E-5	1.200973E+0
2.101499E+1	-1.488000E-4	1.234263E+0
2.100998E+1	-1.346000E-4	1.267686E+0
2.100498E+1	-2.252000E-4	1.301043E+0
2.099998E+1	-2.096000E-4	1.334400E+0
2.099498E+1	-2.321000E-4	1.367756E+0
2.098998E+1	-3.037000E-4	1.401113E+0
2.098499E+1	-3.491000E-4	1.434403E+0
2.097997E+1	-3.630000E-4	1.467893E+0
2.097497E+1	-4.367000E-4	1.501250E+0
2.096998E+1	-4.318000E-4	1.534540E+0
2.096497E+1	-3.790000E-4	1.567963E+0
2.095998E+1	-2.902000E-4	1.601253E+0
2.095499E+1	-1.786000E-4	1.634543E+0
2.094998E+1	8.400000E-5	1.667966E+0
2.094499E+1	3.800000E-4	1.701256E+0
2.093998E+1	6.920000E-4	1.734680E+0
2.093499E+1	9.914000E-4	1.767970E+0
2.092998E+1	1.211100E-3	1.801393E+0
2.092497E+1	1.300900E-3	1.834816E+0
2.091997E+1	1.271000E-3	1.868173E+0
2.091497E+1	1.070800E-3	1.901530E+0
2.091000E+1	8.077000E-4	1.934686E+0
2.090497E+1	4.740000E-4	1.968243E+0
2.089998E+1	9.630000E-5	2.001533E+0
2.089497E+1	-2.019000E-4	2.034956E+0
2.089000E+1	-4.316000E-4	2.068113E+0
2.088497E+1	-5.506000E-4	2.101670E+0
2.087998E+1	-5.847000E-4	2.134960E+0
2.087497E+1	-5.385000E-4	2.168383E+0
2.087000E+1	-4.553000E-4	2.201540E+0
2.086497E+1	-3.534000E-4	2.235096E+0
2.086000E+1	-2.591000E-4	2.268253E+0
2.085497E+1	-2.027000E-4	2.301810E+0
2.085000E+1	-1.464000E-4	2.334966E+0
2.084497E+1	-8.290000E-5	2.368523E+0
2.084000E+1	-4.790000E-5	2.401680E+0
2.083499E+1	-1.199000E-4	2.435103E+0
2.082998E+1	-9.890000E-5	2.468526E+0
2.082497E+1	-1.657000E-4	2.501950E+0
2.082000E+1	-1.626000E-4	2.535106E+0
2.081499E+1	-1.323000E-4	2.568530E+0
2.080998E+1	-5.320000E-5	2.601953E+0
2.080499E+1	-3.830000E-5	2.635243E+0
2.079998E+1	-2.160000E-5	2.668666E+0
2.079497E+1	3.730000E-5	2.702090E+0
2.078998E+1	7.150000E-5	2.735380E+0
2.078499E+1	5.760000E-5	2.768670E+0
2.078000E+1	4.670000E-5	2.801960E+0
2.077497E+1	-7.900000E-6	2.835516E+0
2.077000E+1	-1.900000E-6	2.868673E+0
2.076497E+1	1.470000E-5	2.902230E+0
2.076000E+1	-2.490000E-5	2.935386E+0
2.075499E+1	-8.420000E-5	2.968810E+0
2.074998E+1	-3.410000E-5	3.002233E+0
2.074499E+1	-4.180000E-5	3.035523E+0
2.073998E+1	-4.290000E-5	3.068946E+0
2.073499E+1	-5.560000E-5	3.102236E+0
2.073000E+1	-1.740000E-5	3.135526E+0
2.072497E+1	-3.800000E-6	3.169083E+0
2.072000E+1	1.790000E-5	3.202240E+0
2.071497E+1	5.300000E-6	3.235796E+0
2.071000E+1	4.430000E-5	3.268953E+0
2.070499E+1	4.950000E-5	3.302376E+0
2.070000E+1	6.660000E-5	3.335666E+0
2.069497E+1	4.290000E-5	3.369223E+0
2.068998E+1	-1.350000E-5	3.402513E+0
2.068499E+1	-2.940000E-5	3.435803E+0
2.068000E+1	-1.390000E-5	3.469093E+0
2.067499E+1	-4.690000E-5	3.502516E+0
2.067000E+1	-9.720000E-5	3.535806E+0
2.066497E+1	-1.259000E-4	3.569363E+0
2.065998E+1	-1.085000E-4	3.602653E+0
2.065497E+1	-1.322000E-4	3.636076E+0
2.065000E+1	-9.320000E-5	3.669233E+0
2.064499E+1	-8.400000E-5	3.702656E+0
2.063998E+1	-5.380000E-5	3.736079E+0
2.063499E+1	-1.830000E-5	3.769369E+0
2.063000E+1	6.000000E-6	3.802659E+0
2.062499E+1	4.890000E-5	3.836083E+0
2.062000E+1	8.520000E-5	3.869373E+0
2.061499E+1	1.246000E-4	3.902796E+0
2.061000E+1	8.990000E-5	3.936086E+0
2.060497E+1	8.470000E-5	3.969643E+0
2.060000E+1	5.890000E-5	4.002800E+0
2.059497E+1	1.970000E-5	4.036356E+0
2.058998E+1	-2.000000E-7	4.069646E+0
2.058499E+1	-1.840000E-5	4.102936E+0
2.057998E+1	-9.300000E-5	4.136359E+0
2.057499E+1	-7.220000E-5	4.169649E+0
2.056999E+1	-9.020000E-5	4.203006E+0
2.056499E+1	-2.600000E-5	4.236362E+0
2.055998E+1	-5.960000E-5	4.269786E+0
2.055499E+1	-7.400000E-6	4.303076E+0
2.054999E+1	2.930000E-5	4.336432E+0
2.054497E+1	1.430000E-5	4.369923E+0
2.053998E+1	-1.400000E-6	4.403213E+0
2.053497E+1	-7.100000E-6	4.436636E+0
2.052998E+1	8.100000E-6	4.469926E+0
2.052497E+1	-7.070000E-5	4.503349E+0
2.051998E+1	4.600000E-6	4.536639E+0
2.051499E+1	-3.250000E-5	4.569929E+0
2.050999E+1	-4.190000E-5	4.603286E+0
2.050498E+1	-2.210000E-5	4.636709E+0
2.049998E+1	-3.390000E-5	4.670066E+0
2.049497E+1	-1.770000E-5	4.703489E+0
2.048999E+1	-3.740000E-5	4.736712E+0
2.048497E+1	-1.340000E-5	4.770203E+0
2.047998E+1	3.300000E-6	4.803493E+0
2.047497E+1	-2.700000E-6	4.836916E+0
2.046998E+1	7.400000E-6	4.870206E+0
2.046498E+1	-3.470000E-5	4.903563E+0
2.045998E+1	1.390000E-5	4.936919E+0
2.045497E+1	1.200000E-5	4.970343E+0
2.044999E+1	-4.500000E-6	5.003566E+0
2.044498E+1	-2.000000E-7	5.036989E+0
2.043997E+1	2.360000E-5	5.070413E+0
2.043497E+1	4.320000E-5	5.103769E+0
2.042997E+1	5.160000E-5	5.137126E+0
2.042498E+1	4.270000E-5	5.170416E+0
2.041997E+1	-8.600000E-6	5.203839E+0
2.041497E+1	-1.600000E-5	5.237196E+0
2.040999E+1	-1.030000E-5	5.270419E+0
2.040498E+1	-5.770000E-5	5.303843E+0
2.039999E+1	-1.960000E-5	5.337132E+0
2.039498E+1	-4.980000E-5	5.370556E+0
2.038999E+1	-2.630000E-5	5.403846E+0
2.038498E+1	-8.470000E-5	5.437269E+0
2.037999E+1	-8.150000E-5	5.470559E+0
2.037498E+1	-9.630000E-5	5.503983E+0
2.036997E+1	-5.750000E-5	5.537406E+0
2.036500E+1	-3.880000E-5	5.570562E+0
2.035999E+1	3.210000E-5	5.603986E+0
2.035498E+1	9.540000E-5	5.637409E+0
2.034999E+1	9.490000E-5	5.670699E+0
2.034500E+1	7.660000E-5	5.703989E+0
2.033999E+1	9.350000E-5	5.737412E+0
2.033498E+1	1.053000E-4	5.770836E+0
2.032999E+1	1.447000E-4	5.804126E+0
2.032498E+1	-6.300000E-6	5.837549E+0
2.031997E+1	8.200000E-5	5.870973E+0
2.031498E+1	-4.000000E-7	5.904263E+0
2.030999E+1	-3.000000E-6	5.937552E+0
2.030498E+1	-7.290000E-5	5.970976E+0
2.029997E+1	-5.650000E-5	6.004399E+0
2.029500E+1	-6.770000E-5	6.037556E+0
2.028997E+1	-9.170000E-5	6.071113E+0
2.028500E+1	-5.020000E-5	6.104269E+0
2.027997E+1	-1.140000E-5	6.137825E+0
2.027500E+1	-2.290000E-5	6.170982E+0
2.026997E+1	-3.580000E-5	6.204539E+0
2.026500E+1	4.260000E-5	6.237696E+0
2.025999E+1	3.210000E-5	6.271119E+0
2.025500E+1	3.850000E-5	6.304409E+0
2.024999E+1	3.290000E-5	6.337832E+0
2.024500E+1	4.540000E-5	6.371122E+0
2.023997E+1	-9.200000E-6	6.404679E+0
2.023500E+1	-2.720000E-5	6.437836E+0
2.022999E+1	-2.260000E-5	6.471259E+0
2.022498E+1	-4.250000E-5	6.504682E+0
2.021999E+1	2.770000E-5	6.537972E+0
2.021498E+1	-1.000000E-5	6.571395E+0
2.020997E+1	2.440000E-5	6.604819E+0
2.020498E+1	-3.500000E-6	6.638109E+0
2.019999E+1	-1.310000E-5	6.671399E+0
2.019498E+1	3.200000E-6	6.704822E+0
2.018999E+1	-2.700000E-6	6.738112E+0
2.018498E+1	-3.480000E-5	6.771535E+0
2.017997E+1	-6.160000E-5	6.804959E+0
2.017498E+1	-2.440000E-5	6.838249E+0
2.016997E+1	1.360000E-5	6.871672E+0
2.016500E+1	2.000000E-6	6.904829E+0
2.015997E+1	1.840000E-5	6.938385E+0
2.015498E+1	1.440000E-5	6.971675E+0
2.014997E+1	5.050000E-5	7.005099E+0
2.014500E+1	-3.300000E-6	7.038255E+0
2.013997E+1	2.470000E-5	7.071812E+0
2.013498E+1	-6.180000E-5	7.105102E+0
2.012999E+1	-3.770000E-5	7.138392E+0
2.012498E+1	-1.006000E-4	7.171815E+0
2.011999E+1	-8.940000E-5	7.205105E+0
2.011500E+1	-2.620000E-5	7.238395E+0
2.010999E+1	-8.600000E-6	7.271819E+0
2.010498E+1	1.980000E-5	7.305242E+0
2.009999E+1	2.500000E-5	7.338532E+0
2.009500E+1	8.970000E-5	7.371822E+0
2.008999E+1	3.350000E-5	7.405245E+0
2.008500E+1	1.060000E-5	7.438535E+0
2.007997E+1	4.480000E-5	7.472092E+0
2.007500E+1	2.350000E-5	7.505249E+0
2.006999E+1	2.050000E-5	7.538672E+0
2.006498E+1	1.930000E-5	7.572095E+0
