6.904993E+1	6.593333E-4	0.000000E+0
6.904989E+1	6.576666E-4	3.335666E-4
6.904984E+1	6.606667E-4	6.671332E-4
6.904978E+1	6.603333E-4	1.000700E-3
6.904974E+1	6.580000E-4	1.334266E-3
6.904968E+1	6.580000E-4	1.667833E-3
6.904964E+1	6.550000E-4	2.001400E-3
6.904958E+1	6.560000E-4	2.334966E-3
6.904954E+1	6.646666E-4	2.668533E-3
6.904948E+1	6.646666E-4	3.002099E-3
6.904944E+1	6.620000E-4	3.335666E-3
6.904939E+1	6.600000E-4	3.669233E-3
6.904933E+1	6.630000E-4	4.002799E-3
6.904929E+1	6.600000E-4	4.336366E-3
6.904923E+1	6.616667E-4	4.669933E-3
6.904919E+1	6.600000E-4	5.003499E-3
6.904913E+1	6.610000E-4	5.337066E-3
6.904909E+1	6.596667E-4	5.670632E-3
6.904903E+1	6.560000E-4	6.004199E-3
6.904899E+1	6.520000E-4	6.337766E-3
6.904893E+1	6.490000E-4	6.671332E-3
6.904888E+1	6.510000E-4	7.004899E-3
6.904884E+1	6.510000E-4	7.338465E-3
6.904878E+1	6.500000E-4	7.672032E-3
6.904874E+1	6.500000E-4	8.005599E-3
6.904868E+1	6.556667E-4	8.339165E-3
6.904864E+1	6.513333E-4	8.672732E-3
6.904858E+1	6.456667E-4	9.006298E-3
6.904854E+1	6.513333E-4	9.339865E-3
6.904848E+1	6.520000E-4	9.673432E-3
6.904843E+1	6.563333E-4	1.000700E-2
6.904839E+1	6.550000E-4	1.034056E-2
6.904833E+1	6.580000E-4	1.067413E-2
6.904829E+1	6.540000E-4	1.100770E-2
6.904823E+1	6.590000E-4	1.134126E-2
6.904819E+1	6.560000E-4	1.167483E-2
6.904813E+1	6.503334E-4	1.200840E-2
6.904809E+1	6.546667E-4	1.234196E-2
6.904803E+1	6.560000E-4	1.267553E-2
6.904798E+1	6.616667E-4	1.300910E-2
6.904794E+1	6.600000E-4	1.334266E-2
6.904788E+1	6.540000E-4	1.367623E-2
6.904784E+1	6.560000E-4	1.400980E-2
6.904778E+1	6.540000E-4	1.434336E-2
6.904774E+1	6.570000E-4	1.467693E-2
6.904768E+1	6.550000E-4	1.501050E-2
6.904764E+1	6.600000E-4	1.534406E-2
6.904758E+1	6.610000E-4	1.567763E-2
6.904754E+1	6.600000E-4	1.601120E-2
6.904749E+1	6.600000E-4	1.634476E-2
6.904743E+1	6.630000E-4	1.667833E-2
6.904739E+1	6.660000E-4	1.701190E-2
6.904733E+1	6.660000E-4	1.734546E-2
6.904729E+1	6.653334E-4	1.767903E-2
6.904723E+1	6.580000E-4	1.801260E-2
6.904719E+1	6.596667E-4	1.834616E-2
6.904713E+1	6.570000E-4	1.867973E-2
6.904709E+1	6.550000E-4	1.901330E-2
6.904704E+1	6.520000E-4	1.934686E-2
6.904698E+1	6.540000E-4	1.968043E-2
6.904694E+1	6.570000E-4	2.001400E-2
6.904688E+1	6.596667E-4	2.034756E-2
6.904684E+1	6.610000E-4	2.068113E-2
6.904678E+1	6.640000E-4	2.101470E-2
6.904674E+1	6.630000E-4	2.134826E-2
6.904668E+1	6.586667E-4	2.168183E-2
6.904664E+1	6.580000E-4	2.201540E-2
6.904659E+1	6.610000E-4	2.234896E-2
6.904653E+1	6.660000E-4	2.268253E-2
6.904649E+1	6.643333E-4	2.301610E-2
6.904643E+1	6.593333E-4	2.334966E-2
6.904639E+1	6.563333E-4	2.368323E-2
6.904633E+1	6.606667E-4	2.401680E-2
6.904629E+1	6.680000E-4	2.435036E-2
6.904623E+1	6.630000E-4	2.468393E-2
6.904619E+1	6.603333E-4	2.501750E-2
6.904613E+1	6.566666E-4	2.535106E-2
6.904608E+1	6.526667E-4	2.568463E-2
6.904604E+1	6.520000E-4	2.601819E-2
6.904598E+1	6.520000E-4	2.635176E-2
6.904594E+1	6.576666E-4	2.668533E-2
6.904588E+1	6.600000E-4	2.701890E-2
6.904584E+1	6.526667E-4	2.735246E-2
6.904578E+1	6.470000E-4	2.768603E-2
6.904574E+1	6.450000E-4	2.801960E-2
6.904568E+1	6.476667E-4	2.835316E-2
6.904563E+1	6.566666E-4	2.868673E-2
6.904559E+1	6.563333E-4	2.902029E-2
6.904553E+1	6.550000E-4	2.935386E-2
6.904549E+1	6.640000E-4	2.968743E-2
6.904543E+1	6.680000E-4	3.002100E-2
6.904539E+1	6.643333E-4	3.035456E-2
6.904533E+1	6.580000E-4	3.068813E-2
6.904529E+1	6.630000E-4	3.102169E-2
6.904523E+1	6.656667E-4	3.135526E-2
6.904518E+1	6.673333E-4	3.168883E-2
6.904514E+1	6.690000E-4	3.202239E-2
6.904508E+1	6.683333E-4	3.235596E-2
6.904504E+1	6.650000E-4	3.268953E-2
6.904498E+1	6.743333E-4	3.302309E-2
6.904494E+1	6.820000E-4	3.335666E-2
6.904488E+1	6.810000E-4	3.369023E-2
6.904484E+1	6.826667E-4	3.402380E-2
6.904478E+1	6.773333E-4	3.435736E-2
6.904474E+1	6.763333E-4	3.469093E-2
6.904469E+1	6.690000E-4	3.502449E-2
6.904463E+1	6.756667E-4	3.535806E-2
6.904459E+1	6.670000E-4	3.569163E-2
6.904453E+1	6.690000E-4	3.602519E-2
6.904449E+1	6.726666E-4	3.635876E-2
6.904443E+1	6.750000E-4	3.669233E-2
6.904439E+1	6.760000E-4	3.702589E-2
6.904433E+1	6.730000E-4	3.735946E-2
6.904429E+1	6.750000E-4	3.769303E-2
6.904424E+1	6.740000E-4	3.802659E-2
6.904418E+1	6.683333E-4	3.836016E-2
6.904414E+1	6.563333E-4	3.869373E-2
6.904408E+1	6.653334E-4	3.902729E-2
6.904404E+1	6.690000E-4	3.936086E-2
6.904398E+1	6.750000E-4	3.969442E-2
6.904394E+1	6.653334E-4	4.002799E-2
6.904388E+1	6.560000E-4	4.036156E-2
6.904384E+1	6.580000E-4	4.069513E-2
6.904379E+1	6.606667E-4	4.102869E-2
6.904373E+1	6.620000E-4	4.136226E-2
6.904369E+1	6.680000E-4	4.169583E-2
6.904363E+1	6.770000E-4	4.202939E-2
6.904359E+1	6.800000E-4	4.236296E-2
6.904353E+1	6.743333E-4	4.269652E-2
6.904349E+1	6.710000E-4	4.303009E-2
6.904343E+1	6.736667E-4	4.336366E-2
6.904339E+1	6.726666E-4	4.369723E-2
6.904333E+1	6.666667E-4	4.403079E-2
6.904328E+1	6.550000E-4	4.436436E-2
6.904324E+1	6.600000E-4	4.469793E-2
6.904318E+1	6.676667E-4	4.503149E-2
6.904314E+1	6.713333E-4	4.536506E-2
6.904308E+1	6.700000E-4	4.569862E-2
6.904304E+1	6.660000E-4	4.603219E-2
6.904298E+1	6.656667E-4	4.636576E-2
6.904294E+1	6.593333E-4	4.669933E-2
6.904288E+1	6.540000E-4	4.703289E-2
6.904283E+1	6.530000E-4	4.736646E-2
6.904279E+1	6.613333E-4	4.770003E-2
6.904273E+1	6.730000E-4	4.803359E-2
6.904269E+1	6.740000E-4	4.836716E-2
6.904263E+1	6.700000E-4	4.870072E-2
6.904259E+1	6.616667E-4	4.903429E-2
6.904253E+1	6.540000E-4	4.936786E-2
6.904249E+1	6.570000E-4	4.970143E-2
6.904243E+1	6.693333E-4	5.003499E-2
6.904238E+1	6.763333E-4	5.036856E-2
6.904234E+1	6.820000E-4	5.070212E-2
6.904228E+1	6.786667E-4	5.103569E-2
6.904224E+1	6.740000E-4	5.136926E-2
6.904218E+1	6.630000E-4	5.170282E-2
6.904214E+1	6.623333E-4	5.203639E-2
6.904208E+1	6.766667E-4	5.236996E-2
6.904204E+1	6.840000E-4	5.270352E-2
6.904198E+1	6.760000E-4	5.303709E-2
6.904194E+1	6.660000E-4	5.337066E-2
6.904189E+1	6.623333E-4	5.370422E-2
6.904183E+1	6.626667E-4	5.403779E-2
6.904179E+1	6.690000E-4	5.437136E-2
6.904173E+1	6.850000E-4	5.470492E-2
6.904169E+1	6.890000E-4	5.503849E-2
6.904163E+1	6.890000E-4	5.537206E-2
6.904159E+1	6.870000E-4	5.570562E-2
6.904153E+1	6.886667E-4	5.603919E-2
6.904149E+1	6.830000E-4	5.637276E-2
6.904144E+1	6.843333E-4	5.670632E-2
6.904138E+1	6.813334E-4	5.703989E-2
6.904134E+1	6.740000E-4	5.737346E-2
6.904128E+1	6.680000E-4	5.770702E-2
6.904124E+1	6.670000E-4	5.804059E-2
6.904118E+1	6.753333E-4	5.837416E-2
6.904114E+1	6.696667E-4	5.870772E-2
6.904108E+1	6.776667E-4	5.904129E-2
6.904104E+1	6.936667E-4	5.937486E-2
6.904099E+1	6.960000E-4	5.970842E-2
6.904093E+1	6.830000E-4	6.004199E-2
6.904089E+1	6.630000E-4	6.037556E-2
6.904083E+1	6.650000E-4	6.070912E-2
6.904079E+1	6.650000E-4	6.104269E-2
6.904073E+1	6.843333E-4	6.137626E-2
6.904069E+1	6.993333E-4	6.170982E-2
6.904063E+1	6.833333E-4	6.204339E-2
6.904059E+1	6.576666E-4	6.237696E-2
6.904053E+1	6.563333E-4	6.271052E-2
6.904048E+1	6.770000E-4	6.304409E-2
6.904044E+1	6.906667E-4	6.337766E-2
6.904038E+1	6.946666E-4	6.371122E-2
6.904034E+1	6.930000E-4	6.404479E-2
6.904028E+1	6.930000E-4	6.437836E-2
6.904024E+1	6.826667E-4	6.471192E-2
6.904018E+1	6.710000E-4	6.504549E-2
6.904014E+1	6.493333E-4	6.537905E-2
6.904008E+1	6.626667E-4	6.571262E-2
6.904003E+1	6.946666E-4	6.604619E-2
6.903999E+1	6.990000E-4	6.637976E-2
6.903993E+1	6.843333E-4	6.671332E-2
6.903989E+1	6.593333E-4	6.704689E-2
6.903983E+1	6.500000E-4	6.738046E-2
6.903979E+1	6.626667E-4	6.771402E-2
6.903973E+1	6.846667E-4	6.804759E-2
6.903969E+1	6.776667E-4	6.838115E-2
6.903963E+1	6.840000E-4	6.871472E-2
6.903958E+1	6.980000E-4	6.904829E-2
6.903954E+1	6.760000E-4	6.938186E-2
6.903948E+1	6.520000E-4	6.971542E-2
6.903944E+1	6.510000E-4	7.004899E-2
6.903938E+1	6.480000E-4	7.038256E-2
6.903934E+1	6.693333E-4	7.071612E-2
6.903928E+1	6.923333E-4	7.104969E-2
6.903924E+1	6.770000E-4	7.138325E-2
6.903918E+1	6.643333E-4	7.171682E-2
6.903914E+1	6.623333E-4	7.205039E-2
6.903909E+1	6.683333E-4	7.238396E-2
6.903903E+1	6.860000E-4	7.271752E-2
6.903899E+1	6.810000E-4	7.305109E-2
6.903893E+1	6.843333E-4	7.338465E-2
6.903889E+1	6.990000E-4	7.371822E-2
6.903883E+1	7.013333E-4	7.405179E-2
6.903879E+1	6.933333E-4	7.438535E-2
6.903873E+1	6.810000E-4	7.471892E-2
6.903869E+1	6.723333E-4	7.505248E-2
6.903864E+1	6.673333E-4	7.538605E-2
6.903858E+1	6.680000E-4	7.571962E-2
6.903854E+1	6.800000E-4	7.605319E-2
6.903848E+1	6.943333E-4	7.638675E-2
6.903844E+1	6.923333E-4	7.672032E-2
6.903838E+1	6.863333E-4	7.705389E-2
6.903834E+1	6.830000E-4	7.738745E-2
6.903828E+1	6.833333E-4	7.772102E-2
6.903824E+1	6.860000E-4	7.805458E-2
6.903819E+1	6.880000E-4	7.838815E-2
6.903813E+1	7.016667E-4	7.872172E-2
6.903809E+1	7.050000E-4	7.905529E-2
6.903803E+1	7.046667E-4	7.938885E-2
6.903799E+1	6.870000E-4	7.972242E-2
6.903793E+1	6.793333E-4	8.005599E-2
6.903789E+1	6.856667E-4	8.038955E-2
6.903783E+1	6.720000E-4	8.072312E-2
6.903779E+1	6.630000E-4	8.105668E-2
6.903773E+1	6.640000E-4	8.139025E-2
6.903768E+1	6.683333E-4	8.172382E-2
6.903764E+1	6.953334E-4	8.205739E-2
6.903758E+1	6.860000E-4	8.239095E-2
6.903754E+1	6.956666E-4	8.272452E-2
6.903748E+1	7.283333E-4	8.305808E-2
6.903744E+1	6.886667E-4	8.339165E-2
6.903738E+1	6.590000E-4	8.372522E-2
6.903734E+1	6.863333E-4	8.405878E-2
6.903728E+1	7.066667E-4	8.439235E-2
6.903723E+1	7.046667E-4	8.472592E-2
6.903719E+1	7.213333E-4	8.505949E-2
6.903713E+1	7.213333E-4	8.539305E-2
6.903709E+1	7.470000E-4	8.572662E-2
6.903703E+1	7.500000E-4	8.606018E-2
6.903699E+1	7.263334E-4	8.639375E-2
6.903693E+1	6.613333E-4	8.672732E-2
6.903689E+1	6.866667E-4	8.706088E-2
6.903683E+1	7.490000E-4	8.739445E-2
6.903678E+1	7.746667E-4	8.772802E-2
6.903674E+1	7.800000E-4	8.806159E-2
6.903668E+1	7.616667E-4	8.839515E-2
6.903664E+1	7.180000E-4	8.872872E-2
6.903658E+1	6.753333E-4	8.906228E-2
6.903654E+1	6.656667E-4	8.939585E-2
6.903648E+1	6.960000E-4	8.972942E-2
6.903644E+1	7.010000E-4	9.006298E-2
6.903638E+1	7.290000E-4	9.039655E-2
6.903634E+1	7.530000E-4	9.073012E-2
6.903629E+1	8.046667E-4	9.106369E-2
6.903623E+1	8.160000E-4	9.139725E-2
6.903619E+1	7.963333E-4	9.173082E-2
6.903613E+1	7.260000E-4	9.206438E-2
6.903609E+1	6.860000E-4	9.239795E-2
6.903603E+1	6.910000E-4	9.273152E-2
6.903599E+1	6.873333E-4	9.306508E-2
6.903593E+1	6.980000E-4	9.339865E-2
6.903589E+1	6.993333E-4	9.373222E-2
6.903584E+1	7.230000E-4	9.406579E-2
6.903578E+1	7.853333E-4	9.439935E-2
6.903574E+1	7.890000E-4	9.473292E-2
6.903568E+1	7.613333E-4	9.506648E-2
6.903564E+1	8.250000E-4	9.540005E-2
6.903558E+1	8.190000E-4	9.573361E-2
6.903554E+1	7.750000E-4	9.606718E-2
6.903548E+1	7.986667E-4	9.640075E-2
6.903544E+1	7.513333E-4	9.673432E-2
6.903539E+1	8.226667E-4	9.706789E-2
6.903533E+1	7.653334E-4	9.740145E-2
6.903529E+1	7.696667E-4	9.773502E-2
6.903523E+1	8.406666E-4	9.806858E-2
6.903519E+1	8.826667E-4	9.840215E-2
6.903513E+1	8.803334E-4	9.873571E-2
6.903509E+1	8.623333E-4	9.906928E-2
6.903503E+1	8.566667E-4	9.940285E-2
6.903499E+1	8.606667E-4	9.973641E-2
6.903493E+1	8.270000E-4	1.000700E-1
6.903488E+1	7.663333E-4	1.004035E-1
6.903484E+1	8.076667E-4	1.007371E-1
6.903478E+1	9.236667E-4	1.010707E-1
6.903474E+1	8.790000E-4	1.014042E-1
6.903468E+1	8.026666E-4	1.017378E-1
6.903464E+1	7.870000E-4	1.020714E-1
6.903458E+1	8.220000E-4	1.024050E-1
6.903454E+1	8.643334E-4	1.027385E-1
6.903448E+1	9.673333E-4	1.030721E-1
6.903443E+1	1.010667E-3	1.034056E-1
6.903439E+1	1.011333E-3	1.037392E-1
6.903433E+1	9.683333E-4	1.040728E-1
6.903429E+1	9.080000E-4	1.044063E-1
6.903423E+1	8.496667E-4	1.047399E-1
6.903419E+1	7.906667E-4	1.050735E-1
6.903413E+1	9.466666E-4	1.054070E-1
6.903409E+1	1.062000E-3	1.057406E-1
6.903403E+1	1.099333E-3	1.060742E-1
6.903398E+1	1.035667E-3	1.064077E-1
6.903394E+1	1.081333E-3	1.067413E-1
6.903388E+1	1.003667E-3	1.070749E-1
6.903384E+1	9.256667E-4	1.074084E-1
6.903378E+1	8.816667E-4	1.077420E-1
6.903374E+1	8.693333E-4	1.080756E-1
6.903368E+1	1.036333E-3	1.084091E-1
6.903364E+1	1.194000E-3	1.087427E-1
6.903358E+1	1.206667E-3	1.090763E-1
6.903353E+1	1.004000E-3	1.094098E-1
6.903349E+1	8.223333E-4	1.097434E-1
6.903343E+1	9.063333E-4	1.100770E-1
6.903339E+1	1.062333E-3	1.104105E-1
6.903333E+1	1.265000E-3	1.107441E-1
6.903329E+1	1.208000E-3	1.110777E-1
6.903323E+1	9.896667E-4	1.114112E-1
6.903319E+1	8.960000E-4	1.117448E-1
6.903313E+1	8.473333E-4	1.120784E-1
6.903309E+1	8.753333E-4	1.124119E-1
6.903304E+1	1.112333E-3	1.127455E-1
6.903298E+1	1.409333E-3	1.130791E-1
6.903294E+1	1.335000E-3	1.134126E-1
6.903288E+1	9.956667E-4	1.137462E-1
6.903284E+1	9.063333E-4	1.140798E-1
6.903278E+1	1.043000E-3	1.144133E-1
6.903274E+1	1.392333E-3	1.147469E-1
6.903268E+1	1.192333E-3	1.150805E-1
6.903264E+1	1.291667E-3	1.154140E-1
6.903259E+1	1.196667E-3	1.157476E-1
6.903253E+1	1.226333E-3	1.160812E-1
6.903249E+1	1.404000E-3	1.164147E-1
6.903243E+1	1.178333E-3	1.167483E-1
6.903239E+1	1.436333E-3	1.170819E-1
6.903233E+1	1.360667E-3	1.174154E-1
6.903229E+1	1.452000E-3	1.177490E-1
6.903223E+1	1.377667E-3	1.180826E-1
6.903219E+1	1.536000E-3	1.184161E-1
6.903214E+1	1.510667E-3	1.187497E-1
6.903208E+1	1.558667E-3	1.190833E-1
6.903204E+1	1.448000E-3	1.194168E-1
6.903198E+1	1.229667E-3	1.197504E-1
6.903194E+1	1.603333E-3	1.200840E-1
6.903188E+1	1.592333E-3	1.204175E-1
6.903184E+1	1.394667E-3	1.207511E-1
6.903178E+1	1.210000E-3	1.210847E-1
6.903174E+1	1.238667E-3	1.214182E-1
6.903168E+1	1.509667E-3	1.217518E-1
6.903163E+1	1.594667E-3	1.220854E-1
6.903159E+1	1.449333E-3	1.224189E-1
6.903153E+1	1.352000E-3	1.227525E-1
6.903149E+1	1.338333E-3	1.230861E-1
6.903143E+1	1.316000E-3	1.234196E-1
6.903139E+1	1.562667E-3	1.237532E-1
6.903133E+1	1.583000E-3	1.240868E-1
6.903129E+1	1.471000E-3	1.244203E-1
6.903123E+1	1.489667E-3	1.247539E-1
6.903118E+1	1.645000E-3	1.250875E-1
6.903114E+1	1.509000E-3	1.254210E-1
6.903108E+1	1.404000E-3	1.257546E-1
6.903104E+1	1.516000E-3	1.260882E-1
6.903098E+1	1.406333E-3	1.264217E-1
6.903094E+1	1.406000E-3	1.267553E-1
6.903088E+1	1.542667E-3	1.270889E-1
6.903084E+1	1.738000E-3	1.274224E-1
6.903078E+1	1.724667E-3	1.277560E-1
6.903073E+1	1.575667E-3	1.280896E-1
6.903069E+1	1.449333E-3	1.284231E-1
6.903063E+1	1.465667E-3	1.287567E-1
6.903059E+1	1.628000E-3	1.290903E-1
6.903053E+1	1.458333E-3	1.294238E-1
6.903049E+1	1.478333E-3	1.297574E-1
6.903043E+1	1.640333E-3	1.300910E-1
6.903039E+1	1.809667E-3	1.304245E-1
6.903033E+1	1.580667E-3	1.307581E-1
6.903029E+1	1.467333E-3	1.310917E-1
6.903024E+1	1.590667E-3	1.314252E-1
6.903018E+1	1.528000E-3	1.317588E-1
6.903014E+1	1.479333E-3	1.320924E-1
6.903008E+1	1.489667E-3	1.324259E-1
6.903004E+1	1.754000E-3	1.327595E-1
6.902998E+1	1.948667E-3	1.330931E-1
6.902994E+1	1.954333E-3	1.334266E-1
6.902988E+1	1.786667E-3	1.337602E-1
6.902984E+1	1.763000E-3	1.340938E-1
6.902979E+1	1.519000E-3	1.344273E-1
6.902973E+1	1.534667E-3	1.347609E-1
6.902969E+1	1.748333E-3	1.350945E-1
6.902963E+1	1.445667E-3	1.354280E-1
6.902959E+1	1.676333E-3	1.357616E-1
6.902953E+1	2.021000E-3	1.360952E-1
6.902949E+1	1.844000E-3	1.364287E-1
6.902943E+1	1.486667E-3	1.367623E-1
6.902939E+1	1.447667E-3	1.370959E-1
6.902934E+1	1.375667E-3	1.374294E-1
6.902928E+1	1.416667E-3	1.377630E-1
6.902924E+1	1.897667E-3	1.380966E-1
6.902918E+1	1.788333E-3	1.384301E-1
6.902914E+1	1.287667E-3	1.387637E-1
6.902908E+1	1.604667E-3	1.390973E-1
6.902904E+1	2.070667E-3	1.394308E-1
6.902898E+1	1.994667E-3	1.397644E-1
6.902894E+1	1.815333E-3	1.400980E-1
6.902888E+1	2.168333E-3	1.404315E-1
6.902883E+1	2.125000E-3	1.407651E-1
6.902879E+1	2.167667E-3	1.410987E-1
6.902873E+1	1.995000E-3	1.414322E-1
6.902869E+1	1.670000E-3	1.417658E-1
6.902863E+1	1.289667E-3	1.420994E-1
6.902859E+1	1.176000E-3	1.424329E-1
6.902853E+1	1.253000E-3	1.427665E-1
6.902849E+1	1.400667E-3	1.431001E-1
6.902843E+1	1.945000E-3	1.434336E-1
6.902838E+1	2.209667E-3	1.437672E-1
6.902834E+1	2.071333E-3	1.441008E-1
6.902828E+1	1.930333E-3	1.444343E-1
6.902824E+1	1.630000E-3	1.447679E-1
6.902818E+1	1.397667E-3	1.451015E-1
6.902814E+1	1.118000E-3	1.454350E-1
6.902808E+1	1.280667E-3	1.457686E-1
6.902804E+1	1.883333E-3	1.461022E-1
6.902798E+1	2.242000E-3	1.464357E-1
6.902793E+1	2.074333E-3	1.467693E-1
6.902789E+1	1.664667E-3	1.471029E-1
6.902783E+1	1.478333E-3	1.474364E-1
6.902779E+1	1.090667E-3	1.477700E-1
6.902773E+1	1.401333E-3	1.481036E-1
6.902769E+1	1.946667E-3	1.484371E-1
6.902763E+1	1.167333E-3	1.487707E-1
6.902759E+1	1.106000E-3	1.491043E-1
6.902753E+1	1.128333E-3	1.494378E-1
6.902749E+1	1.520667E-3	1.497714E-1
6.902744E+1	1.427333E-3	1.501050E-1
6.902738E+1	9.826666E-4	1.504385E-1
6.902734E+1	1.324667E-3	1.507721E-1
6.902728E+1	1.818000E-3	1.511057E-1
6.902724E+1	2.041000E-3	1.514392E-1
6.902718E+1	2.325000E-3	1.517728E-1
6.902714E+1	2.201000E-3	1.521064E-1
6.902708E+1	1.641000E-3	1.524399E-1
6.902704E+1	9.320000E-4	1.527735E-1
6.902699E+1	9.520000E-4	1.531071E-1
6.902693E+1	1.183000E-3	1.534406E-1
6.902689E+1	1.924667E-3	1.537742E-1
6.902683E+1	2.063333E-3	1.541078E-1
6.902679E+1	2.159667E-3	1.544413E-1
6.902673E+1	2.249000E-3	1.547749E-1
6.902669E+1	2.181000E-3	1.551085E-1
6.902663E+1	1.344000E-3	1.554420E-1
6.902659E+1	9.946667E-4	1.557756E-1
6.902654E+1	1.817333E-3	1.561092E-1
6.902648E+1	2.182667E-3	1.564427E-1
6.902644E+1	2.336667E-3	1.567763E-1
6.902638E+1	2.305667E-3	1.571099E-1
6.902634E+1	2.057000E-3	1.574434E-1
6.902628E+1	1.536000E-3	1.577770E-1
6.902624E+1	1.372667E-3	1.581106E-1
6.902618E+1	1.024333E-3	1.584441E-1
6.902614E+1	9.583333E-4	1.587777E-1
6.902608E+1	8.953334E-4	1.591113E-1
6.902603E+1	1.058000E-3	1.594448E-1
6.902599E+1	1.178667E-3	1.597784E-1
6.902593E+1	1.178000E-3	1.601120E-1
6.902589E+1	1.594667E-3	1.604455E-1
6.902583E+1	8.153333E-4	1.607791E-1
6.902579E+1	1.002667E-3	1.611127E-1
6.902573E+1	1.718000E-3	1.614462E-1
6.902569E+1	2.252667E-3	1.617798E-1
6.902563E+1	2.185333E-3	1.621134E-1
6.902558E+1	1.433667E-3	1.624469E-1
6.902554E+1	8.183334E-4	1.627805E-1
6.902548E+1	1.713667E-3	1.631141E-1
6.902544E+1	2.285333E-3	1.634476E-1
6.902538E+1	1.176667E-3	1.637812E-1
6.902534E+1	9.906667E-4	1.641148E-1
6.902528E+1	7.490000E-4	1.644483E-1
6.902524E+1	6.803334E-4	1.647819E-1
6.902518E+1	6.770000E-4	1.651155E-1
6.902513E+1	6.780000E-4	1.654490E-1
6.902509E+1	8.600000E-4	1.657826E-1
6.902503E+1	1.784000E-3	1.661162E-1
6.902499E+1	2.293333E-3	1.664497E-1
6.902493E+1	1.145000E-3	1.667833E-1
6.902489E+1	1.082000E-3	1.671169E-1
6.902483E+1	1.583667E-3	1.674504E-1
6.902479E+1	1.929000E-3	1.677840E-1
6.902473E+1	2.456667E-3	1.681176E-1
6.902469E+1	2.130333E-3	1.684511E-1
6.902464E+1	2.226000E-3	1.687847E-1
6.902458E+1	2.397000E-3	1.691183E-1
6.902454E+1	1.672667E-3	1.694518E-1
6.902448E+1	1.414333E-3	1.697854E-1
6.902444E+1	7.216667E-4	1.701190E-1
6.902438E+1	2.158333E-3	1.704525E-1
6.902434E+1	2.558333E-3	1.707861E-1
6.902428E+1	2.315000E-3	1.711197E-1
6.902424E+1	7.566666E-4	1.714532E-1
6.902419E+1	5.706667E-4	1.717868E-1
6.902413E+1	8.430000E-4	1.721204E-1
6.902409E+1	2.027333E-3	1.724539E-1
6.902403E+1	7.846667E-4	1.727875E-1
6.902399E+1	1.202667E-3	1.731211E-1
6.902393E+1	2.270333E-3	1.734546E-1
6.902389E+1	2.071000E-3	1.737882E-1
6.902383E+1	1.044333E-3	1.741218E-1
6.902379E+1	1.268000E-3	1.744553E-1
6.902374E+1	1.168000E-3	1.747889E-1
6.902368E+1	1.238000E-3	1.751225E-1
6.902364E+1	1.750000E-3	1.754560E-1
6.902358E+1	2.257000E-3	1.757896E-1
6.902354E+1	1.101333E-3	1.761232E-1
6.902348E+1	1.900000E-3	1.764567E-1
6.902344E+1	2.263667E-3	1.767903E-1
6.902338E+1	2.434000E-3	1.771239E-1
6.902334E+1	1.227667E-3	1.774574E-1
6.902328E+1	5.876666E-4	1.777910E-1
6.902323E+1	5.266666E-4	1.781246E-1
6.902319E+1	9.123333E-4	1.784581E-1
6.902313E+1	7.146667E-4	1.787917E-1
6.902309E+1	1.079667E-3	1.791253E-1
6.902303E+1	1.317000E-3	1.794588E-1
6.902299E+1	1.735000E-3	1.797924E-1
6.902293E+1	2.251333E-3	1.801260E-1
6.902289E+1	1.598333E-3	1.804595E-1
6.902283E+1	2.084000E-3	1.807931E-1
6.902278E+1	1.919000E-3	1.811267E-1
6.902274E+1	5.533333E-4	1.814602E-1
6.902268E+1	1.203333E-3	1.817938E-1
6.902264E+1	1.944333E-3	1.821274E-1
6.902258E+1	6.556667E-4	1.824609E-1
6.902254E+1	1.822333E-3	1.827945E-1
6.902248E+1	1.847000E-3	1.831281E-1
6.902244E+1	1.753333E-3	1.834616E-1
6.902238E+1	2.167667E-3	1.837952E-1
6.902233E+1	2.831333E-3	1.841288E-1
6.902229E+1	1.004333E-3	1.844623E-1
6.902223E+1	5.633333E-4	1.847959E-1
6.902219E+1	2.422667E-3	1.851295E-1
6.902213E+1	2.176667E-3	1.854630E-1
6.902209E+1	1.073333E-3	1.857966E-1
6.902203E+1	1.438333E-3	1.861302E-1
6.902199E+1	6.823333E-4	1.864637E-1
6.902193E+1	1.176667E-3	1.867973E-1
6.902189E+1	2.533333E-3	1.871309E-1
6.902184E+1	2.432333E-3	1.874644E-1
6.902178E+1	1.245000E-3	1.877980E-1
6.902174E+1	4.900000E-4	1.881316E-1
6.902168E+1	7.390000E-4	1.884651E-1
6.902164E+1	5.773333E-4	1.887987E-1
6.902158E+1	1.262667E-3	1.891323E-1
6.902154E+1	2.769000E-3	1.894658E-1
6.902148E+1	2.061667E-3	1.897994E-1
6.902144E+1	1.236000E-3	1.901330E-1
6.902139E+1	1.600000E-3	1.904665E-1
6.902133E+1	5.080000E-4	1.908001E-1
6.902129E+1	4.596667E-4	1.911337E-1
6.902123E+1	1.298667E-3	1.914672E-1
6.902119E+1	2.370000E-3	1.918008E-1
6.902113E+1	2.595667E-3	1.921344E-1
6.902109E+1	2.295000E-3	1.924679E-1
6.902103E+1	1.057667E-3	1.928015E-1
6.902099E+1	4.223333E-4	1.931351E-1
6.902094E+1	5.333333E-4	1.934686E-1
6.902088E+1	6.670000E-4	1.938022E-1
6.902084E+1	7.656667E-4	1.941358E-1
6.902078E+1	1.028333E-3	1.944693E-1
6.902074E+1	3.346667E-4	1.948029E-1
6.902068E+1	1.878667E-3	1.951365E-1
6.902064E+1	7.373333E-4	1.954700E-1
6.902058E+1	1.001333E-3	1.958036E-1
6.902054E+1	2.295000E-3	1.961372E-1
6.902048E+1	2.913000E-3	1.964707E-1
6.902043E+1	2.872333E-3	1.968043E-1
6.902039E+1	2.911333E-3	1.971379E-1
6.902033E+1	2.514000E-3	1.974714E-1
6.902029E+1	9.580000E-4	1.978050E-1
6.902023E+1	6.046667E-4	1.981386E-1
6.902019E+1	2.312000E-3	1.984721E-1
6.902013E+1	1.543333E-3	1.988057E-1
6.902009E+1	1.713667E-3	1.991393E-1
6.902003E+1	1.889333E-3	1.994728E-1
6.901998E+1	2.222000E-3	1.998064E-1
6.901994E+1	2.370667E-3	2.001400E-1
6.901988E+1	2.396667E-3	2.004735E-1
6.901984E+1	8.146667E-4	2.008071E-1
6.901978E+1	3.883333E-4	2.011407E-1
6.901974E+1	7.890000E-4	2.014742E-1
6.901968E+1	1.750667E-3	2.018078E-1
6.901964E+1	2.738333E-3	2.021414E-1
6.901958E+1	2.936333E-3	2.024749E-1
6.901953E+1	2.887667E-3	2.028085E-1
6.901949E+1	2.657667E-3	2.031421E-1
6.901943E+1	1.601333E-3	2.034756E-1
6.901939E+1	3.956667E-4	2.038092E-1
6.901933E+1	5.386667E-4	2.041428E-1
6.901929E+1	1.079333E-3	2.044763E-1
6.901923E+1	5.123334E-4	2.048099E-1
6.901919E+1	7.916667E-4	2.051435E-1
6.901913E+1	1.303000E-3	2.054770E-1
6.901909E+1	1.824333E-3	2.058106E-1
6.901904E+1	1.170000E-3	2.061442E-1
6.901898E+1	1.525000E-3	2.064777E-1
6.901894E+1	2.666667E-3	2.068113E-1
6.901888E+1	1.536333E-3	2.071449E-1
6.901884E+1	1.028667E-3	2.074784E-1
6.901878E+1	1.286000E-3	2.078120E-1
6.901874E+1	1.558667E-3	2.081456E-1
6.901868E+1	8.213333E-4	2.084791E-1
6.901864E+1	4.156667E-4	2.088127E-1
6.901859E+1	4.983333E-4	2.091463E-1
6.901853E+1	4.863333E-4	2.094798E-1
6.901849E+1	4.596667E-4	2.098134E-1
6.901843E+1	8.210000E-4	2.101470E-1
6.901839E+1	2.112667E-3	2.104805E-1
6.901833E+1	2.326667E-3	2.108141E-1
6.901829E+1	1.650000E-3	2.111477E-1
6.901823E+1	5.300000E-4	2.114812E-1
6.901819E+1	4.416667E-4	2.118148E-1
6.901814E+1	6.436667E-4	2.121484E-1
6.901808E+1	1.354000E-3	2.124819E-1
6.901804E+1	1.699000E-3	2.128155E-1
6.901798E+1	1.896000E-3	2.131491E-1
6.901794E+1	9.966666E-4	2.134826E-1
6.901788E+1	1.524000E-3	2.138162E-1
6.901784E+1	2.305333E-3	2.141498E-1
6.901778E+1	9.760000E-4	2.144833E-1
6.901774E+1	9.610000E-4	2.148169E-1
6.901768E+1	9.706666E-4	2.151505E-1
6.901763E+1	8.910000E-4	2.154840E-1
6.901759E+1	1.235000E-3	2.158176E-1
6.901753E+1	2.382333E-3	2.161512E-1
6.901749E+1	1.884000E-3	2.164847E-1
6.901743E+1	7.710000E-4	2.168183E-1
6.901739E+1	1.566667E-3	2.171519E-1
6.901733E+1	2.468000E-3	2.174854E-1
6.901729E+1	1.985000E-3	2.178190E-1
6.901723E+1	1.544333E-3	2.181526E-1
6.901718E+1	1.888667E-3	2.184861E-1
6.901714E+1	1.589667E-3	2.188197E-1
6.901708E+1	7.850000E-4	2.191533E-1
6.901704E+1	1.048000E-3	2.194868E-1
6.901698E+1	1.947667E-3	2.198204E-1
6.901694E+1	1.396000E-3	2.201540E-1
6.901688E+1	8.496667E-4	2.204875E-1
6.901684E+1	1.892667E-3	2.208211E-1
6.901678E+1	1.407667E-3	2.211547E-1
6.901673E+1	1.716333E-3	2.214882E-1
6.901669E+1	2.123667E-3	2.218218E-1
6.901663E+1	2.283333E-3	2.221554E-1
6.901659E+1	1.405667E-3	2.224889E-1
6.901653E+1	9.090000E-4	2.228225E-1
6.901649E+1	7.736667E-4	2.231561E-1
6.901643E+1	7.740000E-4	2.234896E-1
6.901639E+1	7.950000E-4	2.238232E-1
6.901633E+1	1.289667E-3	2.241568E-1
6.901629E+1	1.925000E-3	2.244903E-1
6.901624E+1	1.446333E-3	2.248239E-1
6.901618E+1	2.097000E-3	2.251575E-1
6.901614E+1	1.165333E-3	2.254910E-1
6.901608E+1	2.100333E-3	2.258246E-1
6.901604E+1	2.289667E-3	2.261582E-1
6.901598E+1	1.874333E-3	2.264917E-1
6.901594E+1	1.012667E-3	2.268253E-1
6.901588E+1	1.052667E-3	2.271589E-1
6.901584E+1	9.610000E-4	2.274924E-1
6.901579E+1	1.193667E-3	2.278260E-1
6.901573E+1	1.291000E-3	2.281596E-1
6.901569E+1	1.045667E-3	2.284931E-1
6.901563E+1	1.352667E-3	2.288267E-1
6.901559E+1	2.118000E-3	2.291603E-1
6.901553E+1	2.311667E-3	2.294938E-1
6.901549E+1	2.243667E-3	2.298274E-1
6.901543E+1	2.188000E-3	2.301610E-1
6.901539E+1	1.926333E-3	2.304945E-1
6.901534E+1	1.466333E-3	2.308281E-1
6.901528E+1	1.211333E-3	2.311617E-1
6.901524E+1	1.240667E-3	2.314952E-1
6.901518E+1	1.119000E-3	2.318288E-1
6.901514E+1	1.408333E-3	2.321624E-1
6.901508E+1	1.877333E-3	2.324959E-1
6.901504E+1	2.188333E-3	2.328295E-1
6.901498E+1	2.199333E-3	2.331631E-1
6.901494E+1	1.578000E-3	2.334966E-1
6.901488E+1	1.284667E-3	2.338302E-1
6.901483E+1	1.332333E-3	2.341638E-1
6.901479E+1	2.129667E-3	2.344973E-1
6.901473E+1	2.044667E-3	2.348309E-1
6.901469E+1	2.144000E-3	2.351645E-1
6.901463E+1	2.144333E-3	2.354980E-1
6.901459E+1	1.947333E-3	2.358316E-1
6.901453E+1	2.097667E-3	2.361652E-1
6.901449E+1	1.888667E-3	2.364987E-1
6.901443E+1	1.328000E-3	2.368323E-1
6.901438E+1	1.430667E-3	2.371659E-1
6.901434E+1	1.926333E-3	2.374994E-1
6.901428E+1	1.607333E-3	2.378330E-1
6.901424E+1	1.583667E-3	2.381666E-1
6.901418E+1	1.994667E-3	2.385001E-1
6.901414E+1	2.047000E-3	2.388337E-1
6.901408E+1	1.941000E-3	2.391673E-1
6.901404E+1	1.658667E-3	2.395008E-1
6.901398E+1	1.478000E-3	2.398344E-1
6.901393E+1	1.354333E-3	2.401680E-1
6.901389E+1	1.370333E-3	2.405015E-1
6.901383E+1	1.376000E-3	2.408351E-1
6.901379E+1	1.474333E-3	2.411687E-1
6.901373E+1	1.414333E-3	2.415022E-1
6.901369E+1	1.424000E-3	2.418358E-1
6.901363E+1	1.368000E-3	2.421694E-1
6.901359E+1	1.489000E-3	2.425029E-1
6.901353E+1	1.887333E-3	2.428365E-1
6.901349E+1	2.055667E-3	2.431701E-1
6.901344E+1	2.049000E-3	2.435036E-1
6.901338E+1	2.026000E-3	2.438372E-1
6.901334E+1	1.750667E-3	2.441708E-1
6.901328E+1	1.537000E-3	2.445043E-1
6.901324E+1	1.912667E-3	2.448379E-1
6.901318E+1	1.667000E-3	2.451715E-1
6.901314E+1	1.497667E-3	2.455050E-1
6.901308E+1	1.496333E-3	2.458386E-1
6.901304E+1	1.740667E-3	2.461722E-1
6.901299E+1	1.652000E-3	2.465057E-1
6.901293E+1	1.645000E-3	2.468393E-1
6.901289E+1	1.564333E-3	2.471729E-1
6.901283E+1	1.717667E-3	2.475064E-1
6.901279E+1	1.679000E-3	2.478400E-1
6.901273E+1	1.761667E-3	2.481735E-1
6.901269E+1	1.576000E-3	2.485071E-1
6.901263E+1	1.526000E-3	2.488407E-1
6.901259E+1	1.645667E-3	2.491743E-1
6.901254E+1	1.684333E-3	2.495078E-1
6.901248E+1	1.687667E-3	2.498414E-1
6.901244E+1	1.797333E-3	2.501750E-1
6.901238E+1	1.808000E-3	2.505085E-1
6.901234E+1	1.738333E-3	2.508421E-1
6.901228E+1	1.548333E-3	2.511756E-1
6.901224E+1	1.582333E-3	2.515092E-1
6.901218E+1	1.792000E-3	2.518428E-1
6.901214E+1	1.883333E-3	2.521763E-1
6.901208E+1	1.783000E-3	2.525099E-1
6.901203E+1	1.763000E-3	2.528435E-1
6.901199E+1	1.588667E-3	2.531770E-1
6.901193E+1	1.567667E-3	2.535106E-1
6.901189E+1	1.825333E-3	2.538442E-1
6.901183E+1	1.856000E-3	2.541777E-1
6.901179E+1	1.848000E-3	2.545113E-1
6.901173E+1	1.801333E-3	2.548449E-1
6.901169E+1	1.554333E-3	2.551785E-1
6.901163E+1	1.494000E-3	2.555120E-1
6.901158E+1	1.531333E-3	2.558456E-1
6.901154E+1	1.519667E-3	2.561792E-1
6.901148E+1	1.762333E-3	2.565127E-1
6.901144E+1	1.756000E-3	2.568463E-1
6.901138E+1	1.689667E-3	2.571799E-1
6.901134E+1	1.582000E-3	2.575134E-1
6.901128E+1	1.768000E-3	2.578470E-1
6.901124E+1	1.666000E-3	2.581806E-1
6.901118E+1	1.447667E-3	2.585141E-1
6.901113E+1	1.489333E-3	2.588477E-1
6.901109E+1	1.688000E-3	2.591813E-1
6.901103E+1	1.753333E-3	2.595148E-1
6.901099E+1	1.685667E-3	2.598484E-1
6.901093E+1	1.534667E-3	2.601820E-1
6.901089E+1	1.414000E-3	2.605155E-1
6.901083E+1	1.420333E-3	2.608491E-1
6.901079E+1	1.669667E-3	2.611827E-1
6.901073E+1	1.713667E-3	2.615162E-1
6.901069E+1	1.649000E-3	2.618498E-1
6.901064E+1	1.687333E-3	2.621834E-1
6.901058E+1	1.488333E-3	2.625169E-1
6.901054E+1	1.516000E-3	2.628505E-1
6.901048E+1	1.334667E-3	2.631840E-1
6.901044E+1	1.455667E-3	2.635176E-1
6.901038E+1	1.561667E-3	2.638512E-1
6.901034E+1	1.699667E-3	2.641847E-1
6.901028E+1	1.574000E-3	2.645183E-1
6.901024E+1	1.513000E-3	2.648519E-1
6.901019E+1	1.327000E-3	2.651854E-1
6.901013E+1	1.343000E-3	2.655190E-1
6.901009E+1	1.465333E-3	2.658526E-1
6.901003E+1	1.156000E-3	2.661861E-1
6.900999E+1	1.160333E-3	2.665197E-1
6.900993E+1	1.472000E-3	2.668533E-1
6.900989E+1	1.584000E-3	2.671869E-1
6.900983E+1	1.260667E-3	2.675204E-1
6.900979E+1	1.323667E-3	2.678540E-1
6.900974E+1	1.497333E-3	2.681876E-1
6.900968E+1	1.537333E-3	2.685211E-1
6.900964E+1	1.456333E-3	2.688547E-1
6.900958E+1	1.199333E-3	2.691883E-1
6.900954E+1	1.151667E-3	2.695218E-1
6.900948E+1	1.143000E-3	2.698554E-1
6.900944E+1	1.394333E-3	2.701890E-1
6.900938E+1	1.494667E-3	2.705225E-1
6.900934E+1	1.572667E-3	2.708561E-1
6.900928E+1	1.335667E-3	2.711897E-1
6.900923E+1	1.415000E-3	2.715232E-1
6.900919E+1	1.302333E-3	2.718568E-1
6.900913E+1	1.450000E-3	2.721904E-1
6.900909E+1	1.407333E-3	2.725239E-1
6.900903E+1	1.237333E-3	2.728575E-1
6.900899E+1	1.157000E-3	2.731911E-1
6.900893E+1	1.369000E-3	2.735246E-1
6.900889E+1	1.383000E-3	2.738582E-1
6.900883E+1	1.413000E-3	2.741917E-1
6.900878E+1	1.225667E-3	2.745253E-1
6.900874E+1	1.020000E-3	2.748589E-1
6.900868E+1	9.956667E-4	2.751924E-1
6.900864E+1	1.163000E-3	2.755260E-1
6.900858E+1	1.155000E-3	2.758596E-1
6.900854E+1	1.024000E-3	2.761931E-1
6.900848E+1	1.195333E-3	2.765267E-1
6.900844E+1	1.118000E-3	2.768603E-1
6.900838E+1	1.014000E-3	2.771938E-1
6.900833E+1	9.420000E-4	2.775274E-1
6.900829E+1	1.003000E-3	2.778610E-1
6.900823E+1	1.250333E-3	2.781945E-1
6.900819E+1	1.253333E-3	2.785281E-1
6.900813E+1	9.610000E-4	2.788617E-1
6.900809E+1	1.154333E-3	2.791952E-1
6.900803E+1	1.213000E-3	2.795288E-1
6.900799E+1	1.177333E-3	2.798624E-1
6.900793E+1	1.050333E-3	2.801960E-1
6.900789E+1	9.946667E-4	2.805295E-1
6.900784E+1	9.786667E-4	2.808631E-1
6.900778E+1	8.843333E-4	2.811967E-1
6.900774E+1	9.873334E-4	2.815302E-1
6.900768E+1	9.450000E-4	2.818638E-1
6.900764E+1	8.790000E-4	2.821974E-1
6.900758E+1	8.866666E-4	2.825309E-1
6.900754E+1	9.956667E-4	2.828645E-1
6.900748E+1	1.074667E-3	2.831981E-1
6.900744E+1	1.104000E-3	2.835316E-1
6.900739E+1	9.483334E-4	2.838652E-1
6.900733E+1	8.480000E-4	2.841988E-1
6.900729E+1	8.653333E-4	2.845323E-1
6.900723E+1	8.433333E-4	2.848659E-1
6.900719E+1	8.413334E-4	2.851995E-1
6.900713E+1	8.726667E-4	2.855330E-1
6.900709E+1	9.496667E-4	2.858666E-1
6.900703E+1	1.025333E-3	2.862001E-1
6.900699E+1	1.012333E-3	2.865337E-1
6.900694E+1	1.031333E-3	2.868673E-1
6.900688E+1	1.018667E-3	2.872008E-1
6.900684E+1	9.056667E-4	2.875344E-1
6.900678E+1	8.370000E-4	2.878680E-1
6.900674E+1	8.250000E-4	2.882015E-1
6.900668E+1	8.353333E-4	2.885351E-1
6.900664E+1	9.390000E-4	2.888687E-1
6.900658E+1	9.643334E-4	2.892022E-1
6.900654E+1	9.243333E-4	2.895358E-1
6.900648E+1	8.460000E-4	2.898694E-1
6.900643E+1	8.063333E-4	2.902029E-1
6.900639E+1	8.020000E-4	2.905365E-1
6.900633E+1	8.293333E-4	2.908701E-1
6.900629E+1	8.433333E-4	2.912036E-1
6.900623E+1	8.820000E-4	2.915372E-1
6.900619E+1	8.880000E-4	2.918708E-1
6.900613E+1	8.770000E-4	2.922044E-1
6.900609E+1	8.256666E-4	2.925379E-1
6.900603E+1	7.833333E-4	2.928715E-1
6.900598E+1	7.763333E-4	2.932051E-1
6.900594E+1	7.960000E-4	2.935386E-1
6.900588E+1	8.050000E-4	2.938722E-1
6.900584E+1	8.190000E-4	2.942058E-1
6.900578E+1	8.316667E-4	2.945393E-1
6.900574E+1	8.180000E-4	2.948729E-1
6.900568E+1	7.856667E-4	2.952065E-1
6.900564E+1	7.950000E-4	2.955400E-1
6.900558E+1	7.656667E-4	2.958736E-1
6.900553E+1	7.423334E-4	2.962072E-1
6.900549E+1	7.456667E-4	2.965407E-1
6.900543E+1	7.483333E-4	2.968743E-1
6.900539E+1	7.503334E-4	2.972079E-1
6.900533E+1	7.736667E-4	2.975414E-1
6.900529E+1	7.733334E-4	2.978750E-1
6.900523E+1	8.300000E-4	2.982085E-1
6.900519E+1	8.153333E-4	2.985421E-1
6.900513E+1	7.756667E-4	2.988757E-1
6.900509E+1	8.073333E-4	2.992092E-1
6.900504E+1	7.710000E-4	2.995428E-1
6.900498E+1	7.570000E-4	2.998764E-1
6.900494E+1	7.663333E-4	3.002099E-1
6.900488E+1	7.943333E-4	3.005435E-1
6.900484E+1	7.960000E-4	3.008771E-1
6.900478E+1	7.793333E-4	3.012106E-1
6.900474E+1	7.270000E-4	3.015442E-1
6.900468E+1	7.310000E-4	3.018778E-1
6.900464E+1	7.003333E-4	3.022113E-1
6.900459E+1	6.970000E-4	3.025449E-1
6.900453E+1	6.943333E-4	3.028785E-1
6.900449E+1	7.006667E-4	3.032120E-1
6.900443E+1	7.393333E-4	3.035456E-1
6.900439E+1	7.843333E-4	3.038792E-1
6.900433E+1	7.496667E-4	3.042127E-1
6.900429E+1	7.256666E-4	3.045463E-1
6.900423E+1	7.733334E-4	3.048799E-1
6.900419E+1	7.410000E-4	3.052135E-1
6.900414E+1	6.983333E-4	3.055470E-1
6.900408E+1	6.830000E-4	3.058806E-1
6.900404E+1	7.256666E-4	3.062142E-1
6.900398E+1	7.483333E-4	3.065477E-1
6.900394E+1	7.746667E-4	3.068813E-1
6.900388E+1	7.696667E-4	3.072149E-1
6.900384E+1	7.610000E-4	3.075484E-1
6.900378E+1	7.550000E-4	3.078820E-1
6.900374E+1	7.560000E-4	3.082156E-1
6.900368E+1	7.306667E-4	3.085491E-1
6.900363E+1	7.436667E-4	3.088827E-1
6.900359E+1	7.113334E-4	3.092162E-1
6.900353E+1	7.563333E-4	3.095498E-1
6.900349E+1	7.353333E-4	3.098834E-1
6.900343E+1	7.410000E-4	3.102169E-1
6.900339E+1	7.506667E-4	3.105505E-1
6.900333E+1	7.343334E-4	3.108841E-1
6.900329E+1	6.783333E-4	3.112176E-1
6.900323E+1	6.876666E-4	3.115512E-1
6.900318E+1	7.336666E-4	3.118848E-1
6.900314E+1	7.430000E-4	3.122183E-1
6.900308E+1	7.003333E-4	3.125519E-1
6.900304E+1	7.203333E-4	3.128855E-1
6.900298E+1	7.456667E-4	3.132190E-1
6.900294E+1	7.440000E-4	3.135526E-1
6.900288E+1	7.446667E-4	3.138862E-1
6.900284E+1	6.996667E-4	3.142197E-1
6.900278E+1	6.800000E-4	3.145533E-1
6.900273E+1	6.720000E-4	3.148869E-1
6.900269E+1	6.920000E-4	3.152204E-1
6.900263E+1	6.620000E-4	3.155540E-1
6.900259E+1	6.583334E-4	3.158876E-1
6.900253E+1	7.053333E-4	3.162211E-1
6.900249E+1	7.173333E-4	3.165547E-1
6.900243E+1	7.353333E-4	3.168883E-1
6.900239E+1	7.256666E-4	3.172219E-1
6.900233E+1	6.800000E-4	3.175554E-1
6.900228E+1	6.556667E-4	3.178890E-1
6.900224E+1	7.110000E-4	3.182226E-1
6.900218E+1	6.943333E-4	3.185561E-1
6.900214E+1	6.680000E-4	3.188897E-1
6.900208E+1	7.193334E-4	3.192233E-1
6.900204E+1	7.276667E-4	3.195568E-1
6.900198E+1	6.650000E-4	3.198904E-1
6.900194E+1	6.596667E-4	3.202240E-1
6.900188E+1	7.003333E-4	3.205575E-1
6.900184E+1	7.073333E-4	3.208911E-1
6.900179E+1	7.143333E-4	3.212246E-1
6.900173E+1	7.326666E-4	3.215582E-1
6.900169E+1	7.366667E-4	3.218918E-1
6.900163E+1	7.013333E-4	3.222253E-1
6.900159E+1	6.713333E-4	3.225589E-1
6.900153E+1	6.536667E-4	3.228925E-1
6.900149E+1	6.610000E-4	3.232260E-1
6.900143E+1	7.153333E-4	3.235596E-1
6.900139E+1	7.353333E-4	3.238932E-1
6.900134E+1	7.320000E-4	3.242267E-1
6.900128E+1	7.000000E-4	3.245603E-1
6.900124E+1	6.593333E-4	3.248939E-1
6.900118E+1	6.483333E-4	3.252274E-1
6.900114E+1	6.553333E-4	3.255610E-1
6.900108E+1	6.573334E-4	3.258946E-1
6.900104E+1	6.930000E-4	3.262281E-1
6.900098E+1	6.480000E-4	3.265617E-1
6.900094E+1	6.900000E-4	3.268953E-1
6.900089E+1	6.806666E-4	3.272288E-1
6.900083E+1	6.936667E-4	3.275624E-1
6.900079E+1	7.190000E-4	3.278960E-1
6.900073E+1	6.900000E-4	3.282295E-1
6.900069E+1	7.260000E-4	3.285631E-1
6.900063E+1	7.193334E-4	3.288967E-1
6.900059E+1	6.760000E-4	3.292302E-1
6.900053E+1	7.193334E-4	3.295638E-1
6.900049E+1	6.643333E-4	3.298974E-1
6.900043E+1	6.843333E-4	3.302310E-1
6.900038E+1	6.680000E-4	3.305645E-1
6.900034E+1	6.646666E-4	3.308981E-1
6.900028E+1	7.096666E-4	3.312317E-1
6.900024E+1	6.663333E-4	3.315652E-1
6.900018E+1	6.663333E-4	3.318988E-1
6.900014E+1	6.463333E-4	3.322323E-1
6.900008E+1	6.440000E-4	3.325659E-1
6.900004E+1	6.563333E-4	3.328995E-1
6.899998E+1	6.490000E-4	3.332330E-1
6.899993E+1	6.556667E-4	3.335666E-1
6.899989E+1	7.023333E-4	3.339002E-1
6.899983E+1	6.873333E-4	3.342337E-1
6.899979E+1	6.460000E-4	3.345673E-1
6.899973E+1	6.513333E-4	3.349009E-1
6.899969E+1	6.596667E-4	3.352344E-1
6.899963E+1	6.553333E-4	3.355680E-1
6.899959E+1	6.573334E-4	3.359016E-1
6.899953E+1	6.866667E-4	3.362351E-1
6.899948E+1	7.036667E-4	3.365687E-1
6.899944E+1	7.186666E-4	3.369023E-1
6.899938E+1	7.030000E-4	3.372358E-1
6.899934E+1	6.803334E-4	3.375694E-1
6.899928E+1	6.863333E-4	3.379030E-1
6.899924E+1	6.513333E-4	3.382365E-1
6.899918E+1	6.573334E-4	3.385701E-1
6.899914E+1	6.896667E-4	3.389037E-1
6.899908E+1	7.106666E-4	3.392372E-1
6.899904E+1	6.946666E-4	3.395708E-1
6.899899E+1	6.543333E-4	3.399044E-1
6.899893E+1	6.763333E-4	3.402379E-1
6.899889E+1	7.090000E-4	3.405715E-1
6.899883E+1	7.073333E-4	3.409051E-1
6.899879E+1	7.083333E-4	3.412386E-1
6.899873E+1	7.090000E-4	3.415722E-1
6.899869E+1	7.030000E-4	3.419058E-1
6.899863E+1	6.960000E-4	3.422394E-1
6.899859E+1	6.843333E-4	3.425729E-1
6.899854E+1	6.713333E-4	3.429065E-1
6.899848E+1	6.566666E-4	3.432401E-1
6.899844E+1	6.590000E-4	3.435736E-1
6.899838E+1	6.576666E-4	3.439072E-1
6.899834E+1	6.836667E-4	3.442407E-1
6.899828E+1	6.993333E-4	3.445743E-1
6.899824E+1	6.613333E-4	3.449079E-1
6.899818E+1	6.623333E-4	3.452414E-1
6.899814E+1	6.826667E-4	3.455750E-1
6.899809E+1	7.026666E-4	3.459086E-1
6.899803E+1	7.030000E-4	3.462421E-1
6.899799E+1	7.036667E-4	3.465757E-1
6.899793E+1	7.060000E-4	3.469093E-1
6.899789E+1	6.993333E-4	3.472428E-1
6.899783E+1	7.096666E-4	3.475764E-1
6.899779E+1	6.860000E-4	3.479100E-1
6.899773E+1	6.586667E-4	3.482435E-1
6.899769E+1	6.890000E-4	3.485771E-1
6.899763E+1	7.020000E-4	3.489107E-1
6.899758E+1	6.993333E-4	3.492442E-1
6.899754E+1	7.043334E-4	3.495778E-1
6.899748E+1	6.703333E-4	3.499114E-1
6.899744E+1	6.540000E-4	3.502449E-1
6.899738E+1	6.630000E-4	3.505785E-1
6.899734E+1	6.833333E-4	3.509121E-1
6.899728E+1	6.873333E-4	3.512456E-1
6.899724E+1	6.993333E-4	3.515792E-1
6.899718E+1	7.010000E-4	3.519128E-1
6.899713E+1	6.960000E-4	3.522463E-1
6.899709E+1	6.646666E-4	3.525799E-1
6.899703E+1	6.540000E-4	3.529135E-1
6.899699E+1	6.666667E-4	3.532470E-1
6.899693E+1	6.850000E-4	3.535806E-1
6.899689E+1	6.756667E-4	3.539142E-1
6.899683E+1	6.686667E-4	3.542477E-1
6.899679E+1	6.520000E-4	3.545813E-1
6.899673E+1	6.646666E-4	3.549149E-1
6.899668E+1	6.740000E-4	3.552485E-1
6.899664E+1	6.580000E-4	3.555820E-1
6.899658E+1	6.496666E-4	3.559156E-1
6.899654E+1	6.743333E-4	3.562491E-1
6.899648E+1	6.836667E-4	3.565827E-1
6.899644E+1	6.823333E-4	3.569163E-1
6.899638E+1	6.940000E-4	3.572498E-1
6.899634E+1	6.916667E-4	3.575834E-1
6.899628E+1	6.676667E-4	3.579170E-1
6.899624E+1	6.543333E-4	3.582505E-1
6.899619E+1	6.746667E-4	3.585841E-1
6.899613E+1	6.996667E-4	3.589177E-1
6.899609E+1	6.976667E-4	3.592512E-1
6.899603E+1	6.973333E-4	3.595848E-1
6.899599E+1	6.850000E-4	3.599184E-1
6.899593E+1	6.723333E-4	3.602519E-1
6.899589E+1	6.626667E-4	3.605855E-1
6.899583E+1	6.793333E-4	3.609191E-1
6.899579E+1	6.910000E-4	3.612526E-1
6.899574E+1	6.956666E-4	3.615862E-1
6.899568E+1	6.863333E-4	3.619198E-1
6.899564E+1	6.866667E-4	3.622533E-1
6.899558E+1	6.900000E-4	3.625869E-1
6.899554E+1	6.873333E-4	3.629205E-1
6.899548E+1	6.776667E-4	3.632540E-1
6.899544E+1	6.696667E-4	3.635876E-1
6.899538E+1	6.583334E-4	3.639212E-1
6.899534E+1	6.583334E-4	3.642547E-1
6.899529E+1	6.640000E-4	3.645883E-1
6.899523E+1	6.726666E-4	3.649219E-1
6.899519E+1	6.866667E-4	3.652554E-1
6.899513E+1	6.846667E-4	3.655890E-1
6.899509E+1	6.880000E-4	3.659226E-1
6.899503E+1	6.933333E-4	3.662561E-1
6.899499E+1	6.806666E-4	3.665897E-1
