6.966392E+1	2.680000E-4	0.000000E+0
6.966387E+1	2.650000E-4	3.335666E-4
6.966382E+1	2.680000E-4	6.671332E-4
6.966377E+1	2.690000E-4	1.000700E-3
6.966372E+1	2.700000E-4	1.334266E-3
6.966367E+1	2.730000E-4	1.667833E-3
6.966362E+1	2.700000E-4	2.001400E-3
6.966357E+1	2.670000E-4	2.334966E-3
6.966352E+1	2.710000E-4	2.668533E-3
6.966347E+1	2.680000E-4	3.002099E-3
6.966342E+1	2.690000E-4	3.335666E-3
6.966337E+1	2.710000E-4	3.669233E-3
6.966332E+1	2.750000E-4	4.002799E-3
6.966327E+1	2.710000E-4	4.336366E-3
6.966322E+1	2.740000E-4	4.669933E-3
6.966317E+1	2.740000E-4	5.003499E-3
6.966312E+1	2.770000E-4	5.337066E-3
6.966307E+1	2.720000E-4	5.670632E-3
6.966302E+1	2.740000E-4	6.004199E-3
6.966297E+1	2.730000E-4	6.337766E-3
6.966292E+1	2.780000E-4	6.671332E-3
6.966287E+1	2.810000E-4	7.004899E-3
6.966282E+1	2.770000E-4	7.338465E-3
6.966277E+1	2.800000E-4	7.672032E-3
6.966272E+1	2.810000E-4	8.005599E-3
6.966267E+1	2.780000E-4	8.339165E-3
6.966262E+1	2.770000E-4	8.672732E-3
6.966257E+1	2.740000E-4	9.006298E-3
6.966252E+1	2.720000E-4	9.339865E-3
6.966247E+1	2.770000E-4	9.673432E-3
6.966242E+1	2.790000E-4	1.000700E-2
6.966237E+1	2.770000E-4	1.034056E-2
6.966232E+1	2.830000E-4	1.067413E-2
6.966227E+1	2.820000E-4	1.100770E-2
6.966222E+1	2.800000E-4	1.134126E-2
6.966217E+1	2.740000E-4	1.167483E-2
6.966212E+1	2.780000E-4	1.200840E-2
6.966207E+1	2.720000E-4	1.234196E-2
6.966202E+1	2.710000E-4	1.267553E-2
6.966197E+1	2.780000E-4	1.300910E-2
6.966192E+1	2.790000E-4	1.334266E-2
6.966187E+1	2.700000E-4	1.367623E-2
6.966182E+1	2.710000E-4	1.400980E-2
6.966177E+1	2.740000E-4	1.434336E-2
6.966172E+1	2.710000E-4	1.467693E-2
6.966167E+1	2.710000E-4	1.501050E-2
6.966162E+1	2.750000E-4	1.534406E-2
6.966157E+1	2.730000E-4	1.567763E-2
6.966152E+1	2.720000E-4	1.601120E-2
6.966147E+1	2.760000E-4	1.634476E-2
6.966142E+1	2.740000E-4	1.667833E-2
6.966137E+1	2.750000E-4	1.701190E-2
6.966132E+1	2.700000E-4	1.734546E-2
6.966127E+1	2.740000E-4	1.767903E-2
6.966122E+1	2.750000E-4	1.801260E-2
6.966117E+1	2.760000E-4	1.834616E-2
6.966112E+1	2.730000E-4	1.867973E-2
6.966107E+1	2.710000E-4	1.901330E-2
6.966102E+1	2.690000E-4	1.934686E-2
6.966097E+1	2.730000E-4	1.968043E-2
6.966092E+1	2.660000E-4	2.001400E-2
6.966087E+1	2.730000E-4	2.034756E-2
6.966082E+1	2.720000E-4	2.068113E-2
6.966077E+1	2.680000E-4	2.101470E-2
6.966072E+1	2.710000E-4	2.134826E-2
6.966067E+1	2.750000E-4	2.168183E-2
6.966062E+1	2.750000E-4	2.201540E-2
6.966057E+1	2.720000E-4	2.234896E-2
6.966052E+1	2.700000E-4	2.268253E-2
6.966047E+1	2.700000E-4	2.301610E-2
6.966042E+1	2.740000E-4	2.334966E-2
6.966037E+1	2.780000E-4	2.368323E-2
6.966032E+1	2.810000E-4	2.401680E-2
6.966027E+1	2.820000E-4	2.435036E-2
6.966022E+1	2.800000E-4	2.468393E-2
6.966017E+1	2.800000E-4	2.501750E-2
6.966012E+1	2.780000E-4	2.535106E-2
6.966007E+1	2.730000E-4	2.568463E-2
6.966002E+1	2.760000E-4	2.601819E-2
6.965997E+1	2.770000E-4	2.635176E-2
6.965992E+1	2.820000E-4	2.668533E-2
6.965987E+1	2.870000E-4	2.701890E-2
6.965982E+1	2.850000E-4	2.735246E-2
6.965977E+1	2.810000E-4	2.768603E-2
6.965972E+1	2.760000E-4	2.801960E-2
6.965967E+1	2.780000E-4	2.835316E-2
6.965962E+1	2.870000E-4	2.868673E-2
6.965957E+1	2.870000E-4	2.902029E-2
6.965952E+1	2.880000E-4	2.935386E-2
6.965947E+1	2.840000E-4	2.968743E-2
6.965942E+1	2.860000E-4	3.002100E-2
6.965937E+1	2.850000E-4	3.035456E-2
6.965932E+1	2.810000E-4	3.068813E-2
6.965927E+1	2.770000E-4	3.102169E-2
6.965922E+1	2.830000E-4	3.135526E-2
6.965917E+1	2.870000E-4	3.168883E-2
6.965912E+1	2.870000E-4	3.202239E-2
6.965907E+1	2.830000E-4	3.235596E-2
6.965902E+1	2.810000E-4	3.268953E-2
6.965897E+1	2.800000E-4	3.302309E-2
6.965892E+1	2.790000E-4	3.335666E-2
6.965887E+1	2.840000E-4	3.369023E-2
6.965882E+1	2.870000E-4	3.402380E-2
6.965877E+1	2.880000E-4	3.435736E-2
6.965872E+1	2.830000E-4	3.469093E-2
6.965867E+1	2.860000E-4	3.502449E-2
6.965862E+1	2.840000E-4	3.535806E-2
6.965857E+1	2.820000E-4	3.569163E-2
6.965852E+1	2.790000E-4	3.602519E-2
6.965847E+1	2.800000E-4	3.635876E-2
6.965842E+1	2.840000E-4	3.669233E-2
6.965837E+1	2.870000E-4	3.702589E-2
6.965832E+1	2.860000E-4	3.735946E-2
6.965827E+1	2.880000E-4	3.769303E-2
6.965822E+1	2.880000E-4	3.802659E-2
6.965817E+1	2.880000E-4	3.836016E-2
6.965812E+1	2.830000E-4	3.869373E-2
6.965807E+1	2.860000E-4	3.902729E-2
6.965802E+1	2.850000E-4	3.936086E-2
6.965797E+1	2.880000E-4	3.969442E-2
6.965792E+1	2.860000E-4	4.002799E-2
6.965787E+1	2.890000E-4	4.036156E-2
6.965782E+1	2.820000E-4	4.069513E-2
6.965777E+1	2.760000E-4	4.102869E-2
6.965772E+1	2.820000E-4	4.136226E-2
6.965767E+1	2.810000E-4	4.169583E-2
6.965762E+1	2.870000E-4	4.202939E-2
6.965757E+1	2.910000E-4	4.236296E-2
6.965752E+1	2.920000E-4	4.269652E-2
6.965747E+1	3.000000E-4	4.303009E-2
6.965742E+1	2.980000E-4	4.336366E-2
6.965737E+1	2.850000E-4	4.369723E-2
6.965732E+1	2.960000E-4	4.403079E-2
6.965727E+1	2.980000E-4	4.436436E-2
6.965722E+1	2.930000E-4	4.469793E-2
6.965717E+1	2.930000E-4	4.503149E-2
6.965712E+1	3.050000E-4	4.536506E-2
6.965707E+1	3.070000E-4	4.569862E-2
6.965702E+1	3.000000E-4	4.603219E-2
6.965697E+1	3.100000E-4	4.636576E-2
6.965692E+1	3.130000E-4	4.669933E-2
6.965687E+1	3.060000E-4	4.703289E-2
6.965682E+1	3.010000E-4	4.736646E-2
6.965677E+1	2.970000E-4	4.770003E-2
6.965672E+1	2.990000E-4	4.803359E-2
6.965667E+1	3.160000E-4	4.836716E-2
6.965662E+1	3.220000E-4	4.870072E-2
6.965657E+1	3.010000E-4	4.903429E-2
6.965652E+1	2.970000E-4	4.936786E-2
6.965647E+1	3.040000E-4	4.970143E-2
6.965642E+1	3.020000E-4	5.003499E-2
6.965637E+1	3.050000E-4	5.036856E-2
6.965632E+1	3.070000E-4	5.070212E-2
6.965627E+1	3.150000E-4	5.103569E-2
6.965622E+1	3.170000E-4	5.136926E-2
6.965617E+1	3.120000E-4	5.170282E-2
6.965612E+1	3.060000E-4	5.203639E-2
6.965607E+1	3.150000E-4	5.236996E-2
6.965602E+1	3.130000E-4	5.270352E-2
6.965597E+1	3.150000E-4	5.303709E-2
6.965592E+1	3.230000E-4	5.337066E-2
6.965587E+1	3.270000E-4	5.370422E-2
6.965582E+1	3.230000E-4	5.403779E-2
6.965577E+1	3.220000E-4	5.437136E-2
6.965572E+1	3.330000E-4	5.470492E-2
6.965567E+1	3.310000E-4	5.503849E-2
6.965562E+1	3.370000E-4	5.537206E-2
6.965557E+1	3.340000E-4	5.570562E-2
6.965552E+1	3.350000E-4	5.603919E-2
6.965547E+1	3.350000E-4	5.637276E-2
6.965542E+1	3.350000E-4	5.670632E-2
6.965537E+1	3.420000E-4	5.703989E-2
6.965532E+1	3.430000E-4	5.737346E-2
6.965527E+1	3.370000E-4	5.770702E-2
6.965522E+1	3.390000E-4	5.804059E-2
6.965517E+1	3.350000E-4	5.837416E-2
6.965512E+1	3.380000E-4	5.870772E-2
6.965507E+1	3.390000E-4	5.904129E-2
6.965502E+1	3.450000E-4	5.937486E-2
6.965497E+1	3.510000E-4	5.970842E-2
6.965492E+1	3.530000E-4	6.004199E-2
6.965487E+1	3.520000E-4	6.037556E-2
6.965482E+1	3.540000E-4	6.070912E-2
6.965477E+1	3.550000E-4	6.104269E-2
6.965472E+1	3.740000E-4	6.137626E-2
6.965467E+1	3.790000E-4	6.170982E-2
6.965462E+1	3.780000E-4	6.204339E-2
6.965457E+1	3.780000E-4	6.237696E-2
6.965452E+1	3.820000E-4	6.271052E-2
6.965447E+1	3.770000E-4	6.304409E-2
6.965442E+1	3.620000E-4	6.337766E-2
6.965437E+1	3.710000E-4	6.371122E-2
6.965432E+1	3.990000E-4	6.404479E-2
6.965427E+1	4.110000E-4	6.437836E-2
6.965422E+1	4.040000E-4	6.471192E-2
6.965417E+1	3.970000E-4	6.504549E-2
6.965412E+1	3.980000E-4	6.537905E-2
6.965407E+1	3.800000E-4	6.571262E-2
6.965402E+1	3.970000E-4	6.604619E-2
6.965397E+1	3.970000E-4	6.637976E-2
6.965392E+1	4.300000E-4	6.671332E-2
6.965387E+1	3.900000E-4	6.704689E-2
6.965382E+1	4.210000E-4	6.738046E-2
6.965377E+1	4.340000E-4	6.771402E-2
6.965372E+1	3.900000E-4	6.804759E-2
6.965367E+1	3.900000E-4	6.838115E-2
6.965362E+1	3.860000E-4	6.871472E-2
6.965357E+1	4.330000E-4	6.904829E-2
6.965352E+1	3.960000E-4	6.938186E-2
6.965347E+1	3.880000E-4	6.971542E-2
6.965342E+1	4.110000E-4	7.004899E-2
6.965337E+1	4.190000E-4	7.038256E-2
6.965332E+1	3.860000E-4	7.071612E-2
6.965327E+1	4.180000E-4	7.104969E-2
6.965322E+1	4.360000E-4	7.138325E-2
6.965317E+1	3.880000E-4	7.171682E-2
6.965312E+1	3.850000E-4	7.205039E-2
6.965307E+1	4.020000E-4	7.238396E-2
6.965302E+1	4.700000E-4	7.271752E-2
6.965297E+1	4.890000E-4	7.305109E-2
6.965292E+1	4.570000E-4	7.338465E-2
6.965287E+1	4.130000E-4	7.371822E-2
6.965282E+1	4.150000E-4	7.405179E-2
6.965277E+1	4.870000E-4	7.438535E-2
6.965272E+1	4.660000E-4	7.471892E-2
6.965267E+1	4.130000E-4	7.505248E-2
6.965262E+1	4.560000E-4	7.538605E-2
6.965257E+1	5.250000E-4	7.571962E-2
6.965252E+1	5.150000E-4	7.605319E-2
6.965247E+1	4.630000E-4	7.638675E-2
6.965242E+1	4.330000E-4	7.672032E-2
6.965237E+1	4.190000E-4	7.705389E-2
6.965232E+1	4.750000E-4	7.738745E-2
6.965227E+1	5.400000E-4	7.772102E-2
6.965222E+1	5.400000E-4	7.805458E-2
6.965217E+1	4.450000E-4	7.838815E-2
6.965212E+1	4.260000E-4	7.872172E-2
6.965207E+1	4.500000E-4	7.905529E-2
6.965202E+1	5.330000E-4	7.938885E-2
6.965197E+1	5.330000E-4	7.972242E-2
6.965192E+1	4.600000E-4	8.005599E-2
6.965187E+1	5.540000E-4	8.038955E-2
6.965182E+1	5.630000E-4	8.072312E-2
6.965177E+1	5.660000E-4	8.105668E-2
6.965172E+1	5.180000E-4	8.139025E-2
6.965167E+1	5.500000E-4	8.172382E-2
6.965162E+1	5.350000E-4	8.205739E-2
6.965157E+1	5.490000E-4	8.239095E-2
6.965152E+1	4.750000E-4	8.272452E-2
6.965147E+1	5.400000E-4	8.305808E-2
6.965142E+1	5.930000E-4	8.339165E-2
6.965137E+1	5.620000E-4	8.372522E-2
6.965132E+1	5.010000E-4	8.405878E-2
6.965127E+1	4.780000E-4	8.439235E-2
6.965122E+1	4.770000E-4	8.472592E-2
6.965117E+1	4.940000E-4	8.505949E-2
6.965112E+1	5.420000E-4	8.539305E-2
6.965107E+1	5.710000E-4	8.572662E-2
6.965102E+1	6.030000E-4	8.606018E-2
6.965097E+1	6.010000E-4	8.639375E-2
6.965092E+1	5.660000E-4	8.672732E-2
6.965087E+1	5.500000E-4	8.706088E-2
6.965082E+1	5.070000E-4	8.739445E-2
6.965077E+1	5.640000E-4	8.772802E-2
6.965072E+1	5.970000E-4	8.806159E-2
6.965067E+1	6.080000E-4	8.839515E-2
6.965062E+1	6.060000E-4	8.872872E-2
6.965057E+1	6.050000E-4	8.906228E-2
6.965052E+1	5.550000E-4	8.939585E-2
6.965047E+1	5.770000E-4	8.972942E-2
6.965042E+1	6.050000E-4	9.006298E-2
6.965037E+1	5.550000E-4	9.039655E-2
6.965032E+1	5.780000E-4	9.073012E-2
6.965027E+1	5.960000E-4	9.106369E-2
6.965022E+1	5.540000E-4	9.139725E-2
6.965017E+1	5.440000E-4	9.173082E-2
6.965012E+1	5.420000E-4	9.206438E-2
6.965007E+1	5.680000E-4	9.239795E-2
6.965002E+1	5.720000E-4	9.273152E-2
6.964997E+1	5.530000E-4	9.306508E-2
6.964992E+1	6.090000E-4	9.339865E-2
6.964987E+1	5.850000E-4	9.373222E-2
6.964982E+1	5.500000E-4	9.406579E-2
6.964977E+1	6.070000E-4	9.439935E-2
6.964972E+1	6.340000E-4	9.473292E-2
6.964967E+1	6.170000E-4	9.506648E-2
6.964962E+1	6.200000E-4	9.540005E-2
6.964957E+1	5.740000E-4	9.573361E-2
6.964952E+1	5.390000E-4	9.606718E-2
6.964947E+1	5.570000E-4	9.640075E-2
6.964942E+1	6.080000E-4	9.673432E-2
6.964937E+1	6.350000E-4	9.706789E-2
6.964932E+1	6.210000E-4	9.740145E-2
6.964927E+1	5.780000E-4	9.773502E-2
6.964922E+1	5.440000E-4	9.806858E-2
6.964917E+1	5.420000E-4	9.840215E-2
6.964912E+1	5.890000E-4	9.873571E-2
6.964907E+1	6.280000E-4	9.906928E-2
6.964902E+1	6.250000E-4	9.940285E-2
6.964897E+1	5.500000E-4	9.973641E-2
6.964892E+1	5.570000E-4	1.000700E-1
6.964887E+1	5.900000E-4	1.004035E-1
6.964882E+1	5.510000E-4	1.007371E-1
6.964877E+1	6.200000E-4	1.010707E-1
6.964872E+1	6.280000E-4	1.014042E-1
6.964867E+1	5.520000E-4	1.017378E-1
6.964862E+1	5.750000E-4	1.020714E-1
6.964857E+1	5.360000E-4	1.024050E-1
6.964852E+1	5.300000E-4	1.027385E-1
6.964847E+1	5.230000E-4	1.030721E-1
6.964842E+1	5.300000E-4	1.034056E-1
6.964837E+1	5.330000E-4	1.037392E-1
6.964832E+1	5.490000E-4	1.040728E-1
6.964827E+1	6.600000E-4	1.044063E-1
6.964822E+1	5.850000E-4	1.047399E-1
6.964817E+1	5.320000E-4	1.050735E-1
6.964812E+1	5.350000E-4	1.054070E-1
6.964807E+1	6.160000E-4	1.057406E-1
6.964802E+1	6.820000E-4	1.060742E-1
6.964797E+1	6.830000E-4	1.064077E-1
6.964792E+1	6.880000E-4	1.067413E-1
6.964787E+1	6.480000E-4	1.070749E-1
6.964782E+1	4.990000E-4	1.074084E-1
6.964777E+1	5.270000E-4	1.077420E-1
6.964772E+1	5.600000E-4	1.080756E-1
6.964767E+1	5.790000E-4	1.084091E-1
6.964762E+1	6.070000E-4	1.087427E-1
6.964757E+1	5.340000E-4	1.090763E-1
6.964752E+1	6.450000E-4	1.094098E-1
6.964747E+1	6.090000E-4	1.097434E-1
6.964742E+1	5.240000E-4	1.100770E-1
6.964737E+1	6.580000E-4	1.104105E-1
6.964732E+1	7.020000E-4	1.107441E-1
6.964727E+1	6.230000E-4	1.110777E-1
6.964722E+1	5.210000E-4	1.114112E-1
6.964717E+1	4.760000E-4	1.117448E-1
6.964712E+1	5.000000E-4	1.120784E-1
6.964707E+1	5.250000E-4	1.124119E-1
6.964702E+1	5.750000E-4	1.127455E-1
6.964697E+1	6.940000E-4	1.130791E-1
6.964692E+1	6.530000E-4	1.134126E-1
6.964687E+1	5.050000E-4	1.137462E-1
6.964682E+1	6.780000E-4	1.140798E-1
6.964677E+1	5.740000E-4	1.144133E-1
6.964672E+1	4.540000E-4	1.147469E-1
6.964667E+1	4.780000E-4	1.150805E-1
6.964662E+1	4.920000E-4	1.154140E-1
6.964657E+1	5.710000E-4	1.157476E-1
6.964652E+1	6.070000E-4	1.160812E-1
6.964647E+1	7.140000E-4	1.164147E-1
6.964642E+1	6.800000E-4	1.167483E-1
6.964637E+1	6.700000E-4	1.170819E-1
6.964632E+1	5.780000E-4	1.174154E-1
6.964627E+1	4.640000E-4	1.177490E-1
6.964622E+1	4.480000E-4	1.180826E-1
6.964617E+1	5.610000E-4	1.184161E-1
6.964612E+1	7.020000E-4	1.187497E-1
6.964607E+1	7.350000E-4	1.190833E-1
6.964602E+1	5.400000E-4	1.194168E-1
6.964597E+1	4.460000E-4	1.197504E-1
6.964592E+1	4.430000E-4	1.200840E-1
6.964587E+1	4.340000E-4	1.204175E-1
6.964582E+1	6.110000E-4	1.207511E-1
6.964577E+1	7.030000E-4	1.210847E-1
6.964572E+1	6.470000E-4	1.214182E-1
6.964567E+1	4.850000E-4	1.217518E-1
6.964562E+1	4.200000E-4	1.220854E-1
6.964557E+1	4.660000E-4	1.224189E-1
6.964552E+1	7.060000E-4	1.227525E-1
6.964547E+1	7.820000E-4	1.230861E-1
6.964542E+1	7.420000E-4	1.234196E-1
6.964537E+1	6.910000E-4	1.237532E-1
6.964532E+1	4.520000E-4	1.240868E-1
6.964527E+1	4.310000E-4	1.244203E-1
6.964522E+1	4.760000E-4	1.247539E-1
6.964517E+1	4.330000E-4	1.250875E-1
6.964512E+1	4.130000E-4	1.254210E-1
6.964507E+1	6.600000E-4	1.257546E-1
6.964502E+1	8.150000E-4	1.260882E-1
6.964497E+1	6.080000E-4	1.264217E-1
6.964492E+1	5.980000E-4	1.267553E-1
6.964487E+1	7.560000E-4	1.270889E-1
6.964482E+1	6.460000E-4	1.274224E-1
6.964477E+1	6.080000E-4	1.277560E-1
6.964472E+1	6.730000E-4	1.280896E-1
6.964467E+1	5.140000E-4	1.284231E-1
6.964462E+1	7.360000E-4	1.287567E-1
6.964457E+1	6.760000E-4	1.290903E-1
6.964452E+1	7.570000E-4	1.294238E-1
6.964447E+1	5.920000E-4	1.297574E-1
6.964442E+1	5.210000E-4	1.300910E-1
6.964437E+1	4.560000E-4	1.304245E-1
6.964432E+1	4.350000E-4	1.307581E-1
6.964427E+1	5.130000E-4	1.310917E-1
6.964422E+1	6.250000E-4	1.314252E-1
6.964417E+1	4.110000E-4	1.317588E-1
6.964412E+1	3.940000E-4	1.320924E-1
6.964407E+1	5.360000E-4	1.324259E-1
6.964402E+1	7.740000E-4	1.327595E-1
6.964397E+1	8.640000E-4	1.330931E-1
6.964392E+1	8.600000E-4	1.334266E-1
6.964387E+1	8.390000E-4	1.337602E-1
6.964382E+1	7.330000E-4	1.340938E-1
6.964377E+1	8.390000E-4	1.344273E-1
6.964372E+1	7.860000E-4	1.347609E-1
6.964367E+1	6.270000E-4	1.350945E-1
6.964362E+1	4.110000E-4	1.354280E-1
6.964357E+1	3.480000E-4	1.357616E-1
6.964352E+1	3.510000E-4	1.360952E-1
6.964347E+1	5.750000E-4	1.364287E-1
6.964342E+1	8.600000E-4	1.367623E-1
6.964337E+1	7.440000E-4	1.370959E-1
6.964332E+1	4.350000E-4	1.374294E-1
6.964327E+1	3.200000E-4	1.377630E-1
6.964322E+1	3.160000E-4	1.380966E-1
6.964317E+1	4.010000E-4	1.384301E-1
6.964312E+1	5.640000E-4	1.387637E-1
6.964307E+1	7.400000E-4	1.390973E-1
6.964302E+1	8.870000E-4	1.394308E-1
6.964297E+1	7.310000E-4	1.397644E-1
6.964292E+1	3.040000E-4	1.400980E-1
6.964287E+1	3.170000E-4	1.404315E-1
6.964282E+1	7.230000E-4	1.407651E-1
6.964277E+1	5.080000E-4	1.410987E-1
6.964272E+1	8.070000E-4	1.414322E-1
6.964267E+1	7.840000E-4	1.417658E-1
6.964262E+1	4.530000E-4	1.420994E-1
6.964257E+1	3.400000E-4	1.424329E-1
6.964252E+1	6.830000E-4	1.427665E-1
6.964247E+1	9.730000E-4	1.431001E-1
6.964242E+1	9.610000E-4	1.434336E-1
6.964237E+1	9.350000E-4	1.437672E-1
6.964232E+1	7.480000E-4	1.441008E-1
6.964227E+1	3.460000E-4	1.444343E-1
6.964222E+1	2.690000E-4	1.447679E-1
6.964217E+1	3.120000E-4	1.451015E-1
6.964212E+1	6.850000E-4	1.454350E-1
6.964207E+1	7.250000E-4	1.457686E-1
6.964202E+1	6.740000E-4	1.461022E-1
6.964197E+1	9.690000E-4	1.464357E-1
6.964192E+1	9.540000E-4	1.467693E-1
6.964187E+1	9.040000E-4	1.471029E-1
6.964182E+1	9.470000E-4	1.474364E-1
6.964177E+1	4.900000E-4	1.477700E-1
6.964172E+1	5.970000E-4	1.481036E-1
6.964167E+1	1.050000E-3	1.484371E-1
6.964162E+1	9.240000E-4	1.487707E-1
6.964157E+1	1.047000E-3	1.491043E-1
6.964152E+1	8.340000E-4	1.494378E-1
6.964147E+1	3.380000E-4	1.497714E-1
6.964142E+1	4.080000E-4	1.501050E-1
6.964137E+1	9.960000E-4	1.504385E-1
6.964132E+1	8.360000E-4	1.507721E-1
6.964127E+1	3.080000E-4	1.511057E-1
6.964122E+1	3.400000E-4	1.514392E-1
6.964117E+1	3.230000E-4	1.517728E-1
6.964112E+1	2.700000E-4	1.521064E-1
6.964107E+1	2.760000E-4	1.524399E-1
6.964102E+1	3.160000E-4	1.527735E-1
6.964097E+1	6.420000E-4	1.531071E-1
6.964092E+1	1.057000E-3	1.534406E-1
6.964087E+1	4.860000E-4	1.537742E-1
6.964082E+1	2.700000E-4	1.541078E-1
6.964077E+1	5.220000E-4	1.544413E-1
6.964072E+1	6.760000E-4	1.547749E-1
6.964067E+1	1.036000E-3	1.551085E-1
6.964062E+1	6.730000E-4	1.554420E-1
6.964057E+1	3.160000E-4	1.557756E-1
6.964052E+1	2.240000E-4	1.561092E-1
6.964047E+1	2.190000E-4	1.564427E-1
6.964042E+1	1.610000E-4	1.567763E-1
6.964037E+1	1.670000E-4	1.571099E-1
6.964032E+1	3.710000E-4	1.574434E-1
6.964027E+1	8.810000E-4	1.577770E-1
6.964022E+1	1.160000E-3	1.581106E-1
6.964017E+1	1.149000E-3	1.584441E-1
6.964012E+1	8.290000E-4	1.587777E-1
6.964007E+1	3.250000E-4	1.591113E-1
6.964002E+1	2.510000E-4	1.594448E-1
6.963997E+1	7.390000E-4	1.597784E-1
6.963992E+1	1.085000E-3	1.601120E-1
6.963987E+1	1.167000E-3	1.604455E-1
6.963982E+1	8.550000E-4	1.607791E-1
6.963977E+1	2.220000E-4	1.611127E-1
6.963972E+1	2.620000E-4	1.614462E-1
6.963967E+1	3.180000E-4	1.617798E-1
6.963962E+1	1.015000E-3	1.621134E-1
6.963957E+1	4.150000E-4	1.624469E-1
6.963952E+1	4.270000E-4	1.627805E-1
6.963947E+1	8.800000E-4	1.631141E-1
6.963942E+1	1.221000E-3	1.634476E-1
6.963937E+1	9.620000E-4	1.637812E-1
6.963932E+1	2.600000E-4	1.641148E-1
6.963927E+1	1.770000E-4	1.644483E-1
6.963922E+1	6.050000E-4	1.647819E-1
6.963917E+1	1.128000E-3	1.651155E-1
6.963912E+1	1.258000E-3	1.654490E-1
6.963907E+1	7.300000E-4	1.657826E-1
6.963902E+1	5.480000E-4	1.661162E-1
6.963897E+1	5.480000E-4	1.664497E-1
6.963892E+1	1.880000E-4	1.667833E-1
6.963887E+1	4.850000E-4	1.671169E-1
6.963882E+1	1.064000E-3	1.674504E-1
6.963877E+1	3.320000E-4	1.677840E-1
6.963872E+1	1.320000E-4	1.681176E-1
6.963867E+1	4.350000E-4	1.684511E-1
6.963862E+1	1.069000E-3	1.687847E-1
6.963857E+1	1.058000E-3	1.691183E-1
6.963852E+1	2.900000E-4	1.694518E-1
6.963847E+1	1.260000E-4	1.697854E-1
6.963842E+1	4.540000E-4	1.701190E-1
6.963837E+1	1.139000E-3	1.704525E-1
6.963832E+1	1.204000E-3	1.707861E-1
6.963827E+1	1.018000E-3	1.711197E-1
6.963822E+1	1.159000E-3	1.714532E-1
6.963817E+1	5.180000E-4	1.717868E-1
6.963812E+1	3.590000E-4	1.721204E-1
6.963807E+1	1.340000E-4	1.724539E-1
6.963802E+1	1.040000E-4	1.727875E-1
6.963797E+1	1.900000E-4	1.731211E-1
6.963792E+1	1.110000E-4	1.734546E-1
6.963787E+1	1.220000E-4	1.737882E-1
6.963782E+1	1.130000E-4	1.741218E-1
6.963777E+1	2.150000E-4	1.744553E-1
6.963772E+1	2.920000E-4	1.747889E-1
6.963767E+1	7.100000E-4	1.751225E-1
6.963762E+1	1.094000E-3	1.754560E-1
6.963757E+1	1.279000E-3	1.757896E-1
6.963752E+1	1.178000E-3	1.761232E-1
6.963747E+1	5.270000E-4	1.764567E-1
6.963742E+1	1.650000E-4	1.767903E-1
6.963737E+1	1.020000E-4	1.771239E-1
6.963732E+1	4.070000E-4	1.774574E-1
6.963727E+1	9.540000E-4	1.777910E-1
6.963722E+1	1.204000E-3	1.781246E-1
6.963717E+1	1.069000E-3	1.784581E-1
6.963712E+1	3.150000E-4	1.787917E-1
6.963707E+1	5.710000E-4	1.791253E-1
6.963702E+1	1.027000E-3	1.794588E-1
6.963697E+1	6.620000E-4	1.797924E-1
6.963692E+1	3.510000E-4	1.801260E-1
6.963687E+1	2.250000E-4	1.804595E-1
6.963682E+1	1.130000E-4	1.807931E-1
6.963677E+1	1.070000E-4	1.811267E-1
6.963672E+1	5.760000E-4	1.814602E-1
6.963667E+1	1.133000E-3	1.817938E-1
6.963662E+1	1.110000E-3	1.821274E-1
6.963657E+1	1.220000E-3	1.824609E-1
6.963652E+1	2.700000E-4	1.827945E-1
6.963647E+1	2.430000E-4	1.831281E-1
6.963642E+1	6.160000E-4	1.834616E-1
6.963637E+1	6.190000E-4	1.837952E-1
6.963632E+1	2.340000E-4	1.841288E-1
6.963627E+1	3.520000E-4	1.844623E-1
6.963622E+1	7.930000E-4	1.847959E-1
6.963617E+1	1.004000E-3	1.851295E-1
6.963612E+1	3.260000E-4	1.854630E-1
6.963607E+1	3.310000E-4	1.857966E-1
6.963602E+1	5.410000E-4	1.861302E-1
6.963597E+1	6.090000E-4	1.864637E-1
6.963592E+1	1.010000E-3	1.867973E-1
6.963587E+1	9.240000E-4	1.871309E-1
6.963582E+1	1.840000E-4	1.874644E-1
6.963577E+1	3.040000E-4	1.877980E-1
6.963572E+1	5.310000E-4	1.881316E-1
6.963567E+1	2.580000E-4	1.884651E-1
6.963562E+1	2.170000E-4	1.887987E-1
6.963557E+1	2.920000E-4	1.891323E-1
6.963552E+1	1.052000E-3	1.894658E-1
6.963547E+1	4.780000E-4	1.897994E-1
6.963542E+1	1.350000E-4	1.901330E-1
6.963537E+1	5.540000E-4	1.904665E-1
6.963532E+1	1.218000E-3	1.908001E-1
6.963527E+1	1.248000E-3	1.911337E-1
6.963522E+1	9.800000E-4	1.914672E-1
6.963517E+1	4.320000E-4	1.918008E-1
6.963512E+1	2.210000E-4	1.921344E-1
6.963507E+1	3.040000E-4	1.924679E-1
6.963502E+1	1.078000E-3	1.928015E-1
6.963497E+1	4.570000E-4	1.931351E-1
6.963492E+1	1.340000E-4	1.934686E-1
6.963487E+1	1.900000E-4	1.938022E-1
6.963482E+1	2.680000E-4	1.941358E-1
6.963477E+1	6.760000E-4	1.944693E-1
6.963472E+1	7.280000E-4	1.948029E-1
6.963467E+1	5.220000E-4	1.951365E-1
6.963462E+1	4.930000E-4	1.954700E-1
6.963457E+1	7.030000E-4	1.958036E-1
6.963452E+1	9.290000E-4	1.961372E-1
6.963447E+1	1.192000E-3	1.964707E-1
6.963442E+1	6.970000E-4	1.968043E-1
6.963437E+1	1.690000E-4	1.971379E-1
6.963432E+1	2.120000E-4	1.974714E-1
6.963427E+1	6.900000E-4	1.978050E-1
6.963422E+1	9.780000E-4	1.981386E-1
6.963417E+1	1.164000E-3	1.984721E-1
6.963412E+1	1.070000E-3	1.988057E-1
6.963407E+1	9.610000E-4	1.991393E-1
6.963402E+1	6.270000E-4	1.994728E-1
6.963397E+1	2.280000E-4	1.998064E-1
6.963392E+1	4.950000E-4	2.001400E-1
6.963387E+1	2.320000E-4	2.004735E-1
6.963382E+1	9.720000E-4	2.008071E-1
6.963377E+1	6.200000E-4	2.011407E-1
6.963372E+1	2.770000E-4	2.014742E-1
6.963367E+1	7.120000E-4	2.018078E-1
6.963362E+1	7.800000E-4	2.021414E-1
6.963357E+1	8.840000E-4	2.024749E-1
6.963352E+1	1.219000E-3	2.028085E-1
6.963347E+1	1.141000E-3	2.031421E-1
6.963342E+1	1.152000E-3	2.034756E-1
6.963337E+1	1.041000E-3	2.038092E-1
6.963332E+1	3.590000E-4	2.041428E-1
6.963327E+1	5.960000E-4	2.044763E-1
6.963322E+1	1.115000E-3	2.048099E-1
6.963317E+1	1.192000E-3	2.051435E-1
6.963312E+1	9.330000E-4	2.054770E-1
6.963307E+1	3.600000E-4	2.058106E-1
6.963302E+1	2.530000E-4	2.061442E-1
6.963297E+1	7.440000E-4	2.064777E-1
6.963292E+1	1.036000E-3	2.068113E-1
6.963287E+1	9.790000E-4	2.071449E-1
6.963282E+1	8.790000E-4	2.074784E-1
6.963277E+1	9.780000E-4	2.078120E-1
6.963272E+1	8.150000E-4	2.081456E-1
6.963267E+1	6.500000E-4	2.084791E-1
6.963262E+1	3.150000E-4	2.088127E-1
6.963257E+1	2.570000E-4	2.091463E-1
6.963252E+1	5.200000E-4	2.094798E-1
6.963247E+1	8.500000E-4	2.098134E-1
6.963242E+1	1.096000E-3	2.101470E-1
6.963237E+1	7.450000E-4	2.104805E-1
6.963232E+1	3.800000E-4	2.108141E-1
6.963227E+1	2.420000E-4	2.111477E-1
6.963222E+1	4.200000E-4	2.114812E-1
6.963217E+1	9.180000E-4	2.118148E-1
6.963212E+1	8.490000E-4	2.121484E-1
6.963207E+1	4.490000E-4	2.124819E-1
6.963202E+1	2.740000E-4	2.128155E-1
6.963197E+1	3.130000E-4	2.131491E-1
6.963192E+1	5.210000E-4	2.134826E-1
6.963187E+1	6.570000E-4	2.138162E-1
6.963182E+1	1.000000E-3	2.141498E-1
6.963177E+1	9.950000E-4	2.144833E-1
6.963172E+1	9.550000E-4	2.148169E-1
6.963167E+1	6.650000E-4	2.151505E-1
6.963162E+1	4.470000E-4	2.154840E-1
6.963157E+1	3.930000E-4	2.158176E-1
6.963152E+1	5.190000E-4	2.161512E-1
6.963147E+1	9.650000E-4	2.164847E-1
6.963142E+1	5.380000E-4	2.168183E-1
6.963137E+1	4.830000E-4	2.171519E-1
6.963132E+1	9.250000E-4	2.174854E-1
6.963127E+1	5.560000E-4	2.178190E-1
6.963122E+1	4.770000E-4	2.181526E-1
6.963117E+1	3.060000E-4	2.184861E-1
6.963112E+1	4.160000E-4	2.188197E-1
6.963107E+1	9.300000E-4	2.191533E-1
6.963102E+1	5.410000E-4	2.194868E-1
6.963097E+1	3.540000E-4	2.198204E-1
6.963092E+1	3.530000E-4	2.201540E-1
6.963087E+1	5.550000E-4	2.204875E-1
6.963082E+1	9.190000E-4	2.208211E-1
6.963077E+1	8.240000E-4	2.211547E-1
6.963072E+1	5.760000E-4	2.214882E-1
6.963067E+1	9.150000E-4	2.218218E-1
6.963062E+1	7.130000E-4	2.221554E-1
6.963057E+1	6.430000E-4	2.224889E-1
6.963052E+1	5.570000E-4	2.228225E-1
6.963047E+1	5.370000E-4	2.231561E-1
6.963042E+1	4.970000E-4	2.234896E-1
6.963037E+1	6.810000E-4	2.238232E-1
6.963032E+1	4.250000E-4	2.241568E-1
6.963027E+1	5.040000E-4	2.244903E-1
6.963022E+1	8.450000E-4	2.248239E-1
6.963017E+1	8.860000E-4	2.251575E-1
6.963012E+1	8.920000E-4	2.254910E-1
6.963007E+1	6.110000E-4	2.258246E-1
6.963002E+1	3.790000E-4	2.261582E-1
6.962997E+1	4.200000E-4	2.264917E-1
6.962992E+1	7.000000E-4	2.268253E-1
6.962987E+1	5.100000E-4	2.271589E-1
6.962982E+1	8.010000E-4	2.274924E-1
6.962977E+1	7.230000E-4	2.278260E-1
6.962972E+1	4.310000E-4	2.281596E-1
6.962967E+1	5.010000E-4	2.284931E-1
6.962962E+1	7.030000E-4	2.288267E-1
6.962957E+1	7.740000E-4	2.291603E-1
6.962952E+1	6.130000E-4	2.294938E-1
6.962947E+1	5.390000E-4	2.298274E-1
6.962942E+1	7.360000E-4	2.301610E-1
6.962937E+1	7.860000E-4	2.304945E-1
6.962932E+1	8.140000E-4	2.308281E-1
6.962927E+1	5.740000E-4	2.311617E-1
6.962922E+1	4.600000E-4	2.314952E-1
6.962917E+1	4.550000E-4	2.318288E-1
6.962912E+1	4.570000E-4	2.321624E-1
6.962907E+1	5.940000E-4	2.324959E-1
6.962902E+1	6.780000E-4	2.328295E-1
6.962897E+1	7.470000E-4	2.331631E-1
6.962892E+1	5.510000E-4	2.334966E-1
6.962887E+1	6.900000E-4	2.338302E-1
6.962882E+1	5.930000E-4	2.341638E-1
6.962877E+1	5.320000E-4	2.344973E-1
6.962872E+1	5.610000E-4	2.348309E-1
6.962867E+1	5.710000E-4	2.351645E-1
6.962862E+1	5.280000E-4	2.354980E-1
6.962857E+1	5.260000E-4	2.358316E-1
6.962852E+1	5.220000E-4	2.361652E-1
6.962847E+1	7.420000E-4	2.364987E-1
6.962842E+1	7.910000E-4	2.368323E-1
6.962837E+1	7.270000E-4	2.371659E-1
6.962832E+1	6.500000E-4	2.374994E-1
6.962827E+1	7.250000E-4	2.378330E-1
6.962822E+1	7.820000E-4	2.381666E-1
6.962817E+1	6.770000E-4	2.385001E-1
6.962812E+1	6.340000E-4	2.388337E-1
6.962807E+1	5.780000E-4	2.391673E-1
6.962802E+1	5.450000E-4	2.395008E-1
6.962797E+1	5.560000E-4	2.398344E-1
6.962792E+1	5.500000E-4	2.401680E-1
6.962787E+1	5.270000E-4	2.405015E-1
6.962782E+1	5.180000E-4	2.408351E-1
6.962777E+1	5.390000E-4	2.411687E-1
6.962772E+1	6.690000E-4	2.415022E-1
6.962767E+1	7.140000E-4	2.418358E-1
6.962762E+1	7.630000E-4	2.421694E-1
6.962757E+1	6.480000E-4	2.425029E-1
6.962752E+1	5.610000E-4	2.428365E-1
6.962747E+1	5.710000E-4	2.431701E-1
6.962742E+1	6.290000E-4	2.435036E-1
6.962737E+1	7.210000E-4	2.438372E-1
6.962732E+1	7.700000E-4	2.441708E-1
6.962727E+1	7.130000E-4	2.445043E-1
6.962722E+1	5.860000E-4	2.448379E-1
6.962717E+1	6.070000E-4	2.451715E-1
6.962712E+1	5.730000E-4	2.455050E-1
6.962707E+1	6.220000E-4	2.458386E-1
6.962702E+1	6.720000E-4	2.461722E-1
6.962697E+1	7.340000E-4	2.465057E-1
6.962692E+1	7.600000E-4	2.468393E-1
6.962687E+1	7.620000E-4	2.471729E-1
6.962682E+1	7.640000E-4	2.475064E-1
6.962677E+1	7.530000E-4	2.478400E-1
6.962672E+1	6.710000E-4	2.481735E-1
6.962667E+1	5.730000E-4	2.485071E-1
6.962662E+1	5.860000E-4	2.488407E-1
6.962657E+1	6.230000E-4	2.491743E-1
6.962652E+1	6.430000E-4	2.495078E-1
6.962647E+1	6.700000E-4	2.498414E-1
6.962642E+1	7.400000E-4	2.501750E-1
6.962637E+1	6.630000E-4	2.505085E-1
6.962632E+1	5.890000E-4	2.508421E-1
6.962627E+1	6.070000E-4	2.511756E-1
6.962622E+1	6.530000E-4	2.515092E-1
6.962617E+1	6.900000E-4	2.518428E-1
6.962612E+1	7.040000E-4	2.521763E-1
6.962607E+1	7.250000E-4	2.525099E-1
6.962602E+1	6.590000E-4	2.528435E-1
6.962597E+1	7.330000E-4	2.531770E-1
6.962592E+1	6.820000E-4	2.535106E-1
6.962587E+1	6.330000E-4	2.538442E-1
6.962582E+1	6.580000E-4	2.541777E-1
6.962577E+1	7.230000E-4	2.545113E-1
6.962572E+1	7.220000E-4	2.548449E-1
6.962567E+1	6.800000E-4	2.551785E-1
6.962562E+1	6.110000E-4	2.555120E-1
6.962557E+1	6.420000E-4	2.558456E-1
6.962552E+1	7.460000E-4	2.561792E-1
6.962547E+1	7.520000E-4	2.565127E-1
6.962542E+1	7.240000E-4	2.568463E-1
6.962537E+1	7.430000E-4	2.571799E-1
6.962532E+1	7.390000E-4	2.575134E-1
6.962527E+1	7.410000E-4	2.578470E-1
6.962522E+1	6.500000E-4	2.581806E-1
6.962517E+1	6.840000E-4	2.585141E-1
6.962512E+1	7.310000E-4	2.588477E-1
6.962507E+1	7.300000E-4	2.591813E-1
6.962502E+1	6.600000E-4	2.595148E-1
6.962497E+1	6.790000E-4	2.598484E-1
6.962492E+1	7.250000E-4	2.601820E-1
6.962487E+1	6.700000E-4	2.605155E-1
6.962482E+1	6.310000E-4	2.608491E-1
6.962477E+1	6.920000E-4	2.611827E-1
6.962472E+1	7.310000E-4	2.615162E-1
6.962467E+1	7.420000E-4	2.618498E-1
6.962462E+1	7.240000E-4	2.621834E-1
6.962457E+1	6.850000E-4	2.625169E-1
6.962452E+1	6.200000E-4	2.628505E-1
6.962447E+1	6.200000E-4	2.631840E-1
6.962442E+1	6.610000E-4	2.635176E-1
6.962437E+1	6.910000E-4	2.638512E-1
6.962432E+1	6.820000E-4	2.641847E-1
6.962427E+1	7.220000E-4	2.645183E-1
6.962422E+1	7.200000E-4	2.648519E-1
6.962417E+1	7.120000E-4	2.651854E-1
6.962412E+1	6.530000E-4	2.655190E-1
6.962407E+1	6.540000E-4	2.658526E-1
6.962402E+1	7.160000E-4	2.661861E-1
6.962397E+1	7.060000E-4	2.665197E-1
6.962392E+1	6.480000E-4	2.668533E-1
6.962387E+1	5.920000E-4	2.671869E-1
6.962382E+1	5.990000E-4	2.675204E-1
6.962377E+1	6.070000E-4	2.678540E-1
6.962372E+1	6.430000E-4	2.681876E-1
6.962367E+1	6.540000E-4	2.685211E-1
6.962362E+1	6.810000E-4	2.688547E-1
6.962357E+1	7.090000E-4	2.691883E-1
6.962352E+1	7.190000E-4	2.695218E-1
6.962347E+1	7.100000E-4	2.698554E-1
6.962342E+1	6.870000E-4	2.701890E-1
6.962337E+1	6.450000E-4	2.705225E-1
6.962332E+1	5.950000E-4	2.708561E-1
6.962327E+1	6.010000E-4	2.711897E-1
6.962322E+1	6.860000E-4	2.715232E-1
6.962317E+1	6.690000E-4	2.718568E-1
6.962312E+1	5.810000E-4	2.721904E-1
6.962307E+1	5.850000E-4	2.725239E-1
6.962302E+1	6.400000E-4	2.728575E-1
6.962297E+1	6.990000E-4	2.731911E-1
6.962292E+1	7.060000E-4	2.735246E-1
6.962287E+1	7.120000E-4	2.738582E-1
6.962282E+1	7.070000E-4	2.741917E-1
6.962277E+1	6.910000E-4	2.745253E-1
6.962272E+1	6.460000E-4	2.748589E-1
6.962267E+1	6.020000E-4	2.751924E-1
6.962262E+1	5.760000E-4	2.755260E-1
6.962257E+1	6.660000E-4	2.758596E-1
6.962252E+1	6.900000E-4	2.761931E-1
6.962247E+1	6.810000E-4	2.765267E-1
6.962242E+1	6.580000E-4	2.768603E-1
6.962237E+1	6.230000E-4	2.771938E-1
6.962232E+1	5.410000E-4	2.775274E-1
6.962227E+1	6.450000E-4	2.778610E-1
6.962222E+1	6.780000E-4	2.781945E-1
6.962217E+1	6.430000E-4	2.785281E-1
6.962212E+1	5.620000E-4	2.788617E-1
6.962207E+1	5.250000E-4	2.791952E-1
6.962202E+1	5.490000E-4	2.795288E-1
6.962197E+1	6.170000E-4	2.798624E-1
6.962192E+1	6.540000E-4	2.801960E-1
6.962187E+1	6.120000E-4	2.805295E-1
6.962182E+1	6.280000E-4	2.808631E-1
6.962177E+1	6.550000E-4	2.811967E-1
6.962172E+1	6.430000E-4	2.815302E-1
6.962167E+1	6.130000E-4	2.818638E-1
6.962162E+1	5.840000E-4	2.821974E-1
6.962157E+1	5.200000E-4	2.825309E-1
6.962152E+1	5.680000E-4	2.828645E-1
6.962147E+1	5.880000E-4	2.831981E-1
6.962142E+1	5.100000E-4	2.835316E-1
6.962137E+1	4.970000E-4	2.838652E-1
6.962132E+1	5.010000E-4	2.841988E-1
6.962127E+1	5.140000E-4	2.845323E-1
6.962122E+1	5.350000E-4	2.848659E-1
6.962117E+1	6.150000E-4	2.851995E-1
6.962112E+1	5.610000E-4	2.855330E-1
6.962107E+1	4.770000E-4	2.858666E-1
6.962102E+1	4.990000E-4	2.862001E-1
6.962097E+1	4.900000E-4	2.865337E-1
6.962092E+1	5.000000E-4	2.868673E-1
6.962087E+1	5.820000E-4	2.872008E-1
6.962082E+1	6.100000E-4	2.875344E-1
6.962077E+1	5.500000E-4	2.878680E-1
6.962072E+1	4.700000E-4	2.882015E-1
6.962067E+1	5.490000E-4	2.885351E-1
6.962062E+1	5.620000E-4	2.888687E-1
6.962057E+1	5.090000E-4	2.892022E-1
6.962052E+1	4.400000E-4	2.895358E-1
6.962047E+1	4.370000E-4	2.898694E-1
6.962042E+1	5.160000E-4	2.902029E-1
6.962037E+1	4.850000E-4	2.905365E-1
6.962032E+1	4.840000E-4	2.908701E-1
6.962027E+1	5.290000E-4	2.912036E-1
6.962022E+1	5.710000E-4	2.915372E-1
6.962017E+1	4.760000E-4	2.918708E-1
6.962012E+1	4.710000E-4	2.922044E-1
6.962007E+1	4.600000E-4	2.925379E-1
6.962002E+1	4.710000E-4	2.928715E-1
6.961997E+1	5.140000E-4	2.932051E-1
6.961992E+1	5.230000E-4	2.935386E-1
6.961987E+1	5.580000E-4	2.938722E-1
6.961982E+1	5.520000E-4	2.942058E-1
6.961977E+1	5.600000E-4	2.945393E-1
6.961972E+1	5.440000E-4	2.948729E-1
6.961967E+1	5.150000E-4	2.952065E-1
6.961962E+1	5.190000E-4	2.955400E-1
6.961957E+1	4.460000E-4	2.958736E-1
6.961952E+1	4.470000E-4	2.962072E-1
6.961947E+1	4.550000E-4	2.965407E-1
6.961942E+1	5.200000E-4	2.968743E-1
6.961937E+1	4.920000E-4	2.972079E-1
6.961932E+1	4.340000E-4	2.975414E-1
6.961927E+1	4.510000E-4	2.978750E-1
6.961922E+1	4.520000E-4	2.982085E-1
6.961917E+1	4.520000E-4	2.985421E-1
6.961912E+1	4.780000E-4	2.988757E-1
6.961907E+1	4.940000E-4	2.992092E-1
6.961902E+1	4.940000E-4	2.995428E-1
6.961897E+1	4.500000E-4	2.998764E-1
6.961892E+1	4.230000E-4	3.002099E-1
6.961887E+1	4.200000E-4	3.005435E-1
6.961882E+1	4.470000E-4	3.008771E-1
6.961877E+1	4.190000E-4	3.012106E-1
6.961872E+1	4.310000E-4	3.015442E-1
6.961867E+1	4.470000E-4	3.018778E-1
6.961862E+1	4.000000E-4	3.022113E-1
6.961857E+1	3.920000E-4	3.025449E-1
6.961852E+1	3.940000E-4	3.028785E-1
6.961847E+1	3.760000E-4	3.032120E-1
6.961842E+1	3.970000E-4	3.035456E-1
6.961837E+1	4.230000E-4	3.038792E-1
6.961832E+1	4.330000E-4	3.042127E-1
6.961827E+1	4.110000E-4	3.045463E-1
6.961822E+1	4.080000E-4	3.048799E-1
6.961817E+1	3.820000E-4	3.052135E-1
6.961812E+1	3.720000E-4	3.055470E-1
6.961807E+1	4.000000E-4	3.058806E-1
6.961802E+1	4.100000E-4	3.062142E-1
6.961797E+1	4.240000E-4	3.065477E-1
6.961792E+1	4.170000E-4	3.068813E-1
6.961787E+1	3.740000E-4	3.072149E-1
6.961782E+1	4.020000E-4	3.075484E-1
6.961777E+1	4.060000E-4	3.078820E-1
6.961772E+1	4.100000E-4	3.082156E-1
6.961767E+1	4.040000E-4	3.085491E-1
6.961762E+1	3.890000E-4	3.088827E-1
6.961757E+1	3.600000E-4	3.092162E-1
6.961752E+1	3.460000E-4	3.095498E-1
6.961747E+1	3.480000E-4	3.098834E-1
6.961742E+1	3.460000E-4	3.102169E-1
6.961737E+1	3.540000E-4	3.105505E-1
6.961732E+1	3.650000E-4	3.108841E-1
6.961727E+1	3.640000E-4	3.112176E-1
6.961722E+1	3.520000E-4	3.115512E-1
6.961717E+1	3.590000E-4	3.118848E-1
6.961712E+1	3.820000E-4	3.122183E-1
6.961707E+1	3.840000E-4	3.125519E-1
6.961702E+1	3.550000E-4	3.128855E-1
6.961697E+1	3.400000E-4	3.132190E-1
6.961692E+1	3.680000E-4	3.135526E-1
6.961687E+1	3.370000E-4	3.138862E-1
6.961682E+1	3.160000E-4	3.142197E-1
6.961677E+1	3.220000E-4	3.145533E-1
6.961672E+1	3.270000E-4	3.148869E-1
6.961667E+1	3.190000E-4	3.152204E-1
6.961662E+1	3.280000E-4	3.155540E-1
6.961657E+1	3.220000E-4	3.158876E-1
6.961652E+1	3.170000E-4	3.162211E-1
6.961647E+1	3.300000E-4	3.165547E-1
6.961642E+1	3.550000E-4	3.168883E-1
6.961637E+1	3.540000E-4	3.172219E-1
6.961632E+1	3.380000E-4	3.175554E-1
6.961627E+1	3.290000E-4	3.178890E-1
6.961622E+1	3.210000E-4	3.182226E-1
6.961617E+1	3.060000E-4	3.185561E-1
6.961612E+1	3.090000E-4	3.188897E-1
6.961607E+1	3.270000E-4	3.192233E-1
6.961602E+1	3.350000E-4	3.195568E-1
6.961597E+1	3.350000E-4	3.198904E-1
6.961592E+1	3.000000E-4	3.202240E-1
6.961587E+1	3.030000E-4	3.205575E-1
6.961582E+1	3.260000E-4	3.208911E-1
6.961577E+1	3.210000E-4	3.212246E-1
6.961572E+1	3.340000E-4	3.215582E-1
6.961567E+1	3.330000E-4	3.218918E-1
6.961562E+1	3.270000E-4	3.222253E-1
6.961557E+1	3.120000E-4	3.225589E-1
6.961552E+1	2.910000E-4	3.228925E-1
6.961547E+1	2.890000E-4	3.232260E-1
6.961542E+1	2.910000E-4	3.235596E-1
6.961537E+1	2.920000E-4	3.238932E-1
6.961532E+1	2.900000E-4	3.242267E-1
6.961527E+1	3.200000E-4	3.245603E-1
6.961522E+1	3.280000E-4	3.248939E-1
6.961517E+1	3.230000E-4	3.252274E-1
6.961512E+1	3.160000E-4	3.255610E-1
6.961507E+1	3.000000E-4	3.258946E-1
6.961502E+1	2.850000E-4	3.262281E-1
6.961497E+1	3.040000E-4	3.265617E-1
6.961492E+1	2.840000E-4	3.268953E-1
6.961487E+1	2.810000E-4	3.272288E-1
6.961482E+1	2.820000E-4	3.275624E-1
6.961477E+1	2.850000E-4	3.278960E-1
6.961472E+1	2.910000E-4	3.282295E-1
6.961467E+1	2.960000E-4	3.285631E-1
6.961462E+1	3.070000E-4	3.288967E-1
6.961457E+1	3.040000E-4	3.292302E-1
6.961452E+1	2.820000E-4	3.295638E-1
6.961447E+1	2.900000E-4	3.298974E-1
6.961442E+1	3.050000E-4	3.302310E-1
6.961437E+1	3.090000E-4	3.305645E-1
6.961432E+1	3.090000E-4	3.308981E-1
6.961427E+1	3.110000E-4	3.312317E-1
6.961422E+1	3.050000E-4	3.315652E-1
6.961417E+1	2.830000E-4	3.318988E-1
6.961412E+1	2.780000E-4	3.322323E-1
6.961407E+1	2.770000E-4	3.325659E-1
6.961402E+1	2.780000E-4	3.328995E-1
6.961397E+1	2.970000E-4	3.332330E-1
6.961392E+1	3.050000E-4	3.335666E-1
6.961387E+1	3.090000E-4	3.339002E-1
6.961382E+1	3.070000E-4	3.342337E-1
6.961377E+1	2.920000E-4	3.345673E-1
6.961372E+1	2.950000E-4	3.349009E-1
6.961367E+1	2.780000E-4	3.352344E-1
6.961362E+1	2.790000E-4	3.355680E-1
6.961357E+1	2.940000E-4	3.359016E-1
6.961352E+1	2.970000E-4	3.362351E-1
6.961347E+1	3.020000E-4	3.365687E-1
6.961342E+1	3.010000E-4	3.369023E-1
6.961337E+1	3.010000E-4	3.372358E-1
6.961332E+1	2.960000E-4	3.375694E-1
6.961327E+1	2.840000E-4	3.379030E-1
6.961322E+1	2.710000E-4	3.382365E-1
6.961317E+1	2.690000E-4	3.385701E-1
6.961312E+1	2.780000E-4	3.389037E-1
6.961307E+1	2.990000E-4	3.392372E-1
6.961302E+1	2.940000E-4	3.395708E-1
6.961297E+1	2.770000E-4	3.399044E-1
6.961292E+1	2.690000E-4	3.402379E-1
6.961287E+1	2.740000E-4	3.405715E-1
6.961282E+1	2.900000E-4	3.409051E-1
6.961277E+1	3.000000E-4	3.412386E-1
6.961272E+1	3.030000E-4	3.415722E-1
6.961267E+1	2.930000E-4	3.419058E-1
6.961262E+1	2.810000E-4	3.422394E-1
6.961257E+1	2.930000E-4	3.425729E-1
6.961252E+1	3.000000E-4	3.429065E-1
6.961247E+1	2.810000E-4	3.432401E-1
6.961242E+1	2.680000E-4	3.435736E-1
6.961237E+1	2.700000E-4	3.439072E-1
6.961232E+1	2.830000E-4	3.442407E-1
6.961227E+1	2.900000E-4	3.445743E-1
6.961222E+1	2.960000E-4	3.449079E-1
6.961217E+1	2.900000E-4	3.452414E-1
6.961212E+1	2.740000E-4	3.455750E-1
6.961207E+1	2.600000E-4	3.459086E-1
6.961202E+1	2.660000E-4	3.462421E-1
6.961197E+1	2.870000E-4	3.465757E-1
6.961192E+1	2.950000E-4	3.469093E-1
6.961187E+1	2.900000E-4	3.472428E-1
6.961182E+1	2.730000E-4	3.475764E-1
6.961177E+1	2.620000E-4	3.479100E-1
6.961172E+1	2.670000E-4	3.482435E-1
6.961167E+1	2.770000E-4	3.485771E-1
6.961162E+1	2.750000E-4	3.489107E-1
6.961157E+1	2.790000E-4	3.492442E-1
6.961152E+1	2.900000E-4	3.495778E-1
6.961147E+1	2.990000E-4	3.499114E-1
6.961142E+1	2.900000E-4	3.502449E-1
6.961137E+1	2.790000E-4	3.505785E-1
6.961132E+1	2.690000E-4	3.509121E-1
6.961127E+1	2.660000E-4	3.512456E-1
6.961122E+1	2.790000E-4	3.515792E-1
6.961117E+1	3.010000E-4	3.519128E-1
6.961112E+1	2.980000E-4	3.522463E-1
6.961107E+1	2.920000E-4	3.525799E-1
6.961102E+1	2.800000E-4	3.529135E-1
6.961097E+1	2.730000E-4	3.532470E-1
6.961092E+1	2.670000E-4	3.535806E-1
6.961087E+1	2.660000E-4	3.539142E-1
6.961082E+1	2.750000E-4	3.542477E-1
6.961077E+1	2.680000E-4	3.545813E-1
6.961072E+1	2.700000E-4	3.549149E-1
6.961067E+1	2.800000E-4	3.552485E-1
6.961062E+1	2.980000E-4	3.555820E-1
6.961057E+1	2.890000E-4	3.559156E-1
6.961052E+1	2.640000E-4	3.562491E-1
6.961047E+1	2.640000E-4	3.565827E-1
6.961042E+1	2.620000E-4	3.569163E-1
6.961037E+1	2.630000E-4	3.572498E-1
6.961032E+1	2.790000E-4	3.575834E-1
6.961027E+1	2.940000E-4	3.579170E-1
6.961022E+1	2.920000E-4	3.582505E-1
6.961017E+1	2.960000E-4	3.585841E-1
6.961012E+1	2.930000E-4	3.589177E-1
6.961007E+1	2.900000E-4	3.592512E-1
6.961002E+1	2.780000E-4	3.595848E-1
6.960997E+1	2.670000E-4	3.599184E-1
6.960992E+1	2.660000E-4	3.602519E-1
6.960987E+1	2.730000E-4	3.605855E-1
6.960982E+1	2.930000E-4	3.609191E-1
6.960977E+1	2.770000E-4	3.612526E-1
6.960972E+1	2.900000E-4	3.615862E-1
6.960967E+1	2.840000E-4	3.619198E-1
6.960962E+1	2.690000E-4	3.622533E-1
6.960957E+1	2.700000E-4	3.625869E-1
6.960952E+1	2.900000E-4	3.629205E-1
6.960947E+1	2.860000E-4	3.632540E-1
6.960942E+1	2.660000E-4	3.635876E-1
6.960937E+1	2.590000E-4	3.639212E-1
6.960932E+1	2.750000E-4	3.642547E-1
6.960927E+1	2.890000E-4	3.645883E-1
6.960922E+1	2.870000E-4	3.649219E-1
6.960917E+1	2.820000E-4	3.652554E-1
6.960912E+1	2.670000E-4	3.655890E-1
6.960907E+1	2.780000E-4	3.659226E-1
6.960902E+1	2.780000E-4	3.662561E-1
6.960897E+1	2.680000E-4	3.665897E-1
