6.966393E+1	2.680000E-4	0.000000E+0
6.966389E+1	2.666667E-4	3.335666E-4
6.966383E+1	2.680000E-4	6.671332E-4
6.966379E+1	2.716667E-4	1.000700E-3
6.966373E+1	2.740000E-4	1.334266E-3
6.966369E+1	2.700000E-4	1.667833E-3
6.966364E+1	2.700000E-4	2.001400E-3
6.966358E+1	2.700000E-4	2.334966E-3
6.966354E+1	2.700000E-4	2.668533E-3
6.966348E+1	2.716667E-4	3.002099E-3
6.966344E+1	2.760000E-4	3.335666E-3
6.966338E+1	2.740000E-4	3.669233E-3
6.966334E+1	2.740000E-4	4.002799E-3
6.966328E+1	2.750000E-4	4.336366E-3
6.966324E+1	2.740000E-4	4.669933E-3
6.966319E+1	2.760000E-4	5.003499E-3
6.966313E+1	2.790000E-4	5.337066E-3
6.966309E+1	2.806667E-4	5.670632E-3
6.966303E+1	2.810000E-4	6.004199E-3
6.966299E+1	2.790000E-4	6.337766E-3
6.966293E+1	2.740000E-4	6.671332E-3
6.966289E+1	2.743333E-4	7.004899E-3
6.966283E+1	2.720000E-4	7.338465E-3
6.966279E+1	2.713333E-4	7.672032E-3
6.966273E+1	2.733333E-4	8.005599E-3
6.966268E+1	2.790000E-4	8.339165E-3
6.966264E+1	2.780000E-4	8.672732E-3
6.966258E+1	2.780000E-4	9.006298E-3
6.966254E+1	2.766667E-4	9.339865E-3
6.966248E+1	2.750000E-4	9.673432E-3
6.966244E+1	2.726667E-4	1.000700E-2
6.966238E+1	2.760000E-4	1.034056E-2
6.966234E+1	2.796667E-4	1.067413E-2
6.966228E+1	2.750000E-4	1.100770E-2
6.966223E+1	2.720000E-4	1.134126E-2
6.966219E+1	2.730000E-4	1.167483E-2
6.966213E+1	2.770000E-4	1.200840E-2
6.966209E+1	2.760000E-4	1.234196E-2
6.966203E+1	2.740000E-4	1.267553E-2
6.966199E+1	2.753333E-4	1.300910E-2
6.966193E+1	2.776667E-4	1.334266E-2
6.966189E+1	2.756667E-4	1.367623E-2
6.966183E+1	2.730000E-4	1.400980E-2
6.966178E+1	2.733333E-4	1.434336E-2
6.966174E+1	2.740000E-4	1.467693E-2
6.966168E+1	2.750000E-4	1.501050E-2
6.966164E+1	2.750000E-4	1.534406E-2
6.966158E+1	2.760000E-4	1.567763E-2
6.966154E+1	2.720000E-4	1.601120E-2
6.966148E+1	2.706667E-4	1.634476E-2
6.966144E+1	2.720000E-4	1.667833E-2
6.966138E+1	2.686667E-4	1.701190E-2
6.966134E+1	2.670000E-4	1.734546E-2
6.966129E+1	2.720000E-4	1.767903E-2
6.966123E+1	2.716667E-4	1.801260E-2
6.966119E+1	2.670000E-4	1.834616E-2
6.966113E+1	2.670000E-4	1.867973E-2
6.966109E+1	2.706667E-4	1.901330E-2
6.966103E+1	2.743333E-4	1.934686E-2
6.966099E+1	2.750000E-4	1.968043E-2
6.966093E+1	2.760000E-4	2.001400E-2
6.966089E+1	2.710000E-4	2.034756E-2
6.966084E+1	2.680000E-4	2.068113E-2
6.966078E+1	2.726667E-4	2.101470E-2
6.966074E+1	2.790000E-4	2.134826E-2
6.966068E+1	2.726667E-4	2.168183E-2
6.966064E+1	2.723333E-4	2.201540E-2
6.966058E+1	2.703333E-4	2.234896E-2
6.966054E+1	2.786667E-4	2.268253E-2
6.966048E+1	2.810000E-4	2.301610E-2
6.966044E+1	2.820000E-4	2.334966E-2
6.966039E+1	2.790000E-4	2.368323E-2
6.966033E+1	2.770000E-4	2.401680E-2
6.966029E+1	2.743333E-4	2.435036E-2
6.966023E+1	2.823333E-4	2.468393E-2
6.966019E+1	2.830000E-4	2.501750E-2
6.966013E+1	2.790000E-4	2.535106E-2
6.966009E+1	2.806667E-4	2.568463E-2
6.966003E+1	2.780000E-4	2.601819E-2
6.965999E+1	2.750000E-4	2.635176E-2
6.965993E+1	2.713333E-4	2.668533E-2
6.965988E+1	2.730000E-4	2.701890E-2
6.965984E+1	2.790000E-4	2.735246E-2
6.965978E+1	2.800000E-4	2.768603E-2
6.965974E+1	2.760000E-4	2.801960E-2
6.965968E+1	2.766667E-4	2.835316E-2
6.965964E+1	2.736667E-4	2.868673E-2
6.965958E+1	2.813333E-4	2.902029E-2
6.965954E+1	2.793333E-4	2.935386E-2
6.965948E+1	2.746667E-4	2.968743E-2
6.965943E+1	2.790000E-4	3.002100E-2
6.965939E+1	2.770000E-4	3.035456E-2
6.965933E+1	2.750000E-4	3.068813E-2
6.965929E+1	2.730000E-4	3.102169E-2
6.965923E+1	2.770000E-4	3.135526E-2
6.965919E+1	2.780000E-4	3.168883E-2
6.965913E+1	2.810000E-4	3.202239E-2
6.965909E+1	2.800000E-4	3.235596E-2
6.965903E+1	2.833333E-4	3.268953E-2
6.965898E+1	2.820000E-4	3.302309E-2
6.965894E+1	2.766667E-4	3.335666E-2
6.965888E+1	2.803333E-4	3.369023E-2
6.965884E+1	2.790000E-4	3.402380E-2
6.965878E+1	2.776667E-4	3.435736E-2
6.965874E+1	2.760000E-4	3.469093E-2
6.965868E+1	2.743333E-4	3.502449E-2
6.965864E+1	2.740000E-4	3.535806E-2
6.965858E+1	2.770000E-4	3.569163E-2
6.965853E+1	2.800000E-4	3.602519E-2
6.965849E+1	2.820000E-4	3.635876E-2
6.965843E+1	2.810000E-4	3.669233E-2
6.965839E+1	2.800000E-4	3.702589E-2
6.965833E+1	2.820000E-4	3.735946E-2
6.965829E+1	2.830000E-4	3.769303E-2
6.965823E+1	2.830000E-4	3.802659E-2
6.965819E+1	2.820000E-4	3.836016E-2
6.965813E+1	2.810000E-4	3.869373E-2
6.965809E+1	2.786667E-4	3.902729E-2
6.965804E+1	2.770000E-4	3.936086E-2
6.965798E+1	2.836667E-4	3.969442E-2
6.965794E+1	2.850000E-4	4.002799E-2
6.965788E+1	2.796667E-4	4.036156E-2
6.965784E+1	2.820000E-4	4.069513E-2
6.965778E+1	2.800000E-4	4.102869E-2
6.965774E+1	2.836667E-4	4.136226E-2
6.965768E+1	2.886667E-4	4.169583E-2
6.965764E+1	2.920000E-4	4.202939E-2
6.965759E+1	2.900000E-4	4.236296E-2
6.965753E+1	2.840000E-4	4.269652E-2
6.965749E+1	2.850000E-4	4.303009E-2
6.965743E+1	2.856667E-4	4.336366E-2
6.965739E+1	2.920000E-4	4.369723E-2
6.965733E+1	3.000000E-4	4.403079E-2
6.965729E+1	3.000000E-4	4.436436E-2
6.965723E+1	2.960000E-4	4.469793E-2
6.965719E+1	2.960000E-4	4.503149E-2
6.965714E+1	2.940000E-4	4.536506E-2
6.965708E+1	2.893333E-4	4.569862E-2
6.965704E+1	2.960000E-4	4.603219E-2
6.965698E+1	3.020000E-4	4.636576E-2
6.965694E+1	2.940000E-4	4.669933E-2
6.965688E+1	2.906667E-4	4.703289E-2
6.965684E+1	2.923333E-4	4.736646E-2
6.965678E+1	2.930000E-4	4.770003E-2
6.965674E+1	2.966667E-4	4.803359E-2
6.965668E+1	3.086667E-4	4.836716E-2
6.965663E+1	3.056667E-4	4.870072E-2
6.965659E+1	2.970000E-4	4.903429E-2
6.965653E+1	3.000000E-4	4.936786E-2
6.965649E+1	3.116667E-4	4.970143E-2
6.965643E+1	3.210000E-4	5.003499E-2
6.965639E+1	3.150000E-4	5.036856E-2
6.965633E+1	3.210000E-4	5.070212E-2
6.965629E+1	3.183333E-4	5.103569E-2
6.965623E+1	3.170000E-4	5.136926E-2
6.965618E+1	3.070000E-4	5.170282E-2
6.965614E+1	2.980000E-4	5.203639E-2
6.965608E+1	3.086667E-4	5.236996E-2
6.965604E+1	3.200000E-4	5.270352E-2
6.965598E+1	3.170000E-4	5.303709E-2
6.965594E+1	3.110000E-4	5.337066E-2
6.965588E+1	3.086667E-4	5.370422E-2
6.965584E+1	3.190000E-4	5.403779E-2
6.965578E+1	3.240000E-4	5.437136E-2
6.965573E+1	3.220000E-4	5.470492E-2
6.965569E+1	3.180000E-4	5.503849E-2
6.965563E+1	3.170000E-4	5.537206E-2
6.965559E+1	3.170000E-4	5.570562E-2
6.965553E+1	3.230000E-4	5.603919E-2
6.965549E+1	3.300000E-4	5.637276E-2
6.965543E+1	3.310000E-4	5.670632E-2
6.965539E+1	3.310000E-4	5.703989E-2
6.965533E+1	3.300000E-4	5.737346E-2
6.965529E+1	3.336667E-4	5.770702E-2
6.965524E+1	3.420000E-4	5.804059E-2
6.965518E+1	3.390000E-4	5.837416E-2
6.965514E+1	3.403333E-4	5.870772E-2
6.965508E+1	3.356667E-4	5.904129E-2
6.965504E+1	3.300000E-4	5.937486E-2
6.965498E+1	3.320000E-4	5.970842E-2
6.965494E+1	3.366667E-4	6.004199E-2
6.965488E+1	3.430000E-4	6.037556E-2
6.965484E+1	3.470000E-4	6.070912E-2
6.965479E+1	3.550000E-4	6.104269E-2
6.965473E+1	3.556667E-4	6.137626E-2
6.965469E+1	3.553333E-4	6.170982E-2
6.965463E+1	3.560000E-4	6.204339E-2
6.965459E+1	3.553333E-4	6.237696E-2
6.965453E+1	3.673333E-4	6.271052E-2
6.965449E+1	3.806667E-4	6.304409E-2
6.965443E+1	3.746667E-4	6.337766E-2
6.965439E+1	3.753333E-4	6.371122E-2
6.965434E+1	3.700000E-4	6.404479E-2
6.965428E+1	3.836667E-4	6.437836E-2
6.965424E+1	3.766667E-4	6.471192E-2
6.965418E+1	3.810000E-4	6.504549E-2
6.965414E+1	3.920000E-4	6.537905E-2
6.965408E+1	4.003333E-4	6.571262E-2
6.965404E+1	4.070000E-4	6.604619E-2
6.965398E+1	3.936667E-4	6.637976E-2
6.965394E+1	3.913333E-4	6.671332E-2
6.965388E+1	3.986667E-4	6.704689E-2
6.965383E+1	4.076667E-4	6.738046E-2
6.965379E+1	3.860000E-4	6.771402E-2
6.965373E+1	3.806667E-4	6.804759E-2
6.965369E+1	3.870000E-4	6.838115E-2
6.965363E+1	4.196667E-4	6.871472E-2
6.965359E+1	4.693333E-4	6.904829E-2
6.965353E+1	4.760000E-4	6.938186E-2
6.965349E+1	4.686667E-4	6.971542E-2
6.965343E+1	4.446667E-4	7.004899E-2
6.965338E+1	4.266667E-4	7.038256E-2
6.965334E+1	4.030000E-4	7.071612E-2
6.965328E+1	3.880000E-4	7.104969E-2
6.965324E+1	3.910000E-4	7.138325E-2
6.965318E+1	4.080000E-4	7.171682E-2
6.965314E+1	4.703333E-4	7.205039E-2
6.965308E+1	4.953333E-4	7.238396E-2
6.965304E+1	4.950000E-4	7.271752E-2
6.965298E+1	4.973334E-4	7.305109E-2
6.965293E+1	4.980000E-4	7.338465E-2
6.965289E+1	4.766667E-4	7.371822E-2
6.965283E+1	4.523333E-4	7.405179E-2
6.965279E+1	4.680000E-4	7.438535E-2
6.965273E+1	4.493333E-4	7.471892E-2
6.965269E+1	4.296667E-4	7.505248E-2
6.965263E+1	4.130000E-4	7.538605E-2
6.965259E+1	4.686667E-4	7.571962E-2
6.965253E+1	4.400000E-4	7.605319E-2
6.965249E+1	4.370000E-4	7.638675E-2
6.965244E+1	4.100000E-4	7.672032E-2
6.965238E+1	4.263333E-4	7.705389E-2
6.965234E+1	5.063333E-4	7.738745E-2
6.965228E+1	4.586667E-4	7.772102E-2
6.965224E+1	4.160000E-4	7.805458E-2
6.965218E+1	5.196666E-4	7.838815E-2
6.965214E+1	5.396667E-4	7.872172E-2
6.965208E+1	5.346666E-4	7.905529E-2
6.965204E+1	4.816667E-4	7.938885E-2
6.965199E+1	4.333333E-4	7.972242E-2
6.965193E+1	4.553333E-4	8.005599E-2
6.965189E+1	5.310000E-4	8.038955E-2
6.965183E+1	5.860000E-4	8.072312E-2
6.965179E+1	5.653334E-4	8.105668E-2
6.965173E+1	5.143333E-4	8.139025E-2
6.965169E+1	4.813333E-4	8.172382E-2
6.965163E+1	4.626667E-4	8.205739E-2
6.965159E+1	4.720000E-4	8.239095E-2
6.965154E+1	4.630000E-4	8.272452E-2
6.965148E+1	5.383333E-4	8.305808E-2
6.965144E+1	5.920000E-4	8.339165E-2
6.965138E+1	5.940000E-4	8.372522E-2
6.965134E+1	4.900000E-4	8.405878E-2
6.965128E+1	5.253333E-4	8.439235E-2
6.965124E+1	5.513334E-4	8.472592E-2
6.965118E+1	5.876666E-4	8.505949E-2
6.965114E+1	5.303333E-4	8.539305E-2
6.965108E+1	5.700000E-4	8.572662E-2
6.965103E+1	6.093333E-4	8.606018E-2
6.965099E+1	5.400000E-4	8.639375E-2
6.965093E+1	4.916667E-4	8.672732E-2
6.965089E+1	5.730000E-4	8.706088E-2
6.965083E+1	5.760000E-4	8.739445E-2
6.965079E+1	5.386667E-4	8.772802E-2
6.965073E+1	5.066667E-4	8.806159E-2
6.965069E+1	5.796667E-4	8.839515E-2
6.965063E+1	5.206667E-4	8.872872E-2
6.965058E+1	5.753333E-4	8.906228E-2
6.965054E+1	5.830000E-4	8.939585E-2
6.965048E+1	5.296667E-4	8.972942E-2
6.965044E+1	5.196666E-4	9.006298E-2
6.965038E+1	5.433334E-4	9.039655E-2
6.965034E+1	5.826667E-4	9.073012E-2
6.965028E+1	6.023333E-4	9.106369E-2
6.965024E+1	6.116666E-4	9.139725E-2
6.965018E+1	6.090000E-4	9.173082E-2
6.965013E+1	6.010000E-4	9.206438E-2
6.965009E+1	6.073333E-4	9.239795E-2
6.965003E+1	5.250000E-4	9.273152E-2
6.964999E+1	5.440000E-4	9.306508E-2
6.964993E+1	5.716667E-4	9.339865E-2
6.964989E+1	5.330000E-4	9.373222E-2
6.964983E+1	5.953333E-4	9.406579E-2
6.964979E+1	5.770000E-4	9.439935E-2
6.964973E+1	5.280000E-4	9.473292E-2
6.964969E+1	5.493333E-4	9.506648E-2
6.964964E+1	5.686667E-4	9.540005E-2
6.964958E+1	5.836667E-4	9.573361E-2
6.964954E+1	6.136667E-4	9.606718E-2
6.964948E+1	6.210000E-4	9.640075E-2
6.964944E+1	5.940000E-4	9.673432E-2
6.964938E+1	5.433334E-4	9.706789E-2
6.964934E+1	5.480000E-4	9.740145E-2
6.964928E+1	5.990000E-4	9.773502E-2
6.964924E+1	6.260000E-4	9.806858E-2
6.964919E+1	6.000000E-4	9.840215E-2
6.964913E+1	5.793333E-4	9.873571E-2
6.964909E+1	6.316667E-4	9.906928E-2
6.964903E+1	6.393333E-4	9.940285E-2
6.964899E+1	6.043334E-4	9.973641E-2
6.964893E+1	5.503334E-4	1.000700E-1
6.964889E+1	5.380000E-4	1.004035E-1
6.964883E+1	5.770000E-4	1.007371E-1
6.964879E+1	6.320000E-4	1.010707E-1
6.964874E+1	6.483333E-4	1.014042E-1
6.964868E+1	6.570000E-4	1.017378E-1
6.964864E+1	6.603333E-4	1.020714E-1
6.964858E+1	6.630000E-4	1.024050E-1
6.964854E+1	6.540000E-4	1.027385E-1
6.964848E+1	5.660000E-4	1.030721E-1
6.964844E+1	5.556667E-4	1.034056E-1
6.964838E+1	6.330000E-4	1.037392E-1
6.964834E+1	6.156667E-4	1.040728E-1
6.964828E+1	6.090000E-4	1.044063E-1
6.964823E+1	6.323333E-4	1.047399E-1
6.964819E+1	5.843333E-4	1.050735E-1
6.964813E+1	5.130000E-4	1.054070E-1
6.964809E+1	5.286667E-4	1.057406E-1
6.964803E+1	5.676667E-4	1.060742E-1
6.964799E+1	6.626667E-4	1.064077E-1
6.964793E+1	6.976667E-4	1.067413E-1
6.964789E+1	6.823333E-4	1.070749E-1
6.964783E+1	6.000000E-4	1.074084E-1
6.964778E+1	5.283334E-4	1.077420E-1
6.964774E+1	4.940000E-4	1.080756E-1
6.964768E+1	5.650000E-4	1.084091E-1
6.964764E+1	6.906667E-4	1.087427E-1
6.964758E+1	6.790000E-4	1.090763E-1
6.964754E+1	6.660000E-4	1.094098E-1
6.964748E+1	5.956666E-4	1.097434E-1
6.964744E+1	5.513334E-4	1.100770E-1
6.964738E+1	4.986667E-4	1.104105E-1
6.964733E+1	5.203334E-4	1.107441E-1
6.964729E+1	4.920000E-4	1.110777E-1
6.964723E+1	5.596667E-4	1.114112E-1
6.964719E+1	6.363333E-4	1.117448E-1
6.964713E+1	4.773333E-4	1.120784E-1
6.964709E+1	5.060000E-4	1.124119E-1
6.964703E+1	6.140000E-4	1.127455E-1
6.964699E+1	5.793333E-4	1.130791E-1
6.964693E+1	5.583334E-4	1.134126E-1
6.964689E+1	6.830000E-4	1.137462E-1
6.964684E+1	6.916667E-4	1.140798E-1
6.964678E+1	5.903333E-4	1.144133E-1
6.964674E+1	7.010000E-4	1.147469E-1
6.964668E+1	6.490000E-4	1.150805E-1
6.964664E+1	6.560000E-4	1.154140E-1
6.964658E+1	5.146667E-4	1.157476E-1
6.964654E+1	4.606667E-4	1.160812E-1
6.964648E+1	5.973334E-4	1.164147E-1
6.964644E+1	6.556667E-4	1.167483E-1
6.964639E+1	7.086667E-4	1.170819E-1
6.964633E+1	6.870000E-4	1.174154E-1
6.964629E+1	5.390000E-4	1.177490E-1
6.964623E+1	5.920000E-4	1.180826E-1
6.964619E+1	5.760000E-4	1.184161E-1
6.964613E+1	6.996667E-4	1.187497E-1
6.964609E+1	6.363333E-4	1.190833E-1
6.964603E+1	6.806666E-4	1.194168E-1
6.964599E+1	6.223333E-4	1.197504E-1
6.964594E+1	6.576666E-4	1.200840E-1
6.964588E+1	6.790000E-4	1.204175E-1
6.964584E+1	5.426666E-4	1.207511E-1
6.964578E+1	7.133333E-4	1.210847E-1
6.964574E+1	5.890000E-4	1.214182E-1
6.964568E+1	5.583334E-4	1.217518E-1
6.964564E+1	5.930000E-4	1.220854E-1
6.964558E+1	5.870000E-4	1.224189E-1
6.964554E+1	5.296667E-4	1.227525E-1
6.964548E+1	5.096667E-4	1.230861E-1
6.964543E+1	7.120000E-4	1.234196E-1
6.964539E+1	6.563333E-4	1.237532E-1
6.964533E+1	5.600000E-4	1.240868E-1
6.964529E+1	4.930000E-4	1.244203E-1
6.964523E+1	7.090000E-4	1.247539E-1
6.964519E+1	5.770000E-4	1.250875E-1
6.964513E+1	4.403333E-4	1.254210E-1
6.964509E+1	6.153333E-4	1.257546E-1
6.964503E+1	7.876666E-4	1.260882E-1
6.964498E+1	8.126667E-4	1.264217E-1
6.964494E+1	6.746667E-4	1.267553E-1
6.964488E+1	5.820000E-4	1.270889E-1
6.964484E+1	5.626667E-4	1.274224E-1
6.964478E+1	6.073333E-4	1.277560E-1
6.964474E+1	7.153333E-4	1.280896E-1
6.964468E+1	7.893333E-4	1.284231E-1
6.964464E+1	8.080000E-4	1.287567E-1
6.964458E+1	7.813333E-4	1.290903E-1
6.964453E+1	7.876666E-4	1.294238E-1
6.964449E+1	8.066667E-4	1.297574E-1
6.964443E+1	7.400000E-4	1.300910E-1
6.964439E+1	6.420000E-4	1.304245E-1
6.964433E+1	3.730000E-4	1.307581E-1
6.964429E+1	3.926667E-4	1.310917E-1
6.964423E+1	6.886667E-4	1.314252E-1
6.964419E+1	5.856667E-4	1.317588E-1
6.964413E+1	6.226667E-4	1.320924E-1
6.964409E+1	6.906667E-4	1.324259E-1
6.964404E+1	4.913333E-4	1.327595E-1
6.964398E+1	4.150000E-4	1.330931E-1
6.964394E+1	6.826667E-4	1.334266E-1
6.964388E+1	4.303333E-4	1.337602E-1
6.964384E+1	7.063333E-4	1.340938E-1
6.964378E+1	5.266666E-4	1.344273E-1
6.964374E+1	5.730000E-4	1.347609E-1
6.964368E+1	3.480000E-4	1.350945E-1
6.964364E+1	3.443333E-4	1.354280E-1
6.964359E+1	7.103333E-4	1.357616E-1
6.964353E+1	5.396667E-4	1.360952E-1
6.964349E+1	4.386667E-4	1.364287E-1
6.964343E+1	3.623333E-4	1.367623E-1
6.964339E+1	3.150000E-4	1.370959E-1
6.964333E+1	3.160000E-4	1.374294E-1
6.964329E+1	4.453333E-4	1.377630E-1
6.964323E+1	4.973334E-4	1.380966E-1
6.964319E+1	6.110000E-4	1.384301E-1
6.964314E+1	3.620000E-4	1.387637E-1
6.964308E+1	3.620000E-4	1.390973E-1
6.964304E+1	5.846667E-4	1.394308E-1
6.964298E+1	5.770000E-4	1.397644E-1
6.964294E+1	7.853333E-4	1.400980E-1
6.964288E+1	9.343333E-4	1.404315E-1
6.964284E+1	8.153333E-4	1.407651E-1
6.964278E+1	8.240000E-4	1.410987E-1
6.964274E+1	5.170000E-4	1.414322E-1
6.964268E+1	8.283333E-4	1.417658E-1
6.964263E+1	9.643334E-4	1.420994E-1
6.964259E+1	7.440000E-4	1.424329E-1
6.964253E+1	5.833333E-4	1.427665E-1
6.964249E+1	6.813334E-4	1.431001E-1
6.964243E+1	9.793333E-4	1.434336E-1
6.964239E+1	6.896667E-4	1.437672E-1
6.964233E+1	8.663333E-4	1.441008E-1
6.964229E+1	8.080000E-4	1.444343E-1
6.964223E+1	8.943334E-4	1.447679E-1
6.964218E+1	8.063333E-4	1.451015E-1
6.964214E+1	8.336667E-4	1.454350E-1
6.964208E+1	6.070000E-4	1.457686E-1
6.964204E+1	5.440000E-4	1.461022E-1
6.964198E+1	6.190000E-4	1.464357E-1
6.964194E+1	7.820000E-4	1.467693E-1
6.964188E+1	9.026667E-4	1.471029E-1
6.964184E+1	8.893333E-4	1.474364E-1
6.964178E+1	9.330000E-4	1.477700E-1
6.964173E+1	9.530000E-4	1.481036E-1
6.964169E+1	5.323333E-4	1.484371E-1
6.964163E+1	5.543333E-4	1.487707E-1
6.964159E+1	4.036667E-4	1.491043E-1
6.964153E+1	7.096666E-4	1.494378E-1
6.964149E+1	7.536667E-4	1.497714E-1
6.964143E+1	3.463333E-4	1.501050E-1
6.964139E+1	5.046666E-4	1.504385E-1
6.964133E+1	3.360000E-4	1.507721E-1
6.964129E+1	2.640000E-4	1.511057E-1
6.964124E+1	7.466667E-4	1.514392E-1
6.964118E+1	5.503334E-4	1.517728E-1
6.964114E+1	2.956667E-4	1.521064E-1
6.964108E+1	2.156667E-4	1.524399E-1
6.964104E+1	6.156667E-4	1.527735E-1
6.964098E+1	6.976667E-4	1.531071E-1
6.964094E+1	7.543333E-4	1.534406E-1
6.964088E+1	6.686667E-4	1.537742E-1
6.964084E+1	5.403333E-4	1.541078E-1
6.964079E+1	8.086667E-4	1.544413E-1
6.964073E+1	2.240000E-4	1.547749E-1
6.964069E+1	2.180000E-4	1.551085E-1
6.964063E+1	2.946667E-4	1.554420E-1
6.964059E+1	4.343333E-4	1.557756E-1
6.964053E+1	9.423333E-4	1.561092E-1
6.964049E+1	1.016667E-3	1.564427E-1
6.964043E+1	5.436667E-4	1.567763E-1
6.964039E+1	2.090000E-4	1.571099E-1
6.964034E+1	2.130000E-4	1.574434E-1
6.964028E+1	6.070000E-4	1.577770E-1
6.964024E+1	1.130000E-3	1.581106E-1
6.964018E+1	1.040667E-3	1.584441E-1
6.964014E+1	5.373333E-4	1.587777E-1
6.964008E+1	7.110000E-4	1.591113E-1
6.964004E+1	1.037000E-3	1.594448E-1
6.963998E+1	1.074000E-3	1.597784E-1
6.963994E+1	5.323333E-4	1.601120E-1
6.963988E+1	1.970000E-4	1.604455E-1
6.963983E+1	1.726667E-4	1.607791E-1
6.963979E+1	4.016667E-4	1.611127E-1
6.963973E+1	1.123667E-3	1.614462E-1
6.963969E+1	8.926667E-4	1.617798E-1
6.963963E+1	5.386667E-4	1.621134E-1
6.963959E+1	4.440000E-4	1.624469E-1
6.963953E+1	2.960000E-4	1.627805E-1
6.963949E+1	9.246666E-4	1.631141E-1
6.963943E+1	9.780000E-4	1.634476E-1
6.963938E+1	5.760000E-4	1.637812E-1
6.963934E+1	3.000000E-4	1.641148E-1
6.963928E+1	2.870000E-4	1.644483E-1
6.963924E+1	8.146667E-4	1.647819E-1
6.963918E+1	1.162667E-3	1.651155E-1
6.963914E+1	9.623333E-4	1.654490E-1
6.963908E+1	4.683333E-4	1.657826E-1
6.963904E+1	2.280000E-4	1.661162E-1
6.963898E+1	8.996667E-4	1.664497E-1
6.963893E+1	1.035333E-3	1.667833E-1
6.963889E+1	6.780000E-4	1.671169E-1
6.963883E+1	5.893334E-4	1.674504E-1
6.963879E+1	2.883333E-4	1.677840E-1
6.963873E+1	7.870000E-4	1.681176E-1
6.963869E+1	6.533333E-4	1.684511E-1
6.963863E+1	3.556667E-4	1.687847E-1
6.963859E+1	4.663333E-4	1.691183E-1
6.963853E+1	5.163333E-4	1.694518E-1
6.963849E+1	1.107667E-3	1.697854E-1
6.963844E+1	1.133333E-3	1.701190E-1
6.963838E+1	8.476666E-4	1.704525E-1
6.963834E+1	3.786667E-4	1.707861E-1
6.963828E+1	8.046667E-4	1.711197E-1
6.963824E+1	1.245000E-3	1.714532E-1
6.963818E+1	1.109667E-3	1.717868E-1
6.963814E+1	6.773333E-4	1.721204E-1
6.963808E+1	2.130000E-4	1.724539E-1
6.963804E+1	4.613333E-4	1.727875E-1
6.963799E+1	8.460000E-4	1.731211E-1
6.963793E+1	3.360000E-4	1.734546E-1
6.963789E+1	3.403333E-4	1.737882E-1
6.963783E+1	9.353333E-4	1.741218E-1
6.963779E+1	4.416667E-4	1.744553E-1
6.963773E+1	3.480000E-4	1.747889E-1
6.963769E+1	8.976667E-4	1.751225E-1
6.963763E+1	8.066667E-4	1.754560E-1
6.963759E+1	1.064333E-3	1.757896E-1
6.963754E+1	1.139333E-3	1.761232E-1
6.963748E+1	7.986667E-4	1.764567E-1
6.963744E+1	1.165000E-3	1.767903E-1
6.963738E+1	9.950000E-4	1.771239E-1
6.963734E+1	1.037667E-3	1.774574E-1
6.963728E+1	1.308000E-3	1.777910E-1
6.963724E+1	1.191667E-3	1.781246E-1
6.963718E+1	6.806666E-4	1.784581E-1
6.963714E+1	3.520000E-4	1.787917E-1
6.963708E+1	1.820000E-4	1.791253E-1
6.963703E+1	3.666667E-4	1.794588E-1
6.963699E+1	1.091000E-3	1.797924E-1
6.963693E+1	1.279667E-3	1.801260E-1
6.963689E+1	7.003333E-4	1.804595E-1
6.963683E+1	1.063333E-4	1.807931E-1
6.963679E+1	9.166667E-5	1.811267E-1
6.963673E+1	1.640000E-4	1.814602E-1
6.963669E+1	3.793333E-4	1.817938E-1
6.963663E+1	9.876667E-4	1.821274E-1
6.963658E+1	2.733333E-4	1.824609E-1
6.963654E+1	2.700000E-4	1.827945E-1
6.963648E+1	9.233334E-5	1.831281E-1
6.963644E+1	8.633333E-5	1.834616E-1
6.963638E+1	1.343333E-4	1.837952E-1
6.963634E+1	1.676667E-4	1.841288E-1
6.963628E+1	2.616667E-4	1.844623E-1
6.963624E+1	8.133333E-4	1.847959E-1
6.963618E+1	7.230000E-4	1.851295E-1
6.963613E+1	2.353333E-4	1.854630E-1
6.963609E+1	3.530000E-4	1.857966E-1
6.963603E+1	7.556666E-4	1.861302E-1
6.963599E+1	8.996667E-4	1.864637E-1
6.963593E+1	1.783333E-4	1.867973E-1
6.963589E+1	4.660000E-4	1.871309E-1
6.963583E+1	3.866667E-4	1.874644E-1
6.963579E+1	9.466667E-5	1.877980E-1
6.963573E+1	3.150000E-4	1.881316E-1
6.963569E+1	6.406667E-4	1.884651E-1
6.963564E+1	8.553333E-4	1.887987E-1
6.963558E+1	8.260000E-4	1.891323E-1
6.963554E+1	1.343333E-4	1.894658E-1
6.963548E+1	5.013333E-4	1.897994E-1
6.963544E+1	2.090000E-4	1.901330E-1
6.963538E+1	2.800000E-4	1.904665E-1
6.963534E+1	6.240000E-4	1.908001E-1
6.963528E+1	1.199667E-3	1.911337E-1
6.963524E+1	9.266667E-4	1.914672E-1
6.963519E+1	1.080667E-3	1.918008E-1
6.963513E+1	1.232000E-3	1.921344E-1
6.963509E+1	1.082333E-3	1.924679E-1
6.963503E+1	4.763333E-4	1.928015E-1
6.963499E+1	1.306667E-4	1.931351E-1
6.963493E+1	3.253333E-4	1.934686E-1
6.963489E+1	2.736667E-4	1.938022E-1
6.963483E+1	9.480000E-4	1.941358E-1
6.963479E+1	2.980000E-4	1.944693E-1
6.963474E+1	4.403333E-4	1.948029E-1
6.963468E+1	6.423334E-4	1.951365E-1
6.963464E+1	9.116667E-4	1.954700E-1
6.963458E+1	3.966667E-4	1.958036E-1
6.963454E+1	1.011000E-3	1.961372E-1
6.963448E+1	8.726667E-4	1.964707E-1
6.963444E+1	8.463333E-4	1.968043E-1
6.963438E+1	6.456667E-4	1.971379E-1
6.963434E+1	8.313333E-4	1.974714E-1
6.963428E+1	6.686667E-4	1.978050E-1
6.963423E+1	1.138333E-3	1.981386E-1
6.963419E+1	6.480000E-4	1.984721E-1
6.963413E+1	1.723333E-4	1.988057E-1
6.963409E+1	5.503334E-4	1.991393E-1
6.963403E+1	6.730000E-4	1.994728E-1
6.963399E+1	7.146667E-4	1.998064E-1
6.963393E+1	9.480000E-4	2.001400E-1
6.963389E+1	1.112667E-3	2.004735E-1
6.963383E+1	4.703333E-4	2.008071E-1
6.963378E+1	1.716667E-4	2.011407E-1
6.963374E+1	1.653333E-4	2.014742E-1
6.963368E+1	3.090000E-4	2.018078E-1
6.963364E+1	9.803333E-4	2.021414E-1
6.963358E+1	9.636667E-4	2.024749E-1
6.963354E+1	4.943333E-4	2.028085E-1
6.963348E+1	9.033333E-4	2.031421E-1
6.963344E+1	4.103333E-4	2.034756E-1
6.963338E+1	8.593333E-4	2.038092E-1
6.963333E+1	1.108333E-3	2.041428E-1
6.963329E+1	5.550000E-4	2.044763E-1
6.963323E+1	1.640000E-4	2.048099E-1
6.963319E+1	2.130000E-4	2.051435E-1
6.963313E+1	2.140000E-4	2.054770E-1
6.963309E+1	2.550000E-4	2.058106E-1
6.963303E+1	6.813334E-4	2.061442E-1
6.963299E+1	4.240000E-4	2.064777E-1
6.963293E+1	9.310000E-4	2.068113E-1
6.963289E+1	1.007333E-3	2.071449E-1
6.963284E+1	6.823333E-4	2.074784E-1
6.963278E+1	2.503333E-4	2.078120E-1
6.963274E+1	3.943333E-4	2.081456E-1
6.963268E+1	2.850000E-4	2.084791E-1
6.963264E+1	3.706667E-4	2.088127E-1
6.963258E+1	7.336666E-4	2.091463E-1
6.963254E+1	9.466666E-4	2.094798E-1
6.963248E+1	6.520000E-4	2.098134E-1
6.963244E+1	2.920000E-4	2.101470E-1
6.963239E+1	4.880000E-4	2.104805E-1
6.963233E+1	5.810000E-4	2.108141E-1
6.963229E+1	7.240000E-4	2.111477E-1
6.963223E+1	4.693333E-4	2.114812E-1
6.963219E+1	3.603333E-4	2.118148E-1
6.963213E+1	2.770000E-4	2.121484E-1
6.963209E+1	5.370000E-4	2.124819E-1
6.963203E+1	6.850000E-4	2.128155E-1
6.963199E+1	3.493333E-4	2.131491E-1
6.963194E+1	8.113334E-4	2.134826E-1
6.963188E+1	9.286667E-4	2.138162E-1
6.963184E+1	8.540000E-4	2.141498E-1
6.963178E+1	7.353333E-4	2.144833E-1
6.963174E+1	2.863333E-4	2.148169E-1
6.963168E+1	5.710000E-4	2.151505E-1
6.963164E+1	6.433334E-4	2.154840E-1
6.963158E+1	7.743333E-4	2.158176E-1
6.963154E+1	5.006667E-4	2.161512E-1
6.963148E+1	3.150000E-4	2.164847E-1
6.963143E+1	5.900000E-4	2.168183E-1
6.963139E+1	9.543333E-4	2.171519E-1
6.963133E+1	1.008667E-3	2.174854E-1
6.963129E+1	7.506667E-4	2.178190E-1
6.963123E+1	3.086667E-4	2.181526E-1
6.963119E+1	3.963333E-4	2.184861E-1
6.963113E+1	5.553333E-4	2.188197E-1
6.963109E+1	3.890000E-4	2.191533E-1
6.963103E+1	5.336667E-4	2.194868E-1
6.963098E+1	9.173334E-4	2.198204E-1
6.963094E+1	8.706666E-4	2.201540E-1
6.963088E+1	7.553333E-4	2.204875E-1
6.963084E+1	3.803333E-4	2.208211E-1
6.963078E+1	7.153333E-4	2.211547E-1
6.963074E+1	6.303333E-4	2.214882E-1
6.963068E+1	8.986667E-4	2.218218E-1
6.963064E+1	6.180000E-4	2.221554E-1
6.963058E+1	4.016667E-4	2.224889E-1
6.963053E+1	5.256667E-4	2.228225E-1
6.963049E+1	9.350000E-4	2.231561E-1
6.963043E+1	6.740000E-4	2.234896E-1
6.963039E+1	3.880000E-4	2.238232E-1
6.963033E+1	4.370000E-4	2.241568E-1
6.963029E+1	7.496667E-4	2.244903E-1
6.963023E+1	7.993333E-4	2.248239E-1
6.963019E+1	4.463333E-4	2.251575E-1
6.963013E+1	4.803333E-4	2.254910E-1
6.963009E+1	5.783333E-4	2.258246E-1
6.963004E+1	6.953334E-4	2.261582E-1
6.962998E+1	8.750000E-4	2.264917E-1
6.962994E+1	8.726667E-4	2.268253E-1
6.962988E+1	6.400000E-4	2.271589E-1
6.962984E+1	4.280000E-4	2.274924E-1
6.962978E+1	5.400000E-4	2.278260E-1
6.962974E+1	6.483333E-4	2.281596E-1
6.962968E+1	5.473333E-4	2.284931E-1
6.962964E+1	5.403333E-4	2.288267E-1
6.962959E+1	6.516667E-4	2.291603E-1
6.962953E+1	8.196667E-4	2.294938E-1
6.962949E+1	5.643333E-4	2.298274E-1
6.962943E+1	4.366667E-4	2.301610E-1
6.962939E+1	5.553333E-4	2.304945E-1
6.962933E+1	6.050000E-4	2.308281E-1
6.962929E+1	6.813334E-4	2.311617E-1
6.962923E+1	7.763333E-4	2.314952E-1
6.962919E+1	8.293333E-4	2.318288E-1
6.962914E+1	6.826667E-4	2.321624E-1
6.962908E+1	5.436667E-4	2.324959E-1
6.962904E+1	4.750000E-4	2.328295E-1
6.962898E+1	4.990000E-4	2.331631E-1
6.962894E+1	6.860000E-4	2.334966E-1
6.962888E+1	8.386667E-4	2.338302E-1
6.962884E+1	7.186666E-4	2.341638E-1
6.962878E+1	5.500000E-4	2.344973E-1
6.962874E+1	5.176667E-4	2.348309E-1
6.962868E+1	5.063333E-4	2.351645E-1
6.962863E+1	5.093333E-4	2.354980E-1
6.962859E+1	7.400000E-4	2.358316E-1
6.962853E+1	8.153333E-4	2.361652E-1
6.962849E+1	6.750000E-4	2.364987E-1
6.962843E+1	5.050000E-4	2.368323E-1
6.962839E+1	5.346666E-4	2.371659E-1
6.962833E+1	6.510000E-4	2.374994E-1
6.962829E+1	7.820000E-4	2.378330E-1
6.962823E+1	7.556666E-4	2.381666E-1
6.962818E+1	5.953333E-4	2.385001E-1
6.962814E+1	5.696667E-4	2.388337E-1
6.962808E+1	6.656667E-4	2.391673E-1
6.962804E+1	7.576667E-4	2.395008E-1
6.962798E+1	7.673333E-4	2.398344E-1
6.962794E+1	7.343334E-4	2.401680E-1
6.962788E+1	6.413333E-4	2.405015E-1
6.962784E+1	5.716667E-4	2.408351E-1
6.962778E+1	5.650000E-4	2.411687E-1
6.962773E+1	6.133333E-4	2.415022E-1
6.962769E+1	7.060000E-4	2.418358E-1
6.962763E+1	7.756667E-4	2.421694E-1
6.962759E+1	7.533333E-4	2.425029E-1
6.962753E+1	6.170000E-4	2.428365E-1
6.962749E+1	5.776667E-4	2.431701E-1
6.962743E+1	5.926667E-4	2.435036E-1
6.962739E+1	6.093333E-4	2.438372E-1
6.962733E+1	5.516667E-4	2.441708E-1
6.962728E+1	5.426666E-4	2.445043E-1
6.962724E+1	5.490000E-4	2.448379E-1
6.962718E+1	6.853333E-4	2.451715E-1
6.962714E+1	7.436667E-4	2.455050E-1
6.962708E+1	7.126667E-4	2.458386E-1
6.962704E+1	6.206667E-4	2.461722E-1
6.962698E+1	5.610000E-4	2.465057E-1
6.962694E+1	5.936667E-4	2.468393E-1
6.962688E+1	6.080000E-4	2.471729E-1
6.962684E+1	6.730000E-4	2.475064E-1
6.962679E+1	7.243333E-4	2.478400E-1
6.962673E+1	7.486666E-4	2.481735E-1
6.962669E+1	6.963334E-4	2.485071E-1
6.962663E+1	6.083333E-4	2.488407E-1
6.962659E+1	5.693333E-4	2.491743E-1
6.962653E+1	6.183333E-4	2.495078E-1
6.962649E+1	7.080000E-4	2.498414E-1
6.962643E+1	7.423334E-4	2.501750E-1
6.962639E+1	7.220000E-4	2.505085E-1
6.962634E+1	6.590000E-4	2.508421E-1
6.962628E+1	6.003333E-4	2.511756E-1
6.962624E+1	6.063333E-4	2.515092E-1
6.962618E+1	7.013333E-4	2.518428E-1
6.962614E+1	7.330000E-4	2.521763E-1
6.962608E+1	6.793333E-4	2.525099E-1
6.962604E+1	6.550000E-4	2.528435E-1
6.962598E+1	6.290000E-4	2.531770E-1
6.962594E+1	6.956666E-4	2.535106E-1
6.962589E+1	7.313333E-4	2.538442E-1
6.962583E+1	6.840000E-4	2.541777E-1
6.962579E+1	7.106666E-4	2.545113E-1
6.962573E+1	6.260000E-4	2.548449E-1
6.962569E+1	6.476667E-4	2.551785E-1
6.962563E+1	6.450000E-4	2.555120E-1
6.962559E+1	7.316667E-4	2.558456E-1
6.962553E+1	7.360000E-4	2.561792E-1
6.962549E+1	7.136667E-4	2.565127E-1
6.962543E+1	6.496666E-4	2.568463E-1
6.962538E+1	6.846667E-4	2.571799E-1
6.962534E+1	6.783333E-4	2.575134E-1
6.962528E+1	6.880000E-4	2.578470E-1
6.962524E+1	6.743333E-4	2.581806E-1
6.962518E+1	6.236667E-4	2.585141E-1
6.962514E+1	6.566666E-4	2.588477E-1
6.962508E+1	6.406667E-4	2.591813E-1
6.962504E+1	6.190000E-4	2.595148E-1
6.962498E+1	6.160000E-4	2.598484E-1
6.962493E+1	6.190000E-4	2.601820E-1
6.962489E+1	6.130000E-4	2.605155E-1
6.962483E+1	6.260000E-4	2.608491E-1
6.962479E+1	6.640000E-4	2.611827E-1
6.962473E+1	7.253333E-4	2.615162E-1
6.962469E+1	7.110000E-4	2.618498E-1
6.962463E+1	6.773333E-4	2.621834E-1
6.962459E+1	6.670000E-4	2.625169E-1
6.962453E+1	6.686667E-4	2.628505E-1
6.962448E+1	6.156667E-4	2.631840E-1
6.962444E+1	6.240000E-4	2.635176E-1
6.962438E+1	7.043334E-4	2.638512E-1
6.962434E+1	6.583334E-4	2.641847E-1
6.962428E+1	6.840000E-4	2.645183E-1
6.962424E+1	7.296667E-4	2.648519E-1
6.962418E+1	7.106666E-4	2.651854E-1
6.962414E+1	6.766667E-4	2.655190E-1
6.962408E+1	6.623333E-4	2.658526E-1
6.962404E+1	7.116667E-4	2.661861E-1
6.962399E+1	6.373333E-4	2.665197E-1
6.962393E+1	6.220000E-4	2.668533E-1
6.962389E+1	6.186666E-4	2.671869E-1
6.962383E+1	6.570000E-4	2.675204E-1
6.962379E+1	7.153333E-4	2.678540E-1
6.962373E+1	6.673333E-4	2.681876E-1
6.962369E+1	6.036666E-4	2.685211E-1
6.962363E+1	6.576666E-4	2.688547E-1
6.962359E+1	6.950000E-4	2.691883E-1
6.962354E+1	6.140000E-4	2.695218E-1
6.962348E+1	6.080000E-4	2.698554E-1
6.962344E+1	6.606667E-4	2.701890E-1
6.962338E+1	6.220000E-4	2.705225E-1
6.962334E+1	6.916667E-4	2.708561E-1
6.962328E+1	6.290000E-4	2.711897E-1
6.962324E+1	5.856667E-4	2.715232E-1
6.962318E+1	6.510000E-4	2.718568E-1
6.962314E+1	7.073333E-4	2.721904E-1
6.962309E+1	7.176666E-4	2.725239E-1
6.962303E+1	5.890000E-4	2.728575E-1
6.962299E+1	6.436667E-4	2.731911E-1
6.962293E+1	6.530000E-4	2.735246E-1
6.962289E+1	6.733334E-4	2.738582E-1
6.962283E+1	7.156667E-4	2.741917E-1
6.962279E+1	7.076667E-4	2.745253E-1
6.962273E+1	7.083333E-4	2.748589E-1
6.962269E+1	7.116667E-4	2.751924E-1
6.962263E+1	7.173333E-4	2.755260E-1
6.962258E+1	6.820000E-4	2.758596E-1
6.962254E+1	6.530000E-4	2.761931E-1
6.962248E+1	5.726666E-4	2.765267E-1
6.962244E+1	5.550000E-4	2.768603E-1
6.962238E+1	5.553333E-4	2.771938E-1
6.962234E+1	5.526667E-4	2.775274E-1
6.962228E+1	5.773333E-4	2.778610E-1
6.962224E+1	6.176667E-4	2.781945E-1
6.962218E+1	6.500000E-4	2.785281E-1
6.962213E+1	6.980000E-4	2.788617E-1
6.962209E+1	7.026666E-4	2.791952E-1
6.962203E+1	6.723333E-4	2.795288E-1
6.962199E+1	6.180000E-4	2.798624E-1
6.962193E+1	5.486667E-4	2.801960E-1
6.962189E+1	5.530000E-4	2.805295E-1
6.962183E+1	5.366667E-4	2.808631E-1
6.962179E+1	5.473333E-4	2.811967E-1
6.962173E+1	6.013333E-4	2.815302E-1
6.962168E+1	6.213333E-4	2.818638E-1
6.962164E+1	5.723333E-4	2.821974E-1
6.962158E+1	5.036666E-4	2.825309E-1
6.962154E+1	5.840000E-4	2.828645E-1
6.962148E+1	6.516667E-4	2.831981E-1
6.962144E+1	5.696667E-4	2.835316E-1
6.962138E+1	5.170000E-4	2.838652E-1
6.962134E+1	5.136667E-4	2.841988E-1
6.962128E+1	5.873333E-4	2.845323E-1
6.962124E+1	6.443333E-4	2.848659E-1
6.962119E+1	6.506667E-4	2.851995E-1
6.962113E+1	5.426666E-4	2.855330E-1
6.962109E+1	5.703333E-4	2.858666E-1
6.962103E+1	6.200000E-4	2.862001E-1
6.962099E+1	5.963334E-4	2.865337E-1
6.962093E+1	6.266666E-4	2.868673E-1
6.962089E+1	6.293333E-4	2.872008E-1
6.962083E+1	6.250000E-4	2.875344E-1
6.962079E+1	5.116666E-4	2.878680E-1
6.962074E+1	5.620000E-4	2.882015E-1
6.962068E+1	4.926667E-4	2.885351E-1
6.962064E+1	4.636667E-4	2.888687E-1
6.962058E+1	4.706667E-4	2.892022E-1
6.962054E+1	4.830000E-4	2.895358E-1
6.962048E+1	5.673333E-4	2.898694E-1
6.962044E+1	5.710000E-4	2.902029E-1
6.962038E+1	4.796667E-4	2.905365E-1
6.962034E+1	5.766667E-4	2.908701E-1
6.962029E+1	5.773333E-4	2.912036E-1
6.962023E+1	5.500000E-4	2.915372E-1
6.962019E+1	4.880000E-4	2.918708E-1
6.962013E+1	4.440000E-4	2.922044E-1
6.962009E+1	4.473333E-4	2.925379E-1
6.962003E+1	4.520000E-4	2.928715E-1
6.961999E+1	4.526667E-4	2.932051E-1
6.961993E+1	5.576666E-4	2.935386E-1
6.961989E+1	5.753333E-4	2.938722E-1
6.961983E+1	5.640000E-4	2.942058E-1
6.961978E+1	4.490000E-4	2.945393E-1
6.961974E+1	5.350000E-4	2.948729E-1
6.961968E+1	4.623333E-4	2.952065E-1
6.961964E+1	4.646667E-4	2.955400E-1
6.961958E+1	4.320000E-4	2.958736E-1
6.961954E+1	4.903334E-4	2.962072E-1
6.961948E+1	5.063333E-4	2.965407E-1
6.961944E+1	5.213333E-4	2.968743E-1
6.961938E+1	5.190000E-4	2.972079E-1
6.961933E+1	4.613333E-4	2.975414E-1
6.961929E+1	4.590000E-4	2.978750E-1
6.961923E+1	5.010000E-4	2.982085E-1
6.961919E+1	4.773333E-4	2.985421E-1
6.961913E+1	4.326667E-4	2.988757E-1
6.961909E+1	4.243333E-4	2.992092E-1
6.961903E+1	4.430000E-4	2.995428E-1
6.961899E+1	4.513333E-4	2.998764E-1
6.961893E+1	4.203333E-4	3.002099E-1
6.961888E+1	4.380000E-4	3.005435E-1
6.961884E+1	4.630000E-4	3.008771E-1
6.961878E+1	4.193333E-4	3.012106E-1
6.961874E+1	4.226667E-4	3.015442E-1
6.961868E+1	4.016667E-4	3.018778E-1
6.961864E+1	3.913333E-4	3.022113E-1
6.961858E+1	3.856667E-4	3.025449E-1
6.961854E+1	4.123333E-4	3.028785E-1
6.961848E+1	4.026667E-4	3.032120E-1
6.961844E+1	3.896667E-4	3.035456E-1
6.961839E+1	3.970000E-4	3.038792E-1
6.961833E+1	4.380000E-4	3.042127E-1
6.961829E+1	4.136667E-4	3.045463E-1
6.961823E+1	4.353333E-4	3.048799E-1
6.961819E+1	4.313333E-4	3.052135E-1
6.961813E+1	3.830000E-4	3.055470E-1
6.961809E+1	4.033333E-4	3.058806E-1
6.961803E+1	4.246667E-4	3.062142E-1
6.961799E+1	4.260000E-4	3.065477E-1
6.961794E+1	3.763333E-4	3.068813E-1
6.961788E+1	3.530000E-4	3.072149E-1
6.961784E+1	3.570000E-4	3.075484E-1
6.961778E+1	3.560000E-4	3.078820E-1
6.961774E+1	3.650000E-4	3.082156E-1
6.961768E+1	3.753333E-4	3.085491E-1
6.961764E+1	4.013333E-4	3.088827E-1
6.961758E+1	3.983333E-4	3.092162E-1
6.961754E+1	3.946667E-4	3.095498E-1
6.961749E+1	4.026667E-4	3.098834E-1
6.961743E+1	4.100000E-4	3.102169E-1
6.961739E+1	3.636667E-4	3.105505E-1
6.961733E+1	3.433333E-4	3.108841E-1
6.961729E+1	3.583333E-4	3.112176E-1
6.961723E+1	3.623333E-4	3.115512E-1
6.961719E+1	3.333333E-4	3.118848E-1
6.961713E+1	3.310000E-4	3.122183E-1
6.961709E+1	3.326667E-4	3.125519E-1
6.961703E+1	3.426667E-4	3.128855E-1
6.961698E+1	3.416667E-4	3.132190E-1
6.961694E+1	3.400000E-4	3.135526E-1
6.961688E+1	3.436667E-4	3.138862E-1
6.961684E+1	3.630000E-4	3.142197E-1
6.961678E+1	3.496667E-4	3.145533E-1
6.961674E+1	3.576667E-4	3.148869E-1
6.961668E+1	3.266667E-4	3.152204E-1
6.961664E+1	3.456667E-4	3.155540E-1
6.961658E+1	3.383333E-4	3.158876E-1
6.961653E+1	3.430000E-4	3.162211E-1
6.961649E+1	3.513333E-4	3.165547E-1
6.961643E+1	3.460000E-4	3.168883E-1
6.961639E+1	3.166667E-4	3.172219E-1
6.961633E+1	3.320000E-4	3.175554E-1
6.961629E+1	3.360000E-4	3.178890E-1
6.961623E+1	3.480000E-4	3.182226E-1
6.961619E+1	3.530000E-4	3.185561E-1
6.961613E+1	3.223333E-4	3.188897E-1
6.961608E+1	3.250000E-4	3.192233E-1
6.961604E+1	3.123333E-4	3.195568E-1
6.961598E+1	3.096667E-4	3.198904E-1
6.961594E+1	3.110000E-4	3.202240E-1
6.961588E+1	3.303333E-4	3.205575E-1
6.961584E+1	3.360000E-4	3.208911E-1
6.961578E+1	3.430000E-4	3.212246E-1
6.961574E+1	3.370000E-4	3.215582E-1
6.961568E+1	3.073333E-4	3.218918E-1
6.961564E+1	3.013333E-4	3.222253E-1
6.961559E+1	2.990000E-4	3.225589E-1
6.961553E+1	3.190000E-4	3.228925E-1
6.961549E+1	3.253333E-4	3.232260E-1
6.961543E+1	3.296667E-4	3.235596E-1
6.961539E+1	3.110000E-4	3.238932E-1
6.961533E+1	2.916667E-4	3.242267E-1
6.961529E+1	2.860000E-4	3.245603E-1
6.961523E+1	2.890000E-4	3.248939E-1
6.961519E+1	2.890000E-4	3.252274E-1
6.961514E+1	2.960000E-4	3.255610E-1
6.961508E+1	3.090000E-4	3.258946E-1
6.961504E+1	3.140000E-4	3.262281E-1
6.961498E+1	3.140000E-4	3.265617E-1
6.961494E+1	3.150000E-4	3.268953E-1
6.961488E+1	2.993333E-4	3.272288E-1
6.961484E+1	2.790000E-4	3.275624E-1
6.961478E+1	2.783333E-4	3.278960E-1
6.961474E+1	2.810000E-4	3.282295E-1
6.961469E+1	2.800000E-4	3.285631E-1
6.961463E+1	2.880000E-4	3.288967E-1
6.961459E+1	2.983333E-4	3.292302E-1
6.961453E+1	3.073333E-4	3.295638E-1
6.961449E+1	3.063333E-4	3.298974E-1
6.961443E+1	3.030000E-4	3.302310E-1
6.961439E+1	2.966667E-4	3.305645E-1
6.961433E+1	2.916667E-4	3.308981E-1
6.961429E+1	2.823333E-4	3.312317E-1
6.961423E+1	3.026667E-4	3.315652E-1
6.961418E+1	3.013333E-4	3.318988E-1
6.961414E+1	2.903333E-4	3.322323E-1
6.961408E+1	2.760000E-4	3.325659E-1
6.961404E+1	2.786667E-4	3.328995E-1
6.961398E+1	3.023333E-4	3.332330E-1
6.961394E+1	3.063333E-4	3.335666E-1
6.961388E+1	3.003333E-4	3.339002E-1
6.961384E+1	3.036667E-4	3.342337E-1
6.961378E+1	2.916667E-4	3.345673E-1
6.961373E+1	2.763333E-4	3.349009E-1
6.961369E+1	2.700000E-4	3.352344E-1
6.961363E+1	2.743333E-4	3.355680E-1
6.961359E+1	2.776667E-4	3.359016E-1
6.961353E+1	2.753333E-4	3.362351E-1
6.961349E+1	2.810000E-4	3.365687E-1
6.961343E+1	2.826667E-4	3.369023E-1
6.961339E+1	2.946667E-4	3.372358E-1
6.961333E+1	3.020000E-4	3.375694E-1
6.961328E+1	2.926667E-4	3.379030E-1
6.961324E+1	2.760000E-4	3.382365E-1
6.961318E+1	2.820000E-4	3.385701E-1
6.961314E+1	3.010000E-4	3.389037E-1
6.961308E+1	2.943333E-4	3.392372E-1
6.961304E+1	2.796667E-4	3.395708E-1
6.961298E+1	2.666667E-4	3.399044E-1
6.961294E+1	2.690000E-4	3.402379E-1
6.961288E+1	2.710000E-4	3.405715E-1
6.961284E+1	2.693333E-4	3.409051E-1
6.961279E+1	2.820000E-4	3.412386E-1
6.961273E+1	2.990000E-4	3.415722E-1
6.961269E+1	2.990000E-4	3.419058E-1
6.961263E+1	2.983333E-4	3.422394E-1
6.961259E+1	2.983333E-4	3.425729E-1
6.961253E+1	2.956667E-4	3.429065E-1
6.961249E+1	2.966667E-4	3.432401E-1
6.961243E+1	2.903333E-4	3.435736E-1
6.961239E+1	2.670000E-4	3.439072E-1
6.961234E+1	2.800000E-4	3.442407E-1
6.961228E+1	2.906667E-4	3.445743E-1
6.961224E+1	2.770000E-4	3.449079E-1
6.961218E+1	2.690000E-4	3.452414E-1
6.961214E+1	2.886667E-4	3.455750E-1
6.961208E+1	2.906667E-4	3.459086E-1
6.961204E+1	2.870000E-4	3.462421E-1
6.961198E+1	2.830000E-4	3.465757E-1
6.961194E+1	2.966667E-4	3.469093E-1
6.961189E+1	2.906667E-4	3.472428E-1
6.961183E+1	2.710000E-4	3.475764E-1
6.961179E+1	2.770000E-4	3.479100E-1
6.961173E+1	2.863333E-4	3.482435E-1
6.961169E+1	2.686667E-4	3.485771E-1
6.961163E+1	2.650000E-4	3.489107E-1
6.961159E+1	2.680000E-4	3.492442E-1
6.961153E+1	2.950000E-4	3.495778E-1
6.961149E+1	2.920000E-4	3.499114E-1
6.961143E+1	2.930000E-4	3.502449E-1
6.961138E+1	2.836667E-4	3.505785E-1
6.961134E+1	2.680000E-4	3.509121E-1
6.961128E+1	2.776667E-4	3.512456E-1
6.961124E+1	2.900000E-4	3.515792E-1
6.961118E+1	2.710000E-4	3.519128E-1
6.961114E+1	2.820000E-4	3.522463E-1
6.961108E+1	2.823333E-4	3.525799E-1
6.961104E+1	2.750000E-4	3.529135E-1
6.961098E+1	2.763333E-4	3.532470E-1
6.961093E+1	2.886667E-4	3.535806E-1
6.961089E+1	2.796667E-4	3.539142E-1
6.961083E+1	2.706667E-4	3.542477E-1
6.961079E+1	2.880000E-4	3.545813E-1
6.961073E+1	2.870000E-4	3.549149E-1
6.961069E+1	2.793333E-4	3.552485E-1
6.961063E+1	2.646667E-4	3.555820E-1
6.961059E+1	2.620000E-4	3.559156E-1
6.961053E+1	2.653333E-4	3.562491E-1
6.961048E+1	2.706667E-4	3.565827E-1
6.961044E+1	2.763333E-4	3.569163E-1
6.961038E+1	2.786667E-4	3.572498E-1
6.961034E+1	2.700000E-4	3.575834E-1
6.961028E+1	2.933333E-4	3.579170E-1
6.961024E+1	2.940000E-4	3.582505E-1
6.961018E+1	2.800000E-4	3.585841E-1
6.961014E+1	2.700000E-4	3.589177E-1
6.961008E+1	2.853333E-4	3.592512E-1
6.961004E+1	2.936667E-4	3.595848E-1
6.960999E+1	2.946667E-4	3.599184E-1
6.960993E+1	2.876667E-4	3.602519E-1
6.960989E+1	2.773333E-4	3.605855E-1
6.960983E+1	2.850000E-4	3.609191E-1
6.960979E+1	2.883333E-4	3.612526E-1
6.960973E+1	2.703333E-4	3.615862E-1
6.960969E+1	2.716667E-4	3.619198E-1
6.960963E+1	2.853333E-4	3.622533E-1
6.960959E+1	2.910000E-4	3.625869E-1
6.960954E+1	2.856667E-4	3.629205E-1
6.960948E+1	2.683333E-4	3.632540E-1
6.960944E+1	2.606667E-4	3.635876E-1
6.960938E+1	2.630000E-4	3.639212E-1
6.960934E+1	2.670000E-4	3.642547E-1
6.960928E+1	2.710000E-4	3.645883E-1
6.960924E+1	2.766667E-4	3.649219E-1
6.960918E+1	2.866667E-4	3.652554E-1
6.960914E+1	2.916667E-4	3.655890E-1
6.960909E+1	2.850000E-4	3.659226E-1
6.960903E+1	2.683333E-4	3.662561E-1
6.960899E+1	2.610000E-4	3.665897E-1
