6.903493E+1	1.201333E-3	0.000000E+0
6.903488E+1	1.375333E-3	3.335666E-4
6.903484E+1	1.374000E-3	6.671332E-4
6.903478E+1	1.395333E-3	1.000700E-3
6.903474E+1	1.415000E-3	1.334266E-3
6.903468E+1	1.391000E-3	1.667833E-3
6.903464E+1	1.339667E-3	2.001400E-3
6.903458E+1	1.433667E-3	2.334966E-3
6.903454E+1	1.445333E-3	2.668533E-3
6.903448E+1	1.380667E-3	3.002099E-3
6.903443E+1	1.315000E-3	3.335666E-3
6.903439E+1	1.347667E-3	3.669233E-3
6.903433E+1	1.389667E-3	4.002799E-3
6.903429E+1	1.361333E-3	4.336366E-3
6.903423E+1	1.419667E-3	4.669933E-3
6.903419E+1	1.422667E-3	5.003499E-3
6.903413E+1	1.379000E-3	5.337066E-3
6.903409E+1	1.428333E-3	5.670632E-3
6.903403E+1	1.420000E-3	6.004199E-3
6.903398E+1	1.437333E-3	6.337766E-3
6.903394E+1	1.413000E-3	6.671332E-3
6.903388E+1	1.343000E-3	7.004899E-3
6.903384E+1	1.333333E-3	7.338465E-3
6.903378E+1	1.439333E-3	7.672032E-3
6.903374E+1	1.463000E-3	8.005599E-3
6.903368E+1	1.370000E-3	8.339165E-3
6.903364E+1	1.384000E-3	8.672732E-3
6.903358E+1	1.475000E-3	9.006298E-3
6.903353E+1	1.435667E-3	9.339865E-3
6.903349E+1	1.387333E-3	9.673432E-3
6.903343E+1	1.434667E-3	1.000700E-2
6.903339E+1	1.429000E-3	1.034056E-2
6.903333E+1	1.427000E-3	1.067413E-2
6.903329E+1	1.446667E-3	1.100770E-2
6.903323E+1	1.435667E-3	1.134126E-2
6.903319E+1	1.417000E-3	1.167483E-2
6.903313E+1	1.410000E-3	1.200840E-2
6.903309E+1	1.389000E-3	1.234196E-2
6.903304E+1	1.457667E-3	1.267553E-2
6.903298E+1	1.543333E-3	1.300910E-2
6.903294E+1	1.530000E-3	1.334266E-2
6.903288E+1	1.452333E-3	1.367623E-2
6.903284E+1	1.398333E-3	1.400980E-2
6.903278E+1	1.409333E-3	1.434336E-2
6.903274E+1	1.450667E-3	1.467693E-2
6.903268E+1	1.485333E-3	1.501050E-2
6.903264E+1	1.564667E-3	1.534406E-2
6.903259E+1	1.517667E-3	1.567763E-2
6.903253E+1	1.408000E-3	1.601120E-2
6.903249E+1	1.412667E-3	1.634476E-2
6.903243E+1	1.491000E-3	1.667833E-2
6.903239E+1	1.470000E-3	1.701190E-2
6.903233E+1	1.578667E-3	1.734546E-2
6.903229E+1	1.646333E-3	1.767903E-2
6.903223E+1	1.470000E-3	1.801260E-2
6.903219E+1	1.415333E-3	1.834616E-2
6.903214E+1	1.467000E-3	1.867973E-2
6.903208E+1	1.496333E-3	1.901330E-2
6.903204E+1	1.570000E-3	1.934686E-2
6.903198E+1	1.703333E-3	1.968043E-2
6.903194E+1	1.616667E-3	2.001400E-2
6.903188E+1	1.443667E-3	2.034756E-2
6.903184E+1	1.604000E-3	2.068113E-2
6.903178E+1	1.693667E-3	2.101470E-2
6.903174E+1	1.643000E-3	2.134826E-2
6.903168E+1	1.537667E-3	2.168183E-2
6.903163E+1	1.546667E-3	2.201540E-2
6.903159E+1	1.427667E-3	2.234896E-2
6.903153E+1	1.473333E-3	2.268253E-2
6.903149E+1	1.591667E-3	2.301610E-2
6.903143E+1	1.444000E-3	2.334966E-2
6.903139E+1	1.592000E-3	2.368323E-2
6.903133E+1	1.766333E-3	2.401680E-2
6.903129E+1	1.797667E-3	2.435036E-2
6.903123E+1	1.763000E-3	2.468393E-2
6.903118E+1	1.760000E-3	2.501750E-2
6.903114E+1	1.611333E-3	2.535106E-2
6.903108E+1	1.480000E-3	2.568463E-2
6.903104E+1	1.443667E-3	2.601819E-2
6.903098E+1	1.466667E-3	2.635176E-2
6.903094E+1	1.578667E-3	2.668533E-2
6.903088E+1	1.484000E-3	2.701890E-2
6.903084E+1	1.517000E-3	2.735246E-2
6.903078E+1	1.466333E-3	2.768603E-2
6.903073E+1	1.484333E-3	2.801960E-2
6.903069E+1	1.615667E-3	2.835316E-2
6.903063E+1	1.747333E-3	2.868673E-2
6.903059E+1	1.703000E-3	2.902029E-2
6.903053E+1	1.487000E-3	2.935386E-2
6.903049E+1	1.644667E-3	2.968743E-2
6.903043E+1	1.817000E-3	3.002100E-2
6.903039E+1	1.860333E-3	3.035456E-2
6.903033E+1	1.637667E-3	3.068813E-2
6.903029E+1	1.588000E-3	3.102169E-2
6.903024E+1	1.778000E-3	3.135526E-2
6.903018E+1	1.843667E-3	3.168883E-2
6.903014E+1	1.835000E-3	3.202239E-2
6.903008E+1	1.764000E-3	3.235596E-2
6.903004E+1	1.706333E-3	3.268953E-2
6.902998E+1	1.544667E-3	3.302309E-2
6.902994E+1	1.443333E-3	3.335666E-2
6.902988E+1	1.619000E-3	3.369023E-2
6.902984E+1	1.812333E-3	3.402380E-2
6.902979E+1	1.830000E-3	3.435736E-2
6.902973E+1	1.889667E-3	3.469093E-2
6.902969E+1	1.812667E-3	3.502449E-2
6.902963E+1	1.536000E-3	3.535806E-2
6.902959E+1	1.796667E-3	3.569163E-2
6.902953E+1	1.912000E-3	3.602519E-2
6.902949E+1	1.804667E-3	3.635876E-2
6.902943E+1	1.676667E-3	3.669233E-2
6.902939E+1	1.804333E-3	3.702589E-2
6.902934E+1	1.734333E-3	3.735946E-2
6.902928E+1	1.504000E-3	3.769303E-2
6.902924E+1	1.499333E-3	3.802659E-2
6.902918E+1	1.502667E-3	3.836016E-2
6.902914E+1	1.459000E-3	3.869373E-2
6.902908E+1	1.476000E-3	3.902729E-2
6.902904E+1	1.689333E-3	3.936086E-2
6.902898E+1	1.691333E-3	3.969442E-2
6.902894E+1	1.807333E-3	4.002799E-2
6.902888E+1	1.687000E-3	4.036156E-2
6.902883E+1	1.458000E-3	4.069513E-2
6.902879E+1	1.470333E-3	4.102869E-2
6.902873E+1	1.543667E-3	4.136226E-2
6.902869E+1	1.613000E-3	4.169583E-2
6.902863E+1	1.606000E-3	4.202939E-2
6.902859E+1	1.643333E-3	4.236296E-2
6.902853E+1	1.525333E-3	4.269652E-2
6.902849E+1	1.556000E-3	4.303009E-2
6.902843E+1	1.739667E-3	4.336366E-2
6.902838E+1	1.881667E-3	4.369723E-2
6.902834E+1	1.526000E-3	4.403079E-2
6.902828E+1	1.550000E-3	4.436436E-2
6.902824E+1	1.800000E-3	4.469793E-2
6.902818E+1	1.987000E-3	4.503149E-2
6.902814E+1	1.963667E-3	4.536506E-2
6.902808E+1	1.969667E-3	4.569862E-2
6.902804E+1	1.997333E-3	4.603219E-2
6.902798E+1	1.823000E-3	4.636576E-2
6.902793E+1	1.839667E-3	4.669933E-2
6.902789E+1	2.012000E-3	4.703289E-2
6.902783E+1	2.003333E-3	4.736646E-2
6.902779E+1	1.922333E-3	4.770003E-2
6.902773E+1	1.616333E-3	4.803359E-2
6.902769E+1	1.928333E-3	4.836716E-2
6.902763E+1	1.683667E-3	4.870072E-2
6.902759E+1	1.525667E-3	4.903429E-2
6.902753E+1	1.590000E-3	4.936786E-2
6.902749E+1	1.922667E-3	4.970143E-2
6.902744E+1	2.113000E-3	5.003499E-2
6.902738E+1	2.130667E-3	5.036856E-2
6.902734E+1	2.110000E-3	5.070212E-2
6.902728E+1	2.100333E-3	5.103569E-2
6.902724E+1	2.123667E-3	5.136926E-2
6.902718E+1	2.129667E-3	5.170282E-2
6.902714E+1	2.011667E-3	5.203639E-2
6.902708E+1	1.740000E-3	5.236996E-2
6.902704E+1	1.572667E-3	5.270352E-2
6.902699E+1	1.768667E-3	5.303709E-2
6.902693E+1	2.061333E-3	5.337066E-2
6.902689E+1	2.064000E-3	5.370422E-2
6.902683E+1	2.122667E-3	5.403779E-2
6.902679E+1	1.959000E-3	5.437136E-2
6.902673E+1	1.759000E-3	5.470492E-2
6.902669E+1	1.662000E-3	5.503849E-2
6.902663E+1	2.120333E-3	5.537206E-2
6.902659E+1	2.109667E-3	5.570562E-2
6.902654E+1	1.866000E-3	5.603919E-2
6.902648E+1	1.657333E-3	5.637276E-2
6.902644E+1	1.986000E-3	5.670632E-2
6.902638E+1	1.826333E-3	5.703989E-2
6.902634E+1	1.578333E-3	5.737346E-2
6.902628E+1	1.679667E-3	5.770702E-2
6.902624E+1	1.602000E-3	5.804059E-2
6.902618E+1	1.772667E-3	5.837416E-2
6.902614E+1	2.128333E-3	5.870772E-2
6.902608E+1	1.911000E-3	5.904129E-2
6.902603E+1	1.916333E-3	5.937486E-2
6.902599E+1	1.934667E-3	5.970842E-2
6.902593E+1	1.757333E-3	6.004199E-2
6.902589E+1	1.685000E-3	6.037556E-2
6.902583E+1	1.627333E-3	6.070912E-2
6.902579E+1	2.121667E-3	6.104269E-2
6.902573E+1	2.170000E-3	6.137626E-2
6.902569E+1	1.760333E-3	6.170982E-2
6.902563E+1	1.617000E-3	6.204339E-2
6.902558E+1	2.249667E-3	6.237696E-2
6.902554E+1	2.316000E-3	6.271052E-2
6.902548E+1	1.698667E-3	6.304409E-2
6.902544E+1	1.542000E-3	6.337766E-2
6.902538E+1	1.657000E-3	6.371122E-2
6.902534E+1	1.601667E-3	6.404479E-2
6.902528E+1	1.523667E-3	6.437836E-2
6.902524E+1	1.481333E-3	6.471192E-2
6.902518E+1	1.511000E-3	6.504549E-2
6.902513E+1	1.556000E-3	6.537905E-2
6.902509E+1	2.103333E-3	6.571262E-2
6.902503E+1	1.987667E-3	6.604619E-2
6.902499E+1	1.539667E-3	6.637976E-2
6.902493E+1	2.065667E-3	6.671332E-2
6.902489E+1	2.439667E-3	6.704689E-2
6.902483E+1	1.839000E-3	6.738046E-2
6.902479E+1	1.439667E-3	6.771402E-2
6.902473E+1	1.619333E-3	6.804759E-2
6.902469E+1	2.438000E-3	6.838115E-2
6.902464E+1	2.662000E-3	6.871472E-2
6.902458E+1	2.215667E-3	6.904829E-2
6.902454E+1	1.686667E-3	6.938186E-2
6.902448E+1	2.149000E-3	6.971542E-2
6.902444E+1	2.413333E-3	7.004899E-2
6.902438E+1	1.744667E-3	7.038256E-2
6.902434E+1	1.715667E-3	7.071612E-2
6.902428E+1	2.265667E-3	7.104969E-2
6.902424E+1	2.589333E-3	7.138325E-2
6.902419E+1	2.160000E-3	7.171682E-2
6.902413E+1	1.687667E-3	7.205039E-2
6.902409E+1	2.580000E-3	7.238396E-2
6.902403E+1	2.776667E-3	7.271752E-2
6.902399E+1	2.145333E-3	7.305109E-2
6.902393E+1	1.331667E-3	7.338465E-2
6.902389E+1	1.388000E-3	7.371822E-2
6.902383E+1	1.449000E-3	7.405179E-2
6.902379E+1	2.285000E-3	7.438535E-2
6.902374E+1	2.802667E-3	7.471892E-2
6.902368E+1	2.868333E-3	7.505248E-2
6.902364E+1	2.849333E-3	7.538605E-2
6.902358E+1	2.969000E-3	7.571962E-2
6.902354E+1	3.086000E-3	7.605319E-2
6.902348E+1	2.965333E-3	7.638675E-2
6.902344E+1	3.018000E-3	7.672032E-2
6.902338E+1	2.468667E-3	7.705389E-2
6.902334E+1	1.517667E-3	7.738745E-2
6.902328E+1	1.808667E-3	7.772102E-2
6.902323E+1	2.826667E-3	7.805458E-2
6.902319E+1	1.849667E-3	7.838815E-2
6.902313E+1	2.096000E-3	7.872172E-2
6.902309E+1	2.686333E-3	7.905529E-2
6.902303E+1	3.187333E-3	7.938885E-2
6.902299E+1	3.205000E-3	7.972242E-2
6.902293E+1	2.487333E-3	8.005599E-2
6.902289E+1	2.208333E-3	8.038955E-2
6.902283E+1	1.691667E-3	8.072312E-2
6.902278E+1	2.392667E-3	8.105668E-2
6.902274E+1	2.527000E-3	8.139025E-2
6.902268E+1	3.337000E-3	8.172382E-2
6.902264E+1	3.323333E-3	8.205739E-2
6.902258E+1	3.085333E-3	8.239095E-2
6.902254E+1	2.641333E-3	8.272452E-2
6.902248E+1	1.466667E-3	8.305808E-2
6.902244E+1	1.370667E-3	8.339165E-2
6.902238E+1	1.665000E-3	8.372522E-2
6.902233E+1	2.666667E-3	8.405878E-2
6.902229E+1	2.811333E-3	8.439235E-2
6.902223E+1	1.950000E-3	8.472592E-2
6.902219E+1	2.560667E-3	8.505949E-2
6.902213E+1	1.141333E-3	8.539305E-2
6.902209E+1	1.134333E-3	8.572662E-2
6.902203E+1	2.248000E-3	8.606018E-2
6.902199E+1	3.675667E-3	8.639375E-2
6.902193E+1	3.510000E-3	8.672732E-2
6.902189E+1	2.998333E-3	8.706088E-2
6.902184E+1	1.532000E-3	8.739445E-2
6.902178E+1	9.916667E-4	8.772802E-2
6.902174E+1	1.740333E-3	8.806159E-2
6.902168E+1	3.260000E-3	8.839515E-2
6.902164E+1	3.658333E-3	8.872872E-2
6.902158E+1	3.280667E-3	8.906228E-2
6.902154E+1	1.784000E-3	8.939585E-2
6.902148E+1	1.051333E-3	8.972942E-2
6.902144E+1	1.377333E-3	9.006298E-2
6.902139E+1	1.820000E-3	9.039655E-2
6.902133E+1	2.248333E-3	9.073012E-2
6.902129E+1	2.287333E-3	9.106369E-2
6.902123E+1	2.837333E-3	9.139725E-2
6.902119E+1	3.857333E-3	9.173082E-2
6.902113E+1	3.774667E-3	9.206438E-2
6.902109E+1	3.520000E-3	9.239795E-2
6.902103E+1	1.690667E-3	9.273152E-2
6.902099E+1	1.786333E-3	9.306508E-2
6.902094E+1	3.474333E-3	9.339865E-2
6.902088E+1	2.189667E-3	9.373222E-2
6.902084E+1	1.291000E-3	9.406579E-2
6.902078E+1	2.997333E-3	9.439935E-2
6.902074E+1	3.853333E-3	9.473292E-2
6.902068E+1	2.811000E-3	9.506648E-2
6.902064E+1	1.772333E-3	9.540005E-2
6.902058E+1	2.135000E-3	9.573361E-2
6.902054E+1	2.423333E-3	9.606718E-2
6.902048E+1	1.939333E-3	9.640075E-2
6.902043E+1	1.765000E-3	9.673432E-2
6.902039E+1	2.110000E-3	9.706789E-2
6.902033E+1	1.831667E-3	9.740145E-2
6.902029E+1	2.291667E-3	9.773502E-2
6.902023E+1	3.674333E-3	9.806858E-2
6.902019E+1	3.917333E-3	9.840215E-2
6.902013E+1	1.731667E-3	9.873571E-2
6.902009E+1	1.174333E-3	9.906928E-2
6.902003E+1	9.250000E-4	9.940285E-2
6.901998E+1	1.314333E-3	9.973641E-2
6.901994E+1	3.256333E-3	1.000700E-1
6.901988E+1	4.273667E-3	1.004035E-1
6.901984E+1	4.361000E-3	1.007371E-1
6.901978E+1	4.228000E-3	1.010707E-1
6.901974E+1	2.975333E-3	1.014042E-1
6.901968E+1	1.372333E-3	1.017378E-1
6.901964E+1	2.070667E-3	1.020714E-1
6.901958E+1	4.112666E-3	1.024050E-1
6.901953E+1	4.256667E-3	1.027385E-1
6.901949E+1	4.001333E-3	1.030721E-1
6.901943E+1	2.568667E-3	1.034056E-1
6.901939E+1	1.377667E-3	1.037392E-1
6.901933E+1	3.300000E-3	1.040728E-1
6.901929E+1	4.328333E-3	1.044063E-1
6.901923E+1	4.247333E-3	1.047399E-1
6.901919E+1	4.096667E-3	1.050735E-1
6.901913E+1	3.448333E-3	1.054070E-1
6.901909E+1	3.745000E-3	1.057406E-1
6.901904E+1	1.811667E-3	1.060742E-1
6.901898E+1	2.039000E-3	1.064077E-1
6.901894E+1	4.028333E-3	1.067413E-1
6.901888E+1	4.343667E-3	1.070749E-1
6.901884E+1	4.145666E-3	1.074084E-1
6.901878E+1	3.005667E-3	1.077420E-1
6.901874E+1	1.344667E-3	1.080756E-1
6.901868E+1	1.271333E-3	1.084091E-1
6.901864E+1	1.241000E-3	1.087427E-1
6.901859E+1	2.925667E-3	1.090763E-1
6.901853E+1	3.699667E-3	1.094098E-1
6.901849E+1	1.923000E-3	1.097434E-1
6.901843E+1	8.733333E-4	1.100770E-1
6.901839E+1	7.060000E-4	1.104105E-1
6.901833E+1	7.163333E-4	1.107441E-1
6.901829E+1	1.270000E-3	1.110777E-1
6.901823E+1	2.611667E-3	1.114112E-1
6.901819E+1	3.792000E-3	1.117448E-1
6.901814E+1	3.346667E-3	1.120784E-1
6.901808E+1	3.209667E-3	1.124119E-1
6.901804E+1	2.955000E-3	1.127455E-1
6.901798E+1	3.395333E-3	1.130791E-1
6.901794E+1	3.835333E-3	1.134126E-1
6.901788E+1	1.963000E-3	1.137462E-1
6.901784E+1	1.583667E-3	1.140798E-1
6.901778E+1	2.809667E-3	1.144133E-1
6.901774E+1	2.812667E-3	1.147469E-1
6.901768E+1	3.789667E-3	1.150805E-1
6.901763E+1	3.391333E-3	1.154140E-1
6.901759E+1	3.081000E-3	1.157476E-1
6.901753E+1	2.663667E-3	1.160812E-1
6.901749E+1	3.508333E-3	1.164147E-1
6.901743E+1	2.210000E-3	1.167483E-1
6.901739E+1	3.271333E-3	1.170819E-1
6.901733E+1	2.140333E-3	1.174154E-1
6.901729E+1	1.186000E-3	1.177490E-1
6.901723E+1	1.002667E-3	1.180826E-1
6.901718E+1	1.965667E-3	1.184161E-1
6.901714E+1	3.578000E-3	1.187497E-1
6.901708E+1	2.322333E-3	1.190833E-1
6.901704E+1	1.541000E-3	1.194168E-1
6.901698E+1	1.050333E-3	1.197504E-1
6.901694E+1	2.107000E-3	1.200840E-1
6.901688E+1	3.226333E-3	1.204175E-1
6.901684E+1	1.864667E-3	1.207511E-1
6.901678E+1	1.624000E-3	1.210847E-1
6.901673E+1	1.167000E-3	1.214182E-1
6.901669E+1	1.008667E-3	1.217518E-1
6.901663E+1	1.099000E-3	1.220854E-1
6.901659E+1	1.666333E-3	1.224189E-1
6.901653E+1	2.931667E-3	1.227525E-1
6.901649E+1	3.515333E-3	1.230861E-1
6.901643E+1	2.850333E-3	1.234196E-1
6.901639E+1	1.743000E-3	1.237532E-1
6.901633E+1	1.182333E-3	1.240868E-1
6.901629E+1	1.064667E-3	1.244203E-1
6.901624E+1	1.388667E-3	1.247539E-1
6.901618E+1	2.119000E-3	1.250875E-1
6.901614E+1	1.620667E-3	1.254210E-1
6.901608E+1	1.096000E-3	1.257546E-1
6.901604E+1	1.092000E-3	1.260882E-1
6.901598E+1	2.227667E-3	1.264217E-1
6.901594E+1	2.788000E-3	1.267553E-1
6.901588E+1	2.101333E-3	1.270889E-1
6.901584E+1	3.229667E-3	1.274224E-1
6.901579E+1	2.993333E-3	1.277560E-1
6.901573E+1	1.411000E-3	1.280896E-1
6.901569E+1	1.222000E-3	1.284231E-1
6.901563E+1	1.798333E-3	1.287567E-1
6.901559E+1	3.057333E-3	1.290903E-1
6.901553E+1	3.212667E-3	1.294238E-1
6.901549E+1	3.025667E-3	1.297574E-1
6.901543E+1	2.275667E-3	1.300910E-1
6.901539E+1	1.416000E-3	1.304245E-1
6.901534E+1	1.747333E-3	1.307581E-1
6.901528E+1	1.869000E-3	1.310917E-1
6.901524E+1	2.749667E-3	1.314252E-1
6.901518E+1	2.211000E-3	1.317588E-1
6.901514E+1	2.277000E-3	1.320924E-1
6.901508E+1	2.290667E-3	1.324259E-1
6.901504E+1	1.689333E-3	1.327595E-1
6.901498E+1	1.702667E-3	1.330931E-1
6.901494E+1	1.519333E-3	1.334266E-1
6.901488E+1	1.941667E-3	1.337602E-1
6.901483E+1	2.748667E-3	1.340938E-1
6.901479E+1	2.184000E-3	1.344273E-1
6.901473E+1	2.414000E-3	1.347609E-1
6.901469E+1	2.340000E-3	1.350945E-1
6.901463E+1	2.165000E-3	1.354280E-1
6.901459E+1	1.648667E-3	1.357616E-1
6.901453E+1	2.259333E-3	1.360952E-1
6.901449E+1	2.750333E-3	1.364287E-1
6.901443E+1	2.627000E-3	1.367623E-1
6.901438E+1	2.645000E-3	1.370959E-1
6.901434E+1	2.634333E-3	1.374294E-1
6.901428E+1	1.990000E-3	1.377630E-1
6.901424E+1	1.668667E-3	1.380966E-1
6.901418E+1	2.079000E-3	1.384301E-1
6.901414E+1	2.427667E-3	1.387637E-1
6.901408E+1	2.419333E-3	1.390973E-1
6.901404E+1	2.207000E-3	1.394308E-1
6.901398E+1	1.993000E-3	1.397644E-1
6.901393E+1	1.794667E-3	1.400980E-1
6.901389E+1	1.892333E-3	1.404315E-1
6.901383E+1	2.080333E-3	1.407651E-1
6.901379E+1	2.016667E-3	1.410987E-1
6.901373E+1	1.981333E-3	1.414322E-1
6.901369E+1	1.895667E-3	1.417658E-1
6.901363E+1	1.850000E-3	1.420994E-1
6.901359E+1	1.777333E-3	1.424329E-1
6.901353E+1	1.778667E-3	1.427665E-1
6.901349E+1	1.789667E-3	1.431001E-1
6.901344E+1	1.944667E-3	1.434336E-1
6.901338E+1	2.009000E-3	1.437672E-1
6.901334E+1	2.004000E-3	1.441008E-1
6.901328E+1	1.924000E-3	1.444343E-1
6.901324E+1	1.855000E-3	1.447679E-1
6.901318E+1	1.820000E-3	1.451015E-1
6.901314E+1	1.698000E-3	1.454350E-1
6.901308E+1	1.776000E-3	1.457686E-1
6.901304E+1	1.951667E-3	1.461022E-1
6.901299E+1	2.054667E-3	1.464357E-1
6.901293E+1	2.011000E-3	1.467693E-1
6.901289E+1	2.041667E-3	1.471029E-1
6.901283E+1	1.873333E-3	1.474364E-1
6.901279E+1	1.567667E-3	1.477700E-1
6.901273E+1	1.642333E-3	1.481036E-1
6.901269E+1	1.964667E-3	1.484371E-1
6.901263E+1	1.885333E-3	1.487707E-1
6.901259E+1	1.452667E-3	1.491043E-1
6.901254E+1	1.465000E-3	1.494378E-1
6.901248E+1	1.419667E-3	1.497714E-1
6.901244E+1	1.371333E-3	1.501050E-1
6.901238E+1	1.416333E-3	1.504385E-1
6.901234E+1	1.400333E-3	1.507721E-1
6.901228E+1	1.616000E-3	1.511057E-1
6.901224E+1	1.821000E-3	1.514392E-1
6.901218E+1	1.733667E-3	1.517728E-1
6.901214E+1	1.632667E-3	1.521064E-1
6.901208E+1	2.128667E-3	1.524399E-1
6.901203E+1	2.076667E-3	1.527735E-1
6.901199E+1	1.703333E-3	1.531071E-1
6.901193E+1	1.419000E-3	1.534406E-1
6.901189E+1	1.982667E-3	1.537742E-1
6.901183E+1	1.971000E-3	1.541078E-1
6.901179E+1	1.852000E-3	1.544413E-1
6.901173E+1	1.485333E-3	1.547749E-1
6.901169E+1	1.236000E-3	1.551085E-1
6.901163E+1	1.607333E-3	1.554420E-1
6.901158E+1	1.789333E-3	1.557756E-1
6.901154E+1	1.850333E-3	1.561092E-1
6.901148E+1	2.066000E-3	1.564427E-1
6.901144E+1	2.066333E-3	1.567763E-1
6.901138E+1	1.875333E-3	1.571099E-1
6.901134E+1	1.425333E-3	1.574434E-1
6.901128E+1	1.259000E-3	1.577770E-1
6.901124E+1	1.134333E-3	1.581106E-1
6.901118E+1	1.309667E-3	1.584441E-1
6.901113E+1	1.745000E-3	1.587777E-1
6.901109E+1	1.987333E-3	1.591113E-1
6.901103E+1	1.659000E-3	1.594448E-1
6.901099E+1	1.864667E-3	1.597784E-1
6.901093E+1	1.912333E-3	1.601120E-1
6.901089E+1	1.533333E-3	1.604455E-1
6.901083E+1	1.443000E-3	1.607791E-1
6.901079E+1	1.463667E-3	1.611127E-1
6.901073E+1	1.211000E-3	1.614462E-1
6.901069E+1	1.239000E-3	1.617798E-1
6.901064E+1	1.498667E-3	1.621134E-1
6.901058E+1	1.804000E-3	1.624469E-1
6.901054E+1	1.447667E-3	1.627805E-1
6.901048E+1	1.199667E-3	1.631141E-1
6.901044E+1	1.211000E-3	1.634476E-1
6.901038E+1	1.415333E-3	1.637812E-1
6.901034E+1	1.262667E-3	1.641148E-1
6.901028E+1	1.537667E-3	1.644483E-1
6.901024E+1	1.750667E-3	1.647819E-1
6.901019E+1	1.475667E-3	1.651155E-1
6.901013E+1	1.615333E-3	1.654490E-1
6.901009E+1	1.632000E-3	1.657826E-1
6.901003E+1	1.556667E-3	1.661162E-1
6.900999E+1	1.516667E-3	1.664497E-1
6.900993E+1	1.501667E-3	1.667833E-1
6.900989E+1	1.292667E-3	1.671169E-1
6.900983E+1	1.389667E-3	1.674504E-1
6.900979E+1	1.594333E-3	1.677840E-1
6.900974E+1	1.658333E-3	1.681176E-1
6.900968E+1	1.433667E-3	1.684511E-1
6.900964E+1	1.300667E-3	1.687847E-1
6.900958E+1	1.502000E-3	1.691183E-1
6.900954E+1	1.340333E-3	1.694518E-1
6.900948E+1	1.297667E-3	1.697854E-1
6.900944E+1	1.307000E-3	1.701190E-1
6.900938E+1	1.384667E-3	1.704525E-1
6.900934E+1	1.547333E-3	1.707861E-1
6.900928E+1	1.534333E-3	1.711197E-1
6.900923E+1	1.520667E-3	1.714532E-1
6.900919E+1	1.420667E-3	1.717868E-1
6.900913E+1	1.327667E-3	1.721204E-1
6.900909E+1	1.273000E-3	1.724539E-1
6.900903E+1	1.335667E-3	1.727875E-1
6.900899E+1	1.412000E-3	1.731211E-1
6.900893E+1	1.436333E-3	1.734546E-1
6.900889E+1	1.425000E-3	1.737882E-1
6.900883E+1	1.349333E-3	1.741218E-1
6.900878E+1	1.282333E-3	1.744553E-1
6.900874E+1	1.365000E-3	1.747889E-1
6.900868E+1	1.414000E-3	1.751225E-1
6.900864E+1	1.347000E-3	1.754560E-1
6.900858E+1	1.365333E-3	1.757896E-1
6.900854E+1	1.412333E-3	1.761232E-1
6.900848E+1	1.418667E-3	1.764567E-1
6.900844E+1	1.343333E-3	1.767903E-1
6.900838E+1	1.333667E-3	1.771239E-1
6.900833E+1	1.300333E-3	1.774574E-1
6.900829E+1	1.287000E-3	1.777910E-1
6.900823E+1	1.335000E-3	1.781246E-1
6.900819E+1	1.326667E-3	1.784581E-1
6.900813E+1	1.305333E-3	1.787917E-1
6.900809E+1	1.305000E-3	1.791253E-1
6.900803E+1	1.262000E-3	1.794588E-1
6.900799E+1	1.255667E-3	1.797924E-1
6.900793E+1	1.220000E-3	1.801260E-1
6.900789E+1	1.281000E-3	1.804595E-1
6.900784E+1	1.295000E-3	1.807931E-1
6.900778E+1	1.274667E-3	1.811267E-1
6.900774E+1	1.221000E-3	1.814602E-1
6.900768E+1	1.251667E-3	1.817938E-1
6.900764E+1	1.293667E-3	1.821274E-1
6.900758E+1	1.181667E-3	1.824609E-1
6.900754E+1	1.197667E-3	1.827945E-1
6.900748E+1	1.235000E-3	1.831281E-1
6.900744E+1	1.183000E-3	1.834616E-1
6.900739E+1	1.188667E-3	1.837952E-1
6.900733E+1	1.292333E-3	1.841288E-1
6.900729E+1	1.265000E-3	1.844623E-1
6.900723E+1	1.205333E-3	1.847959E-1
6.900719E+1	1.286000E-3	1.851295E-1
6.900713E+1	1.313000E-3	1.854630E-1
6.900709E+1	1.305667E-3	1.857966E-1
6.900703E+1	1.268333E-3	1.861302E-1
6.900699E+1	1.289333E-3	1.864637E-1
6.900694E+1	1.228333E-3	1.867973E-1
6.900688E+1	1.173000E-3	1.871309E-1
6.900684E+1	1.273000E-3	1.874644E-1
6.900678E+1	1.212333E-3	1.877980E-1
6.900674E+1	1.201667E-3	1.881316E-1
6.900668E+1	1.191667E-3	1.884651E-1
6.900664E+1	1.162333E-3	1.887987E-1
6.900658E+1	1.236667E-3	1.891323E-1
6.900654E+1	1.227333E-3	1.894658E-1
6.900648E+1	1.145667E-3	1.897994E-1
6.900643E+1	1.120000E-3	1.901330E-1
6.900639E+1	1.159667E-3	1.904665E-1
6.900633E+1	1.219667E-3	1.908001E-1
6.900629E+1	1.221667E-3	1.911337E-1
6.900623E+1	1.179667E-3	1.914672E-1
6.900619E+1	1.154333E-3	1.918008E-1
6.900613E+1	1.143000E-3	1.921344E-1
6.900609E+1	1.134333E-3	1.924679E-1
6.900603E+1	1.139667E-3	1.928015E-1
6.900598E+1	1.170000E-3	1.931351E-1
6.900594E+1	1.174000E-3	1.934686E-1
6.900588E+1	1.183333E-3	1.938022E-1
6.900584E+1	1.189000E-3	1.941358E-1
6.900578E+1	1.189667E-3	1.944693E-1
6.900574E+1	1.198000E-3	1.948029E-1
6.900568E+1	1.198333E-3	1.951365E-1
6.900564E+1	1.198333E-3	1.954700E-1
6.900558E+1	1.176000E-3	1.958036E-1
6.900553E+1	1.154667E-3	1.961372E-1
6.900549E+1	1.153333E-3	1.964707E-1
6.900543E+1	1.167667E-3	1.968043E-1
6.900539E+1	1.172000E-3	1.971379E-1
6.900533E+1	1.171000E-3	1.974714E-1
6.900529E+1	1.153667E-3	1.978050E-1
6.900523E+1	1.164000E-3	1.981386E-1
6.900519E+1	1.168667E-3	1.984721E-1
6.900513E+1	1.159333E-3	1.988057E-1
6.900509E+1	1.154000E-3	1.991393E-1
6.900504E+1	1.156667E-3	1.994728E-1
6.900498E+1	1.157667E-3	1.998064E-1
6.900494E+1	1.149000E-3	2.001400E-1
6.900488E+1	1.142333E-3	2.004735E-1
6.900484E+1	1.147333E-3	2.008071E-1
6.900478E+1	1.153000E-3	2.011407E-1
6.900474E+1	1.152000E-3	2.014742E-1
6.900468E+1	1.148000E-3	2.018078E-1
6.900464E+1	1.148000E-3	2.021414E-1
6.900459E+1	1.145667E-3	2.024749E-1
6.900453E+1	1.136333E-3	2.028085E-1
6.900449E+1	1.133000E-3	2.031421E-1
6.900443E+1	1.140000E-3	2.034756E-1
6.900439E+1	1.139333E-3	2.038092E-1
6.900433E+1	1.122333E-3	2.041428E-1
6.900429E+1	1.122000E-3	2.044763E-1
6.900423E+1	1.125000E-3	2.048099E-1
6.900419E+1	1.123000E-3	2.051435E-1
6.900414E+1	1.140333E-3	2.054770E-1
6.900408E+1	1.147000E-3	2.058106E-1
6.900404E+1	1.149667E-3	2.061442E-1
6.900398E+1	1.143333E-3	2.064777E-1
6.900394E+1	1.123000E-3	2.068113E-1
6.900388E+1	1.114000E-3	2.071449E-1
6.900384E+1	1.123667E-3	2.074784E-1
6.900378E+1	1.142667E-3	2.078120E-1
6.900374E+1	1.146667E-3	2.081456E-1
6.900368E+1	1.122000E-3	2.084791E-1
6.900363E+1	1.112667E-3	2.088127E-1
6.900359E+1	1.132667E-3	2.091463E-1
6.900353E+1	1.143000E-3	2.094798E-1
6.900349E+1	1.139667E-3	2.098134E-1
6.900343E+1	1.119333E-3	2.101470E-1
6.900339E+1	1.118667E-3	2.104805E-1
6.900333E+1	1.117000E-3	2.108141E-1
6.900329E+1	1.116667E-3	2.111477E-1
6.900323E+1	1.118333E-3	2.114812E-1
6.900318E+1	1.136000E-3	2.118148E-1
6.900314E+1	1.140667E-3	2.121484E-1
6.900308E+1	1.136667E-3	2.124819E-1
6.900304E+1	1.131000E-3	2.128155E-1
6.900298E+1	1.108000E-3	2.131491E-1
6.900294E+1	1.134333E-3	2.134826E-1
6.900288E+1	1.161000E-3	2.138162E-1
6.900284E+1	1.162333E-3	2.141498E-1
6.900278E+1	1.156333E-3	2.144833E-1
6.900273E+1	1.154000E-3	2.148169E-1
6.900269E+1	1.154333E-3	2.151505E-1
6.900263E+1	1.160000E-3	2.154840E-1
6.900259E+1	1.163333E-3	2.158176E-1
6.900253E+1	1.168667E-3	2.161512E-1
6.900249E+1	1.159000E-3	2.164847E-1
6.900243E+1	1.125000E-3	2.168183E-1
6.900239E+1	1.131667E-3	2.171519E-1
6.900233E+1	1.162667E-3	2.174854E-1
6.900228E+1	1.159333E-3	2.178190E-1
6.900224E+1	1.147000E-3	2.181526E-1
6.900218E+1	1.119000E-3	2.184861E-1
6.900214E+1	1.107667E-3	2.188197E-1
6.900208E+1	1.115000E-3	2.191533E-1
6.900204E+1	1.143667E-3	2.194868E-1
6.900198E+1	1.149667E-3	2.198204E-1
6.900194E+1	1.133667E-3	2.201540E-1
6.900188E+1	1.135333E-3	2.204875E-1
6.900184E+1	1.151667E-3	2.208211E-1
6.900179E+1	1.145667E-3	2.211547E-1
6.900173E+1	1.117000E-3	2.214882E-1
6.900169E+1	1.109667E-3	2.218218E-1
6.900163E+1	1.123333E-3	2.221554E-1
6.900159E+1	1.139333E-3	2.224889E-1
6.900153E+1	1.146000E-3	2.228225E-1
6.900149E+1	1.149000E-3	2.231561E-1
6.900143E+1	1.147000E-3	2.234896E-1
6.900139E+1	1.149667E-3	2.238232E-1
6.900134E+1	1.137000E-3	2.241568E-1
6.900128E+1	1.115333E-3	2.244903E-1
6.900124E+1	1.105000E-3	2.248239E-1
6.900118E+1	1.100667E-3	2.251575E-1
6.900114E+1	1.108333E-3	2.254910E-1
6.900108E+1	1.122000E-3	2.258246E-1
6.900104E+1	1.126333E-3	2.261582E-1
6.900098E+1	1.129333E-3	2.264917E-1
6.900094E+1	1.108000E-3	2.268253E-1
6.900089E+1	1.099333E-3	2.271589E-1
6.900083E+1	1.110667E-3	2.274924E-1
6.900079E+1	1.117667E-3	2.278260E-1
6.900073E+1	1.121000E-3	2.281596E-1
6.900069E+1	1.125000E-3	2.284931E-1
6.900063E+1	1.124333E-3	2.288267E-1
6.900059E+1	1.103000E-3	2.291603E-1
6.900053E+1	1.090000E-3	2.294938E-1
6.900049E+1	1.092000E-3	2.298274E-1
6.900043E+1	1.090000E-3	2.301610E-1
6.900038E+1	1.101333E-3	2.304945E-1
6.900034E+1	1.111667E-3	2.308281E-1
6.900028E+1	1.114000E-3	2.311617E-1
6.900024E+1	1.116333E-3	2.314952E-1
6.900018E+1	1.110000E-3	2.318288E-1
6.900014E+1	1.093667E-3	2.321624E-1
6.900008E+1	1.088000E-3	2.324959E-1
6.900004E+1	1.091667E-3	2.328295E-1
6.899998E+1	1.105667E-3	2.331631E-1
6.899993E+1	1.109000E-3	2.334966E-1
6.899989E+1	1.108000E-3	2.338302E-1
6.899983E+1	1.102333E-3	2.341638E-1
6.899979E+1	1.094333E-3	2.344973E-1
6.899973E+1	1.095000E-3	2.348309E-1
6.899969E+1	1.094000E-3	2.351645E-1
6.899963E+1	1.101667E-3	2.354980E-1
6.899959E+1	1.107000E-3	2.358316E-1
6.899953E+1	1.112000E-3	2.361652E-1
6.899948E+1	1.099667E-3	2.364987E-1
6.899944E+1	1.085667E-3	2.368323E-1
6.899938E+1	1.088667E-3	2.371659E-1
6.899934E+1	1.096667E-3	2.374994E-1
6.899928E+1	1.104000E-3	2.378330E-1
6.899924E+1	1.107000E-3	2.381666E-1
6.899918E+1	1.110333E-3	2.385001E-1
6.899914E+1	1.114000E-3	2.388337E-1
6.899908E+1	1.105667E-3	2.391673E-1
6.899904E+1	1.089667E-3	2.395008E-1
6.899899E+1	1.086333E-3	2.398344E-1
6.899893E+1	1.094667E-3	2.401680E-1
6.899889E+1	1.111667E-3	2.405015E-1
6.899883E+1	1.112000E-3	2.408351E-1
6.899879E+1	1.094333E-3	2.411687E-1
6.899873E+1	1.084000E-3	2.415022E-1
6.899869E+1	1.086000E-3	2.418358E-1
6.899863E+1	1.099667E-3	2.421694E-1
6.899859E+1	1.084667E-3	2.425029E-1
6.899854E+1	1.085000E-3	2.428365E-1
6.899848E+1	1.084000E-3	2.431701E-1
6.899844E+1	1.095000E-3	2.435036E-1
6.899838E+1	1.085333E-3	2.438372E-1
6.899834E+1	1.081000E-3	2.441708E-1
6.899828E+1	1.077000E-3	2.445043E-1
6.899824E+1	1.077667E-3	2.448379E-1
6.899818E+1	1.075333E-3	2.451715E-1
6.899814E+1	1.076667E-3	2.455050E-1
6.899809E+1	1.087000E-3	2.458386E-1
6.899803E+1	1.089333E-3	2.461722E-1
6.899799E+1	1.096667E-3	2.465057E-1
6.899793E+1	1.088000E-3	2.468393E-1
6.899789E+1	1.073333E-3	2.471729E-1
6.899783E+1	1.071000E-3	2.475064E-1
6.899779E+1	1.070667E-3	2.478400E-1
6.899773E+1	1.089333E-3	2.481735E-1
6.899769E+1	1.090000E-3	2.485071E-1
6.899763E+1	1.092000E-3	2.488407E-1
6.899758E+1	1.091000E-3	2.491743E-1
6.899754E+1	1.081000E-3	2.495078E-1
6.899748E+1	1.060667E-3	2.498414E-1
6.899744E+1	1.054000E-3	2.501750E-1
6.899738E+1	1.059000E-3	2.505085E-1
6.899734E+1	1.062333E-3	2.508421E-1
6.899728E+1	1.069333E-3	2.511756E-1
6.899724E+1	1.069667E-3	2.515092E-1
6.899718E+1	1.068333E-3	2.518428E-1
6.899713E+1	1.063333E-3	2.521763E-1
6.899709E+1	1.062000E-3	2.525099E-1
6.899703E+1	1.062000E-3	2.528435E-1
6.899699E+1	1.058000E-3	2.531770E-1
6.899693E+1	1.061333E-3	2.535106E-1
6.899689E+1	1.069000E-3	2.538442E-1
6.899683E+1	1.055667E-3	2.541777E-1
6.899679E+1	1.052667E-3	2.545113E-1
6.899673E+1	1.057333E-3	2.548449E-1
6.899668E+1	1.055667E-3	2.551785E-1
6.899664E+1	1.055000E-3	2.555120E-1
6.899658E+1	1.051000E-3	2.558456E-1
6.899654E+1	1.050333E-3	2.561792E-1
6.899648E+1	1.049667E-3	2.565127E-1
6.899644E+1	1.050333E-3	2.568463E-1
6.899638E+1	1.051000E-3	2.571799E-1
6.899634E+1	1.055333E-3	2.575134E-1
6.899628E+1	1.056000E-3	2.578470E-1
6.899624E+1	1.046667E-3	2.581806E-1
6.899619E+1	1.040000E-3	2.585141E-1
6.899613E+1	1.039000E-3	2.588477E-1
6.899609E+1	1.039667E-3	2.591813E-1
6.899603E+1	1.045000E-3	2.595148E-1
6.899599E+1	1.044667E-3	2.598484E-1
6.899593E+1	1.049333E-3	2.601820E-1
6.899589E+1	1.058000E-3	2.605155E-1
6.899583E+1	1.062000E-3	2.608491E-1
6.899579E+1	1.063000E-3	2.611827E-1
6.899574E+1	1.064000E-3	2.615162E-1
6.899568E+1	1.070000E-3	2.618498E-1
6.899564E+1	1.066333E-3	2.621834E-1
6.899558E+1	1.065000E-3	2.625169E-1
6.899554E+1	1.067000E-3	2.628505E-1
6.899548E+1	1.053333E-3	2.631840E-1
6.899544E+1	1.045000E-3	2.635176E-1
6.899538E+1	1.050000E-3	2.638512E-1
6.899534E+1	1.055333E-3	2.641847E-1
6.899529E+1	1.069667E-3	2.645183E-1
6.899523E+1	1.075000E-3	2.648519E-1
6.899519E+1	1.068667E-3	2.651854E-1
6.899513E+1	1.056667E-3	2.655190E-1
6.899509E+1	1.058667E-3	2.658526E-1
6.899503E+1	1.071000E-3	2.661861E-1
6.899499E+1	1.068667E-3	2.665197E-1
6.899493E+1	1.055667E-3	2.668533E-1
6.899489E+1	1.055333E-3	2.671869E-1
6.899483E+1	1.061667E-3	2.675204E-1
6.899478E+1	1.047667E-3	2.678540E-1
6.899474E+1	1.044000E-3	2.681876E-1
6.899468E+1	1.046000E-3	2.685211E-1
6.899464E+1	1.056000E-3	2.688547E-1
6.899458E+1	1.064000E-3	2.691883E-1
6.899454E+1	1.062000E-3	2.695218E-1
6.899448E+1	1.063333E-3	2.698554E-1
6.899444E+1	1.059667E-3	2.701890E-1
6.899438E+1	1.046000E-3	2.705225E-1
6.899433E+1	1.044000E-3	2.708561E-1
6.899429E+1	1.045000E-3	2.711897E-1
6.899423E+1	1.047667E-3	2.715232E-1
6.899419E+1	1.046333E-3	2.718568E-1
6.899413E+1	1.054000E-3	2.721904E-1
6.899409E+1	1.051000E-3	2.725239E-1
6.899403E+1	1.052000E-3	2.728575E-1
6.899399E+1	1.044333E-3	2.731911E-1
6.899393E+1	1.038000E-3	2.735246E-1
6.899388E+1	1.037000E-3	2.738582E-1
6.899384E+1	1.035667E-3	2.741917E-1
6.899378E+1	1.042000E-3	2.745253E-1
6.899374E+1	1.045000E-3	2.748589E-1
6.899368E+1	1.048000E-3	2.751924E-1
6.899364E+1	1.035000E-3	2.755260E-1
6.899358E+1	1.030000E-3	2.758596E-1
6.899354E+1	1.029000E-3	2.761931E-1
6.899348E+1	1.036667E-3	2.765267E-1
6.899344E+1	1.034333E-3	2.768603E-1
6.899339E+1	1.026333E-3	2.771938E-1
6.899333E+1	1.026000E-3	2.775274E-1
6.899329E+1	1.032000E-3	2.778610E-1
6.899323E+1	1.028333E-3	2.781945E-1
6.899319E+1	1.029000E-3	2.785281E-1
6.899313E+1	1.026000E-3	2.788617E-1
6.899309E+1	1.030667E-3	2.791952E-1
6.899303E+1	1.038000E-3	2.795288E-1
6.899299E+1	1.039667E-3	2.798624E-1
6.899294E+1	1.031333E-3	2.801960E-1
6.899288E+1	1.028333E-3	2.805295E-1
6.899284E+1	1.033000E-3	2.808631E-1
6.899278E+1	1.037000E-3	2.811967E-1
6.899274E+1	1.039000E-3	2.815302E-1
6.899268E+1	1.034333E-3	2.818638E-1
6.899264E+1	1.025000E-3	2.821974E-1
6.899258E+1	1.025667E-3	2.825309E-1
6.899254E+1	1.029000E-3	2.828645E-1
6.899249E+1	1.032000E-3	2.831981E-1
6.899243E+1	1.034000E-3	2.835316E-1
6.899239E+1	1.032000E-3	2.838652E-1
6.899233E+1	1.029000E-3	2.841988E-1
6.899229E+1	1.022667E-3	2.845323E-1
6.899223E+1	1.018000E-3	2.848659E-1
6.899219E+1	1.025667E-3	2.851995E-1
6.899213E+1	1.032667E-3	2.855330E-1
6.899209E+1	1.036000E-3	2.858666E-1
6.899203E+1	1.034667E-3	2.862001E-1
6.899198E+1	1.030000E-3	2.865337E-1
6.899194E+1	1.030667E-3	2.868673E-1
6.899188E+1	1.036333E-3	2.872008E-1
6.899184E+1	1.042000E-3	2.875344E-1
6.899178E+1	1.043000E-3	2.878680E-1
6.899174E+1	1.042000E-3	2.882015E-1
6.899168E+1	1.041333E-3	2.885351E-1
6.899164E+1	1.037000E-3	2.888687E-1
6.899158E+1	1.034000E-3	2.892022E-1
6.899153E+1	1.038333E-3	2.895358E-1
6.899149E+1	1.045000E-3	2.898694E-1
6.899143E+1	1.040333E-3	2.902029E-1
6.899139E+1	1.034333E-3	2.905365E-1
6.899133E+1	1.034667E-3	2.908701E-1
6.899129E+1	1.037000E-3	2.912036E-1
6.899123E+1	1.041333E-3	2.915372E-1
6.899119E+1	1.045000E-3	2.918708E-1
6.899113E+1	1.045000E-3	2.922044E-1
6.899108E+1	1.046000E-3	2.925379E-1
6.899104E+1	1.046000E-3	2.928715E-1
6.899098E+1	1.042333E-3	2.932051E-1
6.899094E+1	1.040000E-3	2.935386E-1
6.899088E+1	1.043333E-3	2.938722E-1
6.899084E+1	1.045000E-3	2.942058E-1
6.899078E+1	1.042333E-3	2.945393E-1
6.899074E+1	1.046000E-3	2.948729E-1
6.899068E+1	1.047000E-3	2.952065E-1
6.899064E+1	1.045000E-3	2.955400E-1
6.899059E+1	1.048000E-3	2.958736E-1
6.899053E+1	1.042333E-3	2.962072E-1
6.899049E+1	1.034000E-3	2.965407E-1
6.899043E+1	1.034000E-3	2.968743E-1
6.899039E+1	1.031000E-3	2.972079E-1
6.899033E+1	1.033333E-3	2.975414E-1
6.899029E+1	1.038000E-3	2.978750E-1
6.899023E+1	1.029000E-3	2.982085E-1
6.899019E+1	1.025000E-3	2.985421E-1
6.899014E+1	1.020000E-3	2.988757E-1
6.899008E+1	1.014000E-3	2.992092E-1
6.899004E+1	1.015000E-3	2.995428E-1
6.898998E+1	1.014000E-3	2.998764E-1
6.898994E+1	1.016333E-3	3.002099E-1
6.898988E+1	1.028000E-3	3.005435E-1
6.898984E+1	1.025333E-3	3.008771E-1
6.898978E+1	1.024000E-3	3.012106E-1
6.898974E+1	1.021667E-3	3.015442E-1
6.898969E+1	1.017000E-3	3.018778E-1
6.898963E+1	1.015000E-3	3.022113E-1
6.898959E+1	1.020000E-3	3.025449E-1
6.898953E+1	1.020000E-3	3.028785E-1
6.898949E+1	1.023000E-3	3.032120E-1
6.898943E+1	1.024000E-3	3.035456E-1
6.898939E+1	1.026333E-3	3.038792E-1
6.898933E+1	1.029333E-3	3.042127E-1
6.898929E+1	1.025000E-3	3.045463E-1
6.898923E+1	1.022000E-3	3.048799E-1
6.898918E+1	1.025000E-3	3.052135E-1
6.898914E+1	1.025000E-3	3.055470E-1
6.898908E+1	1.018667E-3	3.058806E-1
6.898904E+1	1.016000E-3	3.062142E-1
6.898898E+1	1.018000E-3	3.065477E-1
6.898894E+1	1.023000E-3	3.068813E-1
6.898888E+1	1.026000E-3	3.072149E-1
6.898884E+1	1.020333E-3	3.075484E-1
6.898878E+1	1.013000E-3	3.078820E-1
6.898873E+1	1.013000E-3	3.082156E-1
6.898869E+1	1.016000E-3	3.085491E-1
6.898863E+1	1.016000E-3	3.088827E-1
6.898859E+1	1.019333E-3	3.092162E-1
6.898853E+1	1.022000E-3	3.095498E-1
6.898849E+1	1.022000E-3	3.098834E-1
6.898843E+1	1.020000E-3	3.102169E-1
6.898839E+1	1.017000E-3	3.105505E-1
6.898833E+1	1.018000E-3	3.108841E-1
6.898828E+1	1.025333E-3	3.112176E-1
6.898824E+1	1.026000E-3	3.115512E-1
6.898818E+1	1.029667E-3	3.118848E-1
6.898814E+1	1.033000E-3	3.122183E-1
6.898808E+1	1.034667E-3	3.125519E-1
6.898804E+1	1.038000E-3	3.128855E-1
6.898798E+1	1.036000E-3	3.132190E-1
6.898794E+1	1.036000E-3	3.135526E-1
6.898788E+1	1.033667E-3	3.138862E-1
6.898784E+1	1.036000E-3	3.142197E-1
6.898779E+1	1.033000E-3	3.145533E-1
6.898773E+1	1.033000E-3	3.148869E-1
6.898769E+1	1.031000E-3	3.152204E-1
6.898763E+1	1.036333E-3	3.155540E-1
6.898759E+1	1.039667E-3	3.158876E-1
6.898753E+1	1.037000E-3	3.162211E-1
6.898749E+1	1.036333E-3	3.165547E-1
6.898743E+1	1.034667E-3	3.168883E-1
6.898739E+1	1.032000E-3	3.172219E-1
6.898734E+1	1.032333E-3	3.175554E-1
6.898728E+1	1.031000E-3	3.178890E-1
6.898724E+1	1.032000E-3	3.182226E-1
6.898718E+1	1.035000E-3	3.185561E-1
6.898714E+1	1.037000E-3	3.188897E-1
6.898708E+1	1.038000E-3	3.192233E-1
6.898704E+1	1.038000E-3	3.195568E-1
6.898698E+1	1.038000E-3	3.198904E-1
6.898694E+1	1.035000E-3	3.202240E-1
6.898689E+1	1.030000E-3	3.205575E-1
6.898683E+1	1.033000E-3	3.208911E-1
6.898679E+1	1.033000E-3	3.212246E-1
6.898673E+1	1.029000E-3	3.215582E-1
6.898669E+1	1.029000E-3	3.218918E-1
6.898663E+1	1.024000E-3	3.222253E-1
6.898659E+1	1.021000E-3	3.225589E-1
6.898653E+1	1.018000E-3	3.228925E-1
6.898649E+1	1.023000E-3	3.232260E-1
6.898643E+1	1.019333E-3	3.235596E-1
6.898638E+1	1.019667E-3	3.238932E-1
6.898634E+1	1.025000E-3	3.242267E-1
6.898628E+1	1.022000E-3	3.245603E-1
6.898624E+1	1.020667E-3	3.248939E-1
6.898618E+1	1.016000E-3	3.252274E-1
6.898614E+1	1.020000E-3	3.255610E-1
6.898608E+1	1.025000E-3	3.258946E-1
6.898604E+1	1.021000E-3	3.262281E-1
6.898598E+1	1.021667E-3	3.265617E-1
6.898593E+1	1.023667E-3	3.268953E-1
6.898589E+1	1.022000E-3	3.272288E-1
6.898583E+1	1.024000E-3	3.275624E-1
6.898579E+1	1.018000E-3	3.278960E-1
6.898573E+1	1.017000E-3	3.282295E-1
6.898569E+1	1.022000E-3	3.285631E-1
6.898563E+1	1.026000E-3	3.288967E-1
6.898559E+1	1.027333E-3	3.292302E-1
6.898553E+1	1.024000E-3	3.295638E-1
6.898548E+1	1.021000E-3	3.298974E-1
6.898544E+1	1.019000E-3	3.302310E-1
6.898538E+1	1.018000E-3	3.305645E-1
6.898534E+1	1.018000E-3	3.308981E-1
6.898528E+1	1.018000E-3	3.312317E-1
6.898524E+1	1.018000E-3	3.315652E-1
6.898518E+1	1.021000E-3	3.318988E-1
6.898514E+1	1.018667E-3	3.322323E-1
6.898508E+1	1.015000E-3	3.325659E-1
6.898504E+1	1.017667E-3	3.328995E-1
6.898499E+1	1.022000E-3	3.332330E-1
6.898493E+1	1.018667E-3	3.335666E-1
6.898489E+1	1.017000E-3	3.339002E-1
6.898483E+1	1.018333E-3	3.342337E-1
6.898479E+1	1.020000E-3	3.345673E-1
6.898473E+1	1.022000E-3	3.349009E-1
6.898469E+1	1.024000E-3	3.352344E-1
6.898463E+1	1.028000E-3	3.355680E-1
6.898459E+1	1.032000E-3	3.359016E-1
6.898454E+1	1.030000E-3	3.362351E-1
6.898448E+1	1.036000E-3	3.365687E-1
6.898444E+1	1.036000E-3	3.369023E-1
6.898438E+1	1.035000E-3	3.372358E-1
6.898434E+1	1.037000E-3	3.375694E-1
6.898428E+1	1.038000E-3	3.379030E-1
6.898424E+1	1.037000E-3	3.382365E-1
6.898418E+1	1.034000E-3	3.385701E-1
6.898414E+1	1.032000E-3	3.389037E-1
6.898409E+1	1.035000E-3	3.392372E-1
6.898403E+1	1.035000E-3	3.395708E-1
6.898399E+1	1.035000E-3	3.399044E-1
6.898393E+1	1.036000E-3	3.402379E-1
6.898389E+1	1.036000E-3	3.405715E-1
6.898383E+1	1.035000E-3	3.409051E-1
6.898379E+1	1.032000E-3	3.412386E-1
6.898373E+1	1.032000E-3	3.415722E-1
6.898369E+1	1.034000E-3	3.419058E-1
6.898363E+1	1.033000E-3	3.422394E-1
6.898358E+1	1.033000E-3	3.425729E-1
6.898354E+1	1.035000E-3	3.429065E-1
6.898348E+1	1.038667E-3	3.432401E-1
6.898344E+1	1.038000E-3	3.435736E-1
6.898338E+1	1.036000E-3	3.439072E-1
6.898334E+1	1.032667E-3	3.442407E-1
6.898328E+1	1.032000E-3	3.445743E-1
6.898324E+1	1.035000E-3	3.449079E-1
6.898318E+1	1.037000E-3	3.452414E-1
6.898313E+1	1.035000E-3	3.455750E-1
6.898309E+1	1.037667E-3	3.459086E-1
6.898303E+1	1.033000E-3	3.462421E-1
6.898299E+1	1.027000E-3	3.465757E-1
6.898293E+1	1.027000E-3	3.469093E-1
6.898289E+1	1.022333E-3	3.472428E-1
6.898283E+1	1.021333E-3	3.475764E-1
6.898279E+1	1.023000E-3	3.479100E-1
6.898273E+1	1.025667E-3	3.482435E-1
6.898268E+1	1.021000E-3	3.485771E-1
6.898264E+1	1.022000E-3	3.489107E-1
6.898258E+1	1.023000E-3	3.492442E-1
6.898254E+1	1.021000E-3	3.495778E-1
6.898248E+1	1.020000E-3	3.499114E-1
6.898244E+1	1.018000E-3	3.502449E-1
6.898238E+1	1.019000E-3	3.505785E-1
6.898234E+1	1.021000E-3	3.509121E-1
6.898228E+1	1.019000E-3	3.512456E-1
6.898224E+1	1.019000E-3	3.515792E-1
6.898219E+1	1.024000E-3	3.519128E-1
6.898213E+1	1.021667E-3	3.522463E-1
6.898209E+1	1.021000E-3	3.525799E-1
6.898203E+1	1.022000E-3	3.529135E-1
6.898199E+1	1.023000E-3	3.532470E-1
6.898193E+1	1.022000E-3	3.535806E-1
6.898189E+1	1.021000E-3	3.539142E-1
6.898183E+1	1.018000E-3	3.542477E-1
6.898179E+1	1.019000E-3	3.545813E-1
6.898174E+1	1.024667E-3	3.549149E-1
6.898168E+1	1.024667E-3	3.552485E-1
6.898164E+1	1.023000E-3	3.555820E-1
6.898158E+1	1.023000E-3	3.559156E-1
6.898154E+1	1.022000E-3	3.562491E-1
6.898148E+1	1.021000E-3	3.565827E-1
6.898144E+1	1.021000E-3	3.569163E-1
6.898138E+1	1.022000E-3	3.572498E-1
6.898134E+1	1.021000E-3	3.575834E-1
6.898129E+1	1.021000E-3	3.579170E-1
6.898123E+1	1.024000E-3	3.582505E-1
6.898119E+1	1.027000E-3	3.585841E-1
6.898113E+1	1.030333E-3	3.589177E-1
6.898109E+1	1.033000E-3	3.592512E-1
6.898103E+1	1.028000E-3	3.595848E-1
6.898099E+1	1.026000E-3	3.599184E-1
6.898093E+1	1.029000E-3	3.602519E-1
6.898089E+1	1.029000E-3	3.605855E-1
6.898083E+1	1.028000E-3	3.609191E-1
6.898078E+1	1.029000E-3	3.612526E-1
6.898074E+1	1.031000E-3	3.615862E-1
6.898068E+1	1.030000E-3	3.619198E-1
6.898064E+1	1.031000E-3	3.622533E-1
6.898058E+1	1.033000E-3	3.625869E-1
6.898054E+1	1.036667E-3	3.629205E-1
6.898048E+1	1.035000E-3	3.632540E-1
6.898044E+1	1.036000E-3	3.635876E-1
6.898038E+1	1.038000E-3	3.639212E-1
6.898033E+1	1.034667E-3	3.642547E-1
6.898029E+1	1.032000E-3	3.645883E-1
6.898023E+1	1.033000E-3	3.649219E-1
6.898019E+1	1.034000E-3	3.652554E-1
6.898013E+1	1.039000E-3	3.655890E-1
6.898009E+1	1.041000E-3	3.659226E-1
6.898003E+1	1.036000E-3	3.662561E-1
6.897999E+1	1.037000E-3	3.665897E-1
6.897993E+1	1.035000E-3	3.669233E-1
6.897988E+1	1.040000E-3	3.672568E-1
6.897984E+1	1.036000E-3	3.675904E-1
6.897978E+1	1.041667E-3	3.679240E-1
6.897974E+1	1.040000E-3	3.682575E-1
6.897968E+1	1.033000E-3	3.685911E-1
6.897964E+1	1.034000E-3	3.689247E-1
6.897958E+1	1.035000E-3	3.692582E-1
6.897954E+1	1.035333E-3	3.695918E-1
6.897948E+1	1.032000E-3	3.699254E-1
6.897944E+1	1.026667E-3	3.702589E-1
6.897939E+1	1.024000E-3	3.705925E-1
6.897933E+1	1.017667E-3	3.709261E-1
6.897929E+1	1.019333E-3	3.712596E-1
6.897923E+1	1.020000E-3	3.715932E-1
6.897919E+1	1.017000E-3	3.719268E-1
6.897913E+1	1.017000E-3	3.722603E-1
6.897909E+1	1.016000E-3	3.725939E-1
6.897903E+1	1.016000E-3	3.729275E-1
6.897899E+1	1.017000E-3	3.732610E-1
6.897894E+1	1.015000E-3	3.735946E-1
6.897888E+1	1.014000E-3	3.739282E-1
6.897884E+1	1.015000E-3	3.742617E-1
6.897878E+1	1.016000E-3	3.745953E-1
6.897874E+1	1.019000E-3	3.749289E-1
6.897868E+1	1.019000E-3	3.752624E-1
6.897864E+1	1.021667E-3	3.755960E-1
6.897858E+1	1.022000E-3	3.759296E-1
6.897854E+1	1.019333E-3	3.762631E-1
6.897849E+1	1.017000E-3	3.765967E-1
6.897843E+1	1.015000E-3	3.769303E-1
6.897839E+1	1.018000E-3	3.772638E-1
6.897833E+1	1.020333E-3	3.775974E-1
6.897829E+1	1.023000E-3	3.779310E-1
6.897823E+1	1.022000E-3	3.782645E-1
6.897819E+1	1.021000E-3	3.785981E-1
6.897813E+1	1.022000E-3	3.789317E-1
6.897809E+1	1.018000E-3	3.792652E-1
6.897803E+1	1.018000E-3	3.795988E-1
6.897798E+1	1.017333E-3	3.799324E-1
6.897794E+1	1.016333E-3	3.802659E-1
6.897788E+1	1.021667E-3	3.805995E-1
6.897784E+1	1.019000E-3	3.809331E-1
6.897778E+1	1.020000E-3	3.812666E-1
6.897774E+1	1.020000E-3	3.816002E-1
6.897768E+1	1.023000E-3	3.819338E-1
6.897764E+1	1.021000E-3	3.822673E-1
6.897758E+1	1.020000E-3	3.826009E-1
6.897753E+1	1.024000E-3	3.829345E-1
6.897749E+1	1.022000E-3	3.832680E-1
6.897743E+1	1.024000E-3	3.836016E-1
6.897739E+1	1.027000E-3	3.839352E-1
6.897733E+1	1.026667E-3	3.842687E-1
6.897729E+1	1.029000E-3	3.846023E-1
6.897723E+1	1.034000E-3	3.849359E-1
6.897719E+1	1.033000E-3	3.852694E-1
6.897713E+1	1.036000E-3	3.856030E-1
6.897708E+1	1.046333E-3	3.859366E-1
6.897704E+1	1.042667E-3	3.862701E-1
6.897698E+1	1.035000E-3	3.866037E-1
6.897694E+1	1.033000E-3	3.869373E-1
6.897688E+1	1.032000E-3	3.872708E-1
6.897684E+1	1.031000E-3	3.876044E-1
6.897678E+1	1.032000E-3	3.879380E-1
6.897674E+1	1.033000E-3	3.882715E-1
6.897668E+1	1.033000E-3	3.886051E-1
6.897664E+1	1.033000E-3	3.889387E-1
6.897659E+1	1.033333E-3	3.892722E-1
6.897653E+1	1.035000E-3	3.896058E-1
6.897649E+1	1.037000E-3	3.899394E-1
6.897643E+1	1.038000E-3	3.902729E-1
6.897639E+1	1.035000E-3	3.906065E-1
6.897633E+1	1.034000E-3	3.909401E-1
6.897629E+1	1.037000E-3	3.912736E-1
6.897623E+1	1.038000E-3	3.916072E-1
6.897619E+1	1.038000E-3	3.919408E-1
6.897614E+1	1.042000E-3	3.922743E-1
6.897608E+1	1.037667E-3	3.926079E-1
6.897604E+1	1.034667E-3	3.929415E-1
6.897598E+1	1.028000E-3	3.932750E-1
6.897594E+1	1.025667E-3	3.936086E-1
6.897588E+1	1.024333E-3	3.939422E-1
6.897584E+1	1.024333E-3	3.942757E-1
6.897578E+1	1.021000E-3	3.946093E-1
6.897574E+1	1.020000E-3	3.949428E-1
6.897569E+1	1.021000E-3	3.952764E-1
6.897563E+1	1.021667E-3	3.956100E-1
6.897559E+1	1.020000E-3	3.959436E-1
6.897553E+1	1.021000E-3	3.962771E-1
6.897549E+1	1.019000E-3	3.966107E-1
6.897543E+1	1.018667E-3	3.969443E-1
6.897539E+1	1.017000E-3	3.972778E-1
6.897533E+1	1.018667E-3	3.976114E-1
6.897529E+1	1.018333E-3	3.979450E-1
6.897523E+1	1.014667E-3	3.982785E-1
6.897518E+1	1.012000E-3	3.986121E-1
6.897514E+1	1.013000E-3	3.989457E-1
6.897508E+1	1.012000E-3	3.992792E-1
6.897504E+1	1.016000E-3	3.996128E-1
6.897498E+1	1.020000E-3	3.999464E-1
6.897494E+1	1.017667E-3	4.002799E-1
6.897488E+1	1.013333E-3	4.006135E-1
6.897484E+1	1.013000E-3	4.009471E-1
6.897478E+1	1.016000E-3	4.012806E-1
6.897473E+1	1.018000E-3	4.016142E-1
6.897469E+1	1.018000E-3	4.019478E-1
6.897463E+1	1.016333E-3	4.022813E-1
6.897459E+1	1.017000E-3	4.026149E-1
6.897453E+1	1.018000E-3	4.029485E-1
6.897449E+1	1.020000E-3	4.032820E-1
6.897443E+1	1.023000E-3	4.036156E-1
6.897439E+1	1.026333E-3	4.039492E-1
6.897433E+1	1.024000E-3	4.042827E-1
6.897428E+1	1.021000E-3	4.046163E-1
6.897424E+1	1.021000E-3	4.049499E-1
6.897418E+1	1.020667E-3	4.052834E-1
6.897414E+1	1.024000E-3	4.056170E-1
6.897408E+1	1.024333E-3	4.059506E-1
6.897404E+1	1.027000E-3	4.062841E-1
6.897398E+1	1.028333E-3	4.066177E-1
6.897394E+1	1.034000E-3	4.069512E-1
6.897388E+1	1.031333E-3	4.072848E-1
6.897384E+1	1.029000E-3	4.076184E-1
6.897379E+1	1.031000E-3	4.079520E-1
6.897373E+1	1.031667E-3	4.082855E-1
6.897369E+1	1.036000E-3	4.086191E-1
6.897363E+1	1.031000E-3	4.089527E-1
6.897359E+1	1.032000E-3	4.092862E-1
6.897353E+1	1.035000E-3	4.096198E-1
6.897349E+1	1.036000E-3	4.099534E-1
6.897343E+1	1.036000E-3	4.102869E-1
6.897339E+1	1.036000E-3	4.106205E-1
6.897334E+1	1.031000E-3	4.109541E-1
6.897328E+1	1.033000E-3	4.112876E-1
6.897324E+1	1.035333E-3	4.116212E-1
6.897318E+1	1.036000E-3	4.119548E-1
6.897314E+1	1.039000E-3	4.122883E-1
6.897308E+1	1.040000E-3	4.126219E-1
6.897304E+1	1.037333E-3	4.129555E-1
6.897298E+1	1.029000E-3	4.132890E-1
6.897294E+1	1.030000E-3	4.136226E-1
6.897289E+1	1.033333E-3	4.139562E-1
6.897283E+1	1.038000E-3	4.142897E-1
6.897279E+1	1.036000E-3	4.146233E-1
6.897273E+1	1.034000E-3	4.149569E-1
6.897269E+1	1.033000E-3	4.152904E-1
6.897263E+1	1.031000E-3	4.156240E-1
6.897259E+1	1.031000E-3	4.159576E-1
6.897253E+1	1.032000E-3	4.162911E-1
6.897249E+1	1.032000E-3	4.166247E-1
6.897243E+1	1.030000E-3	4.169583E-1
6.897238E+1	1.032000E-3	4.172918E-1
6.897234E+1	1.029000E-3	4.176254E-1
6.897228E+1	1.027000E-3	4.179589E-1
6.897224E+1	1.027000E-3	4.182925E-1
6.897218E+1	1.022667E-3	4.186261E-1
6.897214E+1	1.017000E-3	4.189596E-1
6.897208E+1	1.019000E-3	4.192932E-1
6.897204E+1	1.018000E-3	4.196268E-1
6.897198E+1	1.018000E-3	4.199603E-1
6.897193E+1	1.017000E-3	4.202939E-1
6.897189E+1	1.018000E-3	4.206275E-1
6.897183E+1	1.016000E-3	4.209611E-1
6.897179E+1	1.018000E-3	4.212946E-1
6.897173E+1	1.018000E-3	4.216282E-1
6.897169E+1	1.015000E-3	4.219618E-1
6.897163E+1	1.014000E-3	4.222953E-1
6.897159E+1	1.018000E-3	4.226289E-1
6.897153E+1	1.018667E-3	4.229625E-1
6.897148E+1	1.014000E-3	4.232960E-1
6.897144E+1	1.016000E-3	4.236296E-1
6.897138E+1	1.018000E-3	4.239632E-1
6.897134E+1	1.016000E-3	4.242967E-1
6.897128E+1	1.014000E-3	4.246303E-1
6.897124E+1	1.011000E-3	4.249639E-1
6.897118E+1	1.013000E-3	4.252974E-1
6.897114E+1	1.013000E-3	4.256310E-1
6.897108E+1	1.011000E-3	4.259646E-1
6.897103E+1	1.013000E-3	4.262981E-1
6.897099E+1	1.016000E-3	4.266317E-1
6.897093E+1	1.017000E-3	4.269653E-1
6.897089E+1	1.015000E-3	4.272988E-1
6.897083E+1	1.017667E-3	4.276324E-1
6.897079E+1	1.022000E-3	4.279660E-1
6.897073E+1	1.018333E-3	4.282995E-1
6.897069E+1	1.020000E-3	4.286331E-1
6.897063E+1	1.019000E-3	4.289667E-1
6.897059E+1	1.017000E-3	4.293002E-1
6.897054E+1	1.021000E-3	4.296338E-1
6.897048E+1	1.021667E-3	4.299673E-1
6.897044E+1	1.022667E-3	4.303009E-1
6.897038E+1	1.024000E-3	4.306345E-1
6.897034E+1	1.028667E-3	4.309680E-1
6.897028E+1	1.035667E-3	4.313016E-1
6.897024E+1	1.031667E-3	4.316352E-1
6.897018E+1	1.029667E-3	4.319687E-1
6.897014E+1	1.029333E-3	4.323023E-1
6.897009E+1	1.033000E-3	4.326359E-1
6.897003E+1	1.034000E-3	4.329695E-1
6.896999E+1	1.034000E-3	4.333030E-1
6.896993E+1	1.035000E-3	4.336366E-1
6.896989E+1	1.032667E-3	4.339702E-1
6.896983E+1	1.033667E-3	4.343037E-1
6.896979E+1	1.032000E-3	4.346373E-1
6.896973E+1	1.028000E-3	4.349709E-1
6.896969E+1	1.027667E-3	4.353044E-1
6.896964E+1	1.031000E-3	4.356380E-1
6.896958E+1	1.028667E-3	4.359716E-1
6.896954E+1	1.028000E-3	4.363051E-1
6.896948E+1	1.031667E-3	4.366387E-1
6.896944E+1	1.034000E-3	4.369723E-1
6.896938E+1	1.034000E-3	4.373058E-1
6.896934E+1	1.032000E-3	4.376394E-1
6.896928E+1	1.031000E-3	4.379730E-1
6.896924E+1	1.030667E-3	4.383065E-1
6.896918E+1	1.029000E-3	4.386401E-1
6.896913E+1	1.028000E-3	4.389737E-1
6.896909E+1	1.029000E-3	4.393072E-1
6.896903E+1	1.030000E-3	4.396408E-1
6.896899E+1	1.030667E-3	4.399744E-1
6.896893E+1	1.029000E-3	4.403079E-1
6.896889E+1	1.028333E-3	4.406415E-1
6.896883E+1	1.025333E-3	4.409751E-1
6.896879E+1	1.023000E-3	4.413086E-1
6.896873E+1	1.026000E-3	4.416422E-1
6.896868E+1	1.025667E-3	4.419757E-1
6.896864E+1	1.023000E-3	4.423093E-1
6.896858E+1	1.021000E-3	4.426429E-1
6.896854E+1	1.017000E-3	4.429764E-1
6.896848E+1	1.017000E-3	4.433100E-1
6.896844E+1	1.016000E-3	4.436436E-1
6.896838E+1	1.016000E-3	4.439771E-1
6.896834E+1	1.016000E-3	4.443107E-1
6.896828E+1	1.018000E-3	4.446443E-1
6.896823E+1	1.017667E-3	4.449778E-1
6.896819E+1	1.017000E-3	4.453114E-1
6.896813E+1	1.017000E-3	4.456450E-1
6.896809E+1	1.019000E-3	4.459786E-1
6.896803E+1	1.019000E-3	4.463121E-1
6.896799E+1	1.020667E-3	4.466457E-1
6.896793E+1	1.019000E-3	4.469793E-1
6.896789E+1	1.017000E-3	4.473128E-1
6.896783E+1	1.021000E-3	4.476464E-1
6.896779E+1	1.025000E-3	4.479800E-1
6.896774E+1	1.022667E-3	4.483135E-1
6.896768E+1	1.021000E-3	4.486471E-1
6.896764E+1	1.020000E-3	4.489807E-1
6.896758E+1	1.020000E-3	4.493142E-1
6.896754E+1	1.020000E-3	4.496478E-1
6.896748E+1	1.019000E-3	4.499814E-1
6.896744E+1	1.024000E-3	4.503149E-1
6.896738E+1	1.026000E-3	4.506485E-1
6.896734E+1	1.024333E-3	4.509821E-1
6.896729E+1	1.022000E-3	4.513156E-1
6.896723E+1	1.024000E-3	4.516492E-1
6.896719E+1	1.024000E-3	4.519828E-1
6.896713E+1	1.024000E-3	4.523163E-1
6.896709E+1	1.027000E-3	4.526499E-1
6.896703E+1	1.025000E-3	4.529834E-1
6.896699E+1	1.027000E-3	4.533170E-1
6.896693E+1	1.026000E-3	4.536506E-1
6.896689E+1	1.026000E-3	4.539841E-1
6.896684E+1	1.028000E-3	4.543177E-1
6.896678E+1	1.027000E-3	4.546513E-1
6.896674E+1	1.021667E-3	4.549848E-1
6.896668E+1	1.023000E-3	4.553184E-1
6.896664E+1	1.025333E-3	4.556520E-1
6.896658E+1	1.028000E-3	4.559855E-1
6.896654E+1	1.027667E-3	4.563191E-1
6.896648E+1	1.027000E-3	4.566527E-1
6.896644E+1	1.031667E-3	4.569862E-1
6.896638E+1	1.033000E-3	4.573198E-1
6.896633E+1	1.030000E-3	4.576534E-1
6.896629E+1	1.029000E-3	4.579870E-1
6.896623E+1	1.029000E-3	4.583205E-1
6.896619E+1	1.029000E-3	4.586541E-1
6.896613E+1	1.028333E-3	4.589877E-1
6.896609E+1	1.033000E-3	4.593212E-1
6.896603E+1	1.038000E-3	4.596548E-1
6.896599E+1	1.035000E-3	4.599884E-1
6.896593E+1	1.036000E-3	4.603219E-1
6.896588E+1	1.032000E-3	4.606555E-1
6.896584E+1	1.032000E-3	4.609891E-1
6.896578E+1	1.030000E-3	4.613226E-1
6.896574E+1	1.031000E-3	4.616562E-1
6.896568E+1	1.029000E-3	4.619898E-1
6.896564E+1	1.029333E-3	4.623233E-1
6.896558E+1	1.032667E-3	4.626569E-1
6.896554E+1	1.035000E-3	4.629905E-1
6.896548E+1	1.035000E-3	4.633240E-1
6.896543E+1	1.035000E-3	4.636576E-1
6.896539E+1	1.034000E-3	4.639912E-1
6.896533E+1	1.031000E-3	4.643247E-1
6.896529E+1	1.031333E-3	4.646583E-1
6.896523E+1	1.027000E-3	4.649918E-1
6.896519E+1	1.028000E-3	4.653254E-1
6.896513E+1	1.026000E-3	4.656590E-1
6.896509E+1	1.020000E-3	4.659925E-1
6.896503E+1	1.021000E-3	4.663261E-1
6.896499E+1	1.018000E-3	4.666597E-1
6.896494E+1	1.015333E-3	4.669932E-1
6.896488E+1	1.019000E-3	4.673268E-1
6.896484E+1	1.020667E-3	4.676604E-1
6.896478E+1	1.022000E-3	4.679939E-1
6.896474E+1	1.016333E-3	4.683275E-1
6.896468E+1	1.015667E-3	4.686611E-1
6.896464E+1	1.014000E-3	4.689946E-1
6.896458E+1	1.015000E-3	4.693282E-1
6.896454E+1	1.018000E-3	4.696618E-1
6.896449E+1	1.015000E-3	4.699953E-1
6.896443E+1	1.013000E-3	4.703289E-1
6.896439E+1	1.016000E-3	4.706625E-1
6.896433E+1	1.017000E-3	4.709961E-1
6.896429E+1	1.014000E-3	4.713296E-1
6.896423E+1	1.017667E-3	4.716632E-1
6.896419E+1	1.021667E-3	4.719968E-1
6.896413E+1	1.024000E-3	4.723303E-1
6.896409E+1	1.023333E-3	4.726639E-1
6.896404E+1	1.023000E-3	4.729975E-1
6.896398E+1	1.022000E-3	4.733310E-1
6.896394E+1	1.025000E-3	4.736646E-1
6.896388E+1	1.027000E-3	4.739982E-1
6.896384E+1	1.028333E-3	4.743317E-1
6.896378E+1	1.027667E-3	4.746653E-1
6.896374E+1	1.024000E-3	4.749989E-1
6.896368E+1	1.023000E-3	4.753324E-1
6.896364E+1	1.024000E-3	4.756660E-1
6.896358E+1	1.022000E-3	4.759995E-1
6.896353E+1	1.026000E-3	4.763331E-1
6.896349E+1	1.023000E-3	4.766667E-1
6.896343E+1	1.023667E-3	4.770002E-1
6.896339E+1	1.022000E-3	4.773338E-1
6.896333E+1	1.022000E-3	4.776674E-1
6.896329E+1	1.019000E-3	4.780009E-1
6.896323E+1	1.025333E-3	4.783345E-1
6.896319E+1	1.029000E-3	4.786681E-1
6.896313E+1	1.030000E-3	4.790016E-1
6.896308E+1	1.033000E-3	4.793352E-1
6.896304E+1	1.036000E-3	4.796688E-1
6.896298E+1	1.036667E-3	4.800023E-1
6.896294E+1	1.031000E-3	4.803359E-1
6.896288E+1	1.033000E-3	4.806695E-1
6.896284E+1	1.032667E-3	4.810030E-1
6.896278E+1	1.028000E-3	4.813366E-1
6.896274E+1	1.028000E-3	4.816702E-1
6.896268E+1	1.028667E-3	4.820037E-1
6.896263E+1	1.031000E-3	4.823373E-1
6.896259E+1	1.028000E-3	4.826709E-1
6.896253E+1	1.030000E-3	4.830045E-1
6.896249E+1	1.029000E-3	4.833380E-1
6.896243E+1	1.030000E-3	4.836716E-1
6.896239E+1	1.026000E-3	4.840052E-1
6.896233E+1	1.027000E-3	4.843387E-1
6.896229E+1	1.029000E-3	4.846723E-1
6.896223E+1	1.028000E-3	4.850059E-1
6.896219E+1	1.028000E-3	4.853394E-1
6.896214E+1	1.029000E-3	4.856730E-1
6.896208E+1	1.031000E-3	4.860066E-1
6.896204E+1	1.031000E-3	4.863401E-1
6.896198E+1	1.028333E-3	4.866737E-1
6.896194E+1	1.029000E-3	4.870073E-1
6.896188E+1	1.032000E-3	4.873408E-1
6.896184E+1	1.033000E-3	4.876744E-1
6.896178E+1	1.030000E-3	4.880079E-1
6.896174E+1	1.027000E-3	4.883415E-1
6.896169E+1	1.028000E-3	4.886751E-1
6.896163E+1	1.025000E-3	4.890086E-1
6.896159E+1	1.023000E-3	4.893422E-1
6.896153E+1	1.021000E-3	4.896758E-1
6.896149E+1	1.021000E-3	4.900093E-1
6.896143E+1	1.018000E-3	4.903429E-1
6.896139E+1	1.021000E-3	4.906765E-1
6.896133E+1	1.017000E-3	4.910100E-1
6.896129E+1	1.017000E-3	4.913436E-1
6.896124E+1	1.016000E-3	4.916772E-1
6.896118E+1	1.012000E-3	4.920107E-1
6.896114E+1	1.014000E-3	4.923443E-1
6.896108E+1	1.014000E-3	4.926779E-1
6.896104E+1	1.014000E-3	4.930114E-1
6.896098E+1	1.013000E-3	4.933450E-1
6.896094E+1	1.012000E-3	4.936786E-1
6.896088E+1	1.014000E-3	4.940121E-1
6.896084E+1	1.014000E-3	4.943457E-1
6.896078E+1	1.017000E-3	4.946793E-1
6.896073E+1	1.018000E-3	4.950128E-1
6.896069E+1	1.016000E-3	4.953464E-1
6.896063E+1	1.018000E-3	4.956800E-1
6.896059E+1	1.017000E-3	4.960136E-1
6.896053E+1	1.016333E-3	4.963471E-1
6.896049E+1	1.020667E-3	4.966807E-1
6.896043E+1	1.022667E-3	4.970143E-1
6.896039E+1	1.020000E-3	4.973478E-1
6.896033E+1	1.019000E-3	4.976814E-1
6.896028E+1	1.018000E-3	4.980150E-1
6.896024E+1	1.019000E-3	4.983485E-1
6.896018E+1	1.018000E-3	4.986821E-1
6.896014E+1	1.018000E-3	4.990157E-1
6.896008E+1	1.017333E-3	4.993492E-1
6.896004E+1	1.014333E-3	4.996828E-1
6.895998E+1	1.014333E-3	5.000163E-1
