6.966395E+1	3.720000E-4	0.000000E+0
6.966389E+1	3.750000E-4	3.335666E-4
6.966384E+1	3.780000E-4	6.671332E-4
6.966380E+1	3.700000E-4	1.000700E-3
6.966374E+1	3.730000E-4	1.334266E-3
6.966370E+1	3.760000E-4	1.667833E-3
6.966364E+1	3.730000E-4	2.001400E-3
6.966360E+1	3.760000E-4	2.334966E-3
6.966354E+1	3.710000E-4	2.668533E-3
6.966350E+1	3.680000E-4	3.002099E-3
6.966344E+1	3.730000E-4	3.335666E-3
6.966340E+1	3.750000E-4	3.669233E-3
6.966335E+1	3.760000E-4	4.002799E-3
6.966329E+1	3.770000E-4	4.336366E-3
6.966325E+1	3.750000E-4	4.669933E-3
6.966319E+1	3.720000E-4	5.003499E-3
6.966315E+1	3.720000E-4	5.337066E-3
6.966309E+1	3.690000E-4	5.670632E-3
6.966305E+1	3.710000E-4	6.004199E-3
6.966299E+1	3.690000E-4	6.337766E-3
6.966295E+1	3.680000E-4	6.671332E-3
6.966290E+1	3.680000E-4	7.004899E-3
6.966284E+1	3.710000E-4	7.338465E-3
6.966280E+1	3.720000E-4	7.672032E-3
6.966274E+1	3.750000E-4	8.005599E-3
6.966270E+1	3.780000E-4	8.339165E-3
6.966264E+1	3.800000E-4	8.672732E-3
6.966260E+1	3.820000E-4	9.006298E-3
6.966254E+1	3.820000E-4	9.339865E-3
6.966250E+1	3.820000E-4	9.673432E-3
6.966245E+1	3.840000E-4	1.000700E-2
6.966239E+1	3.820000E-4	1.034056E-2
6.966235E+1	3.770000E-4	1.067413E-2
6.966229E+1	3.780000E-4	1.100770E-2
6.966225E+1	3.820000E-4	1.134126E-2
6.966219E+1	3.830000E-4	1.167483E-2
6.966215E+1	3.820000E-4	1.200840E-2
6.966209E+1	3.780000E-4	1.234196E-2
6.966205E+1	3.720000E-4	1.267553E-2
6.966199E+1	3.760000E-4	1.300910E-2
6.966194E+1	3.790000E-4	1.334266E-2
6.966190E+1	3.840000E-4	1.367623E-2
6.966184E+1	3.850000E-4	1.400980E-2
6.966180E+1	3.870000E-4	1.434336E-2
6.966174E+1	3.810000E-4	1.467693E-2
6.966170E+1	3.750000E-4	1.501050E-2
6.966164E+1	3.730000E-4	1.534406E-2
6.966160E+1	3.750000E-4	1.567763E-2
6.966154E+1	3.830000E-4	1.601120E-2
6.966149E+1	3.850000E-4	1.634476E-2
6.966145E+1	3.850000E-4	1.667833E-2
6.966139E+1	3.830000E-4	1.701190E-2
6.966135E+1	3.830000E-4	1.734546E-2
6.966129E+1	3.870000E-4	1.767903E-2
6.966125E+1	3.860000E-4	1.801260E-2
6.966119E+1	3.860000E-4	1.834616E-2
6.966115E+1	3.770000E-4	1.867973E-2
6.966109E+1	3.730000E-4	1.901330E-2
6.966104E+1	3.770000E-4	1.934686E-2
6.966100E+1	3.840000E-4	1.968043E-2
6.966094E+1	3.830000E-4	2.001400E-2
6.966090E+1	3.840000E-4	2.034756E-2
6.966084E+1	3.780000E-4	2.068113E-2
6.966080E+1	3.730000E-4	2.101470E-2
6.966074E+1	3.800000E-4	2.134826E-2
6.966070E+1	3.790000E-4	2.168183E-2
6.966064E+1	3.740000E-4	2.201540E-2
6.966060E+1	3.730000E-4	2.234896E-2
6.966055E+1	3.770000E-4	2.268253E-2
6.966049E+1	3.820000E-4	2.301610E-2
6.966045E+1	3.800000E-4	2.334966E-2
6.966039E+1	3.690000E-4	2.368323E-2
6.966035E+1	3.680000E-4	2.401680E-2
6.966029E+1	3.710000E-4	2.435036E-2
6.966025E+1	3.790000E-4	2.468393E-2
6.966019E+1	3.810000E-4	2.501750E-2
6.966015E+1	3.790000E-4	2.535106E-2
6.966010E+1	3.730000E-4	2.568463E-2
6.966004E+1	3.710000E-4	2.601819E-2
6.966000E+1	3.730000E-4	2.635176E-2
6.965994E+1	3.770000E-4	2.668533E-2
6.965990E+1	3.810000E-4	2.701890E-2
6.965984E+1	3.860000E-4	2.735246E-2
6.965980E+1	3.860000E-4	2.768603E-2
6.965974E+1	3.850000E-4	2.801960E-2
6.965970E+1	3.770000E-4	2.835316E-2
6.965965E+1	3.760000E-4	2.868673E-2
6.965959E+1	3.750000E-4	2.902029E-2
6.965955E+1	3.780000E-4	2.935386E-2
6.965949E+1	3.830000E-4	2.968743E-2
6.965945E+1	3.900000E-4	3.002100E-2
6.965939E+1	3.920000E-4	3.035456E-2
6.965935E+1	3.900000E-4	3.068813E-2
6.965929E+1	3.830000E-4	3.102169E-2
6.965925E+1	3.800000E-4	3.135526E-2
6.965919E+1	3.760000E-4	3.168883E-2
6.965914E+1	3.800000E-4	3.202239E-2
6.965910E+1	3.800000E-4	3.235596E-2
6.965904E+1	3.860000E-4	3.268953E-2
6.965900E+1	3.930000E-4	3.302309E-2
6.965894E+1	3.930000E-4	3.335666E-2
6.965890E+1	3.880000E-4	3.369023E-2
6.965884E+1	3.870000E-4	3.402380E-2
6.965880E+1	3.860000E-4	3.435736E-2
6.965874E+1	3.870000E-4	3.469093E-2
6.965869E+1	3.770000E-4	3.502449E-2
6.965865E+1	3.780000E-4	3.535806E-2
6.965859E+1	3.800000E-4	3.569163E-2
6.965855E+1	3.820000E-4	3.602519E-2
6.965849E+1	3.850000E-4	3.635876E-2
6.965845E+1	3.910000E-4	3.669233E-2
6.965839E+1	3.900000E-4	3.702589E-2
6.965835E+1	3.900000E-4	3.735946E-2
6.965829E+1	3.890000E-4	3.769303E-2
6.965824E+1	3.870000E-4	3.802659E-2
6.965820E+1	3.840000E-4	3.836016E-2
6.965814E+1	3.900000E-4	3.869373E-2
6.965810E+1	3.930000E-4	3.902729E-2
6.965804E+1	3.950000E-4	3.936086E-2
6.965800E+1	3.940000E-4	3.969442E-2
6.965794E+1	3.890000E-4	4.002799E-2
6.965790E+1	3.850000E-4	4.036156E-2
6.965784E+1	3.870000E-4	4.069513E-2
6.965780E+1	3.870000E-4	4.102869E-2
6.965775E+1	3.890000E-4	4.136226E-2
6.965769E+1	3.880000E-4	4.169583E-2
6.965765E+1	3.870000E-4	4.202939E-2
6.965759E+1	3.850000E-4	4.236296E-2
6.965755E+1	3.900000E-4	4.269652E-2
6.965749E+1	3.950000E-4	4.303009E-2
6.965745E+1	3.880000E-4	4.336366E-2
6.965739E+1	3.830000E-4	4.369723E-2
6.965735E+1	3.840000E-4	4.403079E-2
6.965730E+1	3.870000E-4	4.436436E-2
6.965724E+1	3.900000E-4	4.469793E-2
6.965720E+1	3.980000E-4	4.503149E-2
6.965714E+1	4.060000E-4	4.536506E-2
6.965710E+1	4.050000E-4	4.569862E-2
6.965704E+1	4.090000E-4	4.603219E-2
6.965700E+1	4.070000E-4	4.636576E-2
6.965694E+1	4.050000E-4	4.669933E-2
6.965690E+1	3.940000E-4	4.703289E-2
6.965685E+1	3.960000E-4	4.736646E-2
6.965679E+1	4.080000E-4	4.770003E-2
6.965675E+1	4.190000E-4	4.803359E-2
6.965669E+1	4.200000E-4	4.836716E-2
6.965665E+1	4.130000E-4	4.870072E-2
6.965659E+1	4.070000E-4	4.903429E-2
6.965655E+1	4.100000E-4	4.936786E-2
6.965649E+1	4.020000E-4	4.970143E-2
6.965645E+1	3.960000E-4	5.003499E-2
6.965639E+1	3.980000E-4	5.036856E-2
6.965634E+1	3.970000E-4	5.070212E-2
6.965630E+1	3.970000E-4	5.103569E-2
6.965624E+1	4.160000E-4	5.136926E-2
6.965620E+1	4.210000E-4	5.170282E-2
6.965614E+1	4.270000E-4	5.203639E-2
6.965610E+1	4.090000E-4	5.236996E-2
6.965604E+1	4.120000E-4	5.270352E-2
6.965600E+1	4.090000E-4	5.303709E-2
6.965594E+1	4.160000E-4	5.337066E-2
6.965589E+1	4.220000E-4	5.370422E-2
6.965585E+1	4.270000E-4	5.403779E-2
6.965579E+1	4.290000E-4	5.437136E-2
6.965575E+1	4.410000E-4	5.470492E-2
6.965569E+1	4.430000E-4	5.503849E-2
6.965565E+1	4.400000E-4	5.537206E-2
6.965559E+1	4.330000E-4	5.570562E-2
6.965555E+1	4.250000E-4	5.603919E-2
6.965549E+1	4.190000E-4	5.637276E-2
6.965544E+1	4.280000E-4	5.670632E-2
6.965540E+1	4.480000E-4	5.703989E-2
6.965534E+1	4.500000E-4	5.737346E-2
6.965530E+1	4.500000E-4	5.770702E-2
6.965524E+1	4.400000E-4	5.804059E-2
6.965520E+1	4.350000E-4	5.837416E-2
6.965514E+1	4.450000E-4	5.870772E-2
6.965510E+1	4.590000E-4	5.904129E-2
6.965504E+1	4.600000E-4	5.937486E-2
6.965500E+1	4.570000E-4	5.970842E-2
6.965495E+1	4.630000E-4	6.004199E-2
6.965489E+1	4.700000E-4	6.037556E-2
6.965485E+1	4.730000E-4	6.070912E-2
6.965479E+1	4.720000E-4	6.104269E-2
6.965475E+1	4.700000E-4	6.137626E-2
6.965469E+1	4.690000E-4	6.170982E-2
6.965465E+1	4.710000E-4	6.204339E-2
6.965459E+1	4.710000E-4	6.237696E-2
6.965455E+1	4.730000E-4	6.271052E-2
6.965450E+1	4.810000E-4	6.304409E-2
6.965444E+1	4.890000E-4	6.337766E-2
6.965440E+1	4.820000E-4	6.371122E-2
6.965434E+1	4.820000E-4	6.404479E-2
6.965430E+1	4.920000E-4	6.437836E-2
6.965424E+1	5.120000E-4	6.471192E-2
6.965420E+1	5.140000E-4	6.504549E-2
6.965414E+1	5.240000E-4	6.537905E-2
6.965410E+1	5.190000E-4	6.571262E-2
6.965405E+1	5.000000E-4	6.604619E-2
6.965399E+1	5.000000E-4	6.637976E-2
6.965395E+1	5.100000E-4	6.671332E-2
6.965389E+1	5.490000E-4	6.704689E-2
6.965385E+1	5.470000E-4	6.738046E-2
6.965379E+1	5.330000E-4	6.771402E-2
6.965375E+1	5.630000E-4	6.804759E-2
6.965369E+1	5.680000E-4	6.838115E-2
6.965365E+1	5.600000E-4	6.871472E-2
6.965359E+1	5.560000E-4	6.904829E-2
6.965354E+1	5.190000E-4	6.938186E-2
6.965350E+1	5.370000E-4	6.971542E-2
6.965344E+1	5.180000E-4	7.004899E-2
6.965340E+1	5.140000E-4	7.038256E-2
6.965334E+1	5.610000E-4	7.071612E-2
6.965330E+1	6.010000E-4	7.104969E-2
6.965324E+1	6.000000E-4	7.138325E-2
6.965320E+1	5.550000E-4	7.171682E-2
6.965314E+1	5.190000E-4	7.205039E-2
6.965309E+1	5.220000E-4	7.238396E-2
6.965305E+1	5.240000E-4	7.271752E-2
6.965299E+1	5.770000E-4	7.305109E-2
6.965295E+1	6.320000E-4	7.338465E-2
6.965289E+1	6.540000E-4	7.371822E-2
6.965285E+1	6.450000E-4	7.405179E-2
6.965279E+1	5.960000E-4	7.438535E-2
6.965275E+1	5.560000E-4	7.471892E-2
6.965269E+1	6.530000E-4	7.505248E-2
6.965264E+1	6.260000E-4	7.538605E-2
6.965260E+1	6.030000E-4	7.571962E-2
6.965254E+1	6.150000E-4	7.605319E-2
6.965250E+1	6.180000E-4	7.638675E-2
6.965244E+1	6.280000E-4	7.672032E-2
6.965240E+1	6.280000E-4	7.705389E-2
6.965234E+1	5.820000E-4	7.738745E-2
6.965230E+1	6.130000E-4	7.772102E-2
6.965224E+1	5.760000E-4	7.805458E-2
6.965220E+1	5.520000E-4	7.838815E-2
6.965215E+1	6.230000E-4	7.872172E-2
6.965209E+1	6.390000E-4	7.905529E-2
6.965205E+1	6.170000E-4	7.938885E-2
6.965199E+1	7.040000E-4	7.972242E-2
6.965195E+1	6.610000E-4	8.005599E-2
6.965189E+1	6.490000E-4	8.038955E-2
6.965185E+1	6.000000E-4	8.072312E-2
6.965179E+1	5.510000E-4	8.105668E-2
6.965175E+1	5.610000E-4	8.139025E-2
6.965170E+1	5.910000E-4	8.172382E-2
6.965164E+1	6.220000E-4	8.205739E-2
6.965160E+1	6.770000E-4	8.239095E-2
6.965154E+1	7.010000E-4	8.272452E-2
6.965150E+1	7.320000E-4	8.305808E-2
6.965144E+1	7.150000E-4	8.339165E-2
6.965140E+1	6.610000E-4	8.372522E-2
6.965134E+1	6.010000E-4	8.405878E-2
6.965130E+1	6.030000E-4	8.439235E-2
6.965125E+1	6.370000E-4	8.472592E-2
6.965119E+1	6.220000E-4	8.505949E-2
6.965115E+1	7.380000E-4	8.539305E-2
6.965109E+1	7.840000E-4	8.572662E-2
6.965105E+1	6.970000E-4	8.606018E-2
6.965099E+1	6.430000E-4	8.639375E-2
6.965095E+1	6.240000E-4	8.672732E-2
6.965089E+1	6.830000E-4	8.706088E-2
6.965085E+1	8.040000E-4	8.739445E-2
6.965079E+1	8.290000E-4	8.772802E-2
6.965074E+1	7.910000E-4	8.806159E-2
6.965070E+1	6.580000E-4	8.839515E-2
6.965064E+1	6.530000E-4	8.872872E-2
6.965060E+1	6.880000E-4	8.906228E-2
6.965054E+1	7.290000E-4	8.939585E-2
6.965050E+1	7.400000E-4	8.972942E-2
6.965044E+1	8.110000E-4	9.006298E-2
6.965040E+1	8.110000E-4	9.039655E-2
6.965034E+1	8.120000E-4	9.073012E-2
6.965029E+1	8.250000E-4	9.106369E-2
6.965025E+1	7.880000E-4	9.139725E-2
6.965019E+1	7.120000E-4	9.173082E-2
6.965015E+1	7.120000E-4	9.206438E-2
6.965009E+1	7.270000E-4	9.239795E-2
6.965005E+1	7.810000E-4	9.273152E-2
6.964999E+1	8.160000E-4	9.306508E-2
6.964995E+1	8.290000E-4	9.339865E-2
6.964989E+1	8.360000E-4	9.373222E-2
6.964984E+1	7.670000E-4	9.406579E-2
6.964980E+1	7.300000E-4	9.439935E-2
6.964974E+1	8.030000E-4	9.473292E-2
6.964970E+1	8.570000E-4	9.506648E-2
6.964964E+1	8.500000E-4	9.540005E-2
6.964960E+1	8.490000E-4	9.573361E-2
6.964954E+1	8.190000E-4	9.606718E-2
6.964950E+1	7.850000E-4	9.640075E-2
6.964944E+1	7.610000E-4	9.673432E-2
6.964940E+1	7.690000E-4	9.706789E-2
6.964935E+1	8.440000E-4	9.740145E-2
6.964929E+1	7.640000E-4	9.773502E-2
6.964925E+1	7.590000E-4	9.806858E-2
6.964919E+1	8.260000E-4	9.840215E-2
6.964915E+1	7.650000E-4	9.873571E-2
6.964909E+1	8.350000E-4	9.906928E-2
6.964905E+1	8.600000E-4	9.940285E-2
6.964899E+1	8.490000E-4	9.973641E-2
6.964895E+1	8.110000E-4	1.000700E-1
6.964890E+1	7.670000E-4	1.004035E-1
6.964884E+1	7.290000E-4	1.007371E-1
6.964880E+1	7.250000E-4	1.010707E-1
6.964874E+1	7.290000E-4	1.014042E-1
6.964870E+1	7.480000E-4	1.017378E-1
6.964864E+1	7.490000E-4	1.020714E-1
6.964860E+1	7.930000E-4	1.024050E-1
6.964854E+1	8.670000E-4	1.027385E-1
6.964850E+1	8.490000E-4	1.030721E-1
6.964845E+1	7.750000E-4	1.034056E-1
6.964839E+1	7.550000E-4	1.037392E-1
6.964835E+1	7.570000E-4	1.040728E-1
6.964829E+1	8.670000E-4	1.044063E-1
6.964825E+1	8.890000E-4	1.047399E-1
6.964819E+1	8.650000E-4	1.050735E-1
6.964815E+1	8.000000E-4	1.054070E-1
6.964809E+1	8.880000E-4	1.057406E-1
6.964805E+1	9.050000E-4	1.060742E-1
6.964799E+1	8.470000E-4	1.064077E-1
6.964794E+1	7.590000E-4	1.067413E-1
6.964790E+1	7.520000E-4	1.070749E-1
6.964784E+1	7.570000E-4	1.074084E-1
6.964780E+1	8.260000E-4	1.077420E-1
6.964774E+1	7.640000E-4	1.080756E-1
6.964770E+1	9.120000E-4	1.084091E-1
6.964764E+1	9.390000E-4	1.087427E-1
6.964760E+1	9.040000E-4	1.090763E-1
6.964754E+1	8.530000E-4	1.094098E-1
6.964749E+1	7.560000E-4	1.097434E-1
6.964745E+1	7.160000E-4	1.100770E-1
6.964739E+1	7.420000E-4	1.104105E-1
6.964735E+1	8.600000E-4	1.107441E-1
6.964729E+1	8.730000E-4	1.110777E-1
6.964725E+1	7.620000E-4	1.114112E-1
6.964719E+1	6.990000E-4	1.117448E-1
6.964715E+1	7.720000E-4	1.120784E-1
6.964709E+1	8.980000E-4	1.124119E-1
6.964704E+1	9.570000E-4	1.127455E-1
6.964700E+1	8.680000E-4	1.130791E-1
6.964694E+1	7.960000E-4	1.134126E-1
6.964690E+1	8.440000E-4	1.137462E-1
6.964684E+1	7.060000E-4	1.140798E-1
6.964680E+1	8.840000E-4	1.144133E-1
6.964674E+1	9.830000E-4	1.147469E-1
6.964670E+1	9.520000E-4	1.150805E-1
6.964664E+1	9.130000E-4	1.154140E-1
6.964659E+1	7.490000E-4	1.157476E-1
6.964655E+1	6.720000E-4	1.160812E-1
6.964649E+1	7.180000E-4	1.164147E-1
6.964645E+1	8.880000E-4	1.167483E-1
6.964639E+1	9.770000E-4	1.170819E-1
6.964635E+1	9.770000E-4	1.174154E-1
6.964629E+1	9.190000E-4	1.177490E-1
6.964625E+1	7.750000E-4	1.180826E-1
6.964619E+1	6.730000E-4	1.184161E-1
6.964615E+1	6.520000E-4	1.187497E-1
6.964610E+1	8.170000E-4	1.190833E-1
6.964604E+1	9.710000E-4	1.194168E-1
6.964600E+1	9.690000E-4	1.197504E-1
6.964594E+1	9.360000E-4	1.200840E-1
6.964590E+1	8.850000E-4	1.204175E-1
6.964584E+1	9.500000E-4	1.207511E-1
6.964580E+1	8.670000E-4	1.210847E-1
6.964574E+1	6.410000E-4	1.214182E-1
6.964570E+1	8.180000E-4	1.217518E-1
6.964565E+1	7.320000E-4	1.220854E-1
6.964559E+1	8.640000E-4	1.224189E-1
6.964555E+1	9.690000E-4	1.227525E-1
6.964549E+1	8.670000E-4	1.230861E-1
6.964545E+1	6.470000E-4	1.234196E-1
6.964539E+1	6.890000E-4	1.237532E-1
6.964535E+1	6.310000E-4	1.240868E-1
6.964529E+1	8.400000E-4	1.244203E-1
6.964525E+1	1.041000E-3	1.247539E-1
6.964520E+1	1.071000E-3	1.250875E-1
6.964514E+1	1.011000E-3	1.254210E-1
6.964510E+1	8.250000E-4	1.257546E-1
6.964504E+1	6.550000E-4	1.260882E-1
6.964500E+1	6.300000E-4	1.264217E-1
6.964494E+1	6.280000E-4	1.267553E-1
6.964490E+1	7.000000E-4	1.270889E-1
6.964484E+1	7.320000E-4	1.274224E-1
6.964480E+1	5.900000E-4	1.277560E-1
6.964474E+1	6.860000E-4	1.280896E-1
6.964469E+1	7.930000E-4	1.284231E-1
6.964465E+1	6.930000E-4	1.287567E-1
6.964459E+1	7.210000E-4	1.290903E-1
6.964455E+1	8.970000E-4	1.294238E-1
6.964449E+1	1.001000E-3	1.297574E-1
6.964445E+1	8.100000E-4	1.300910E-1
6.964439E+1	8.180000E-4	1.304245E-1
6.964435E+1	6.350000E-4	1.307581E-1
6.964429E+1	5.790000E-4	1.310917E-1
6.964424E+1	5.820000E-4	1.314252E-1
6.964420E+1	7.850000E-4	1.317588E-1
6.964414E+1	1.075000E-3	1.320924E-1
6.964410E+1	1.100000E-3	1.324259E-1
6.964404E+1	8.710000E-4	1.327595E-1
6.964400E+1	8.000000E-4	1.330931E-1
6.964394E+1	5.480000E-4	1.334266E-1
6.964390E+1	6.140000E-4	1.337602E-1
6.964384E+1	9.570000E-4	1.340938E-1
6.964379E+1	1.042000E-3	1.344273E-1
6.964375E+1	1.076000E-3	1.347609E-1
6.964369E+1	9.360000E-4	1.350945E-1
6.964365E+1	5.530000E-4	1.354280E-1
6.964359E+1	5.680000E-4	1.357616E-1
6.964355E+1	8.920000E-4	1.360952E-1
6.964349E+1	1.061000E-3	1.364287E-1
6.964345E+1	1.151000E-3	1.367623E-1
6.964339E+1	1.139000E-3	1.370959E-1
6.964335E+1	1.022000E-3	1.374294E-1
6.964330E+1	6.280000E-4	1.377630E-1
6.964324E+1	5.210000E-4	1.380966E-1
6.964320E+1	5.310000E-4	1.384301E-1
6.964314E+1	7.440000E-4	1.387637E-1
6.964310E+1	9.400000E-4	1.390973E-1
6.964304E+1	1.104000E-3	1.394308E-1
6.964300E+1	1.053000E-3	1.397644E-1
6.964294E+1	9.270000E-4	1.400980E-1
6.964290E+1	8.660000E-4	1.404315E-1
6.964285E+1	5.480000E-4	1.407651E-1
6.964279E+1	5.030000E-4	1.410987E-1
6.964275E+1	7.840000E-4	1.414322E-1
6.964269E+1	1.158000E-3	1.417658E-1
6.964265E+1	1.232000E-3	1.420994E-1
6.964259E+1	9.170000E-4	1.424329E-1
6.964255E+1	4.750000E-4	1.427665E-1
6.964249E+1	5.880000E-4	1.431001E-1
6.964245E+1	7.980000E-4	1.434336E-1
6.964240E+1	1.047000E-3	1.437672E-1
6.964234E+1	1.221000E-3	1.441008E-1
6.964230E+1	1.206000E-3	1.444343E-1
6.964224E+1	9.110000E-4	1.447679E-1
6.964220E+1	4.210000E-4	1.451015E-1
6.964214E+1	5.070000E-4	1.454350E-1
6.964210E+1	5.910000E-4	1.457686E-1
6.964204E+1	9.220000E-4	1.461022E-1
6.964200E+1	9.830000E-4	1.464357E-1
6.964194E+1	1.253000E-3	1.467693E-1
6.964189E+1	1.142000E-3	1.471029E-1
6.964185E+1	4.960000E-4	1.474364E-1
6.964179E+1	4.280000E-4	1.477700E-1
6.964175E+1	8.500000E-4	1.481036E-1
6.964169E+1	1.209000E-3	1.484371E-1
6.964165E+1	1.263000E-3	1.487707E-1
6.964159E+1	8.330000E-4	1.491043E-1
6.964155E+1	4.630000E-4	1.494378E-1
6.964149E+1	3.560000E-4	1.497714E-1
6.964144E+1	8.540000E-4	1.501050E-1
6.964140E+1	1.360000E-3	1.504385E-1
6.964134E+1	1.364000E-3	1.507721E-1
6.964130E+1	1.046000E-3	1.511057E-1
6.964124E+1	6.020000E-4	1.514392E-1
6.964120E+1	4.490000E-4	1.517728E-1
6.964114E+1	8.340000E-4	1.521064E-1
6.964110E+1	1.466000E-3	1.524399E-1
6.964104E+1	1.313000E-3	1.527735E-1
6.964099E+1	7.900000E-4	1.531071E-1
6.964095E+1	1.148000E-3	1.534406E-1
6.964089E+1	9.370000E-4	1.537742E-1
6.964085E+1	4.390000E-4	1.541078E-1
6.964079E+1	3.280000E-4	1.544413E-1
6.964075E+1	9.360000E-4	1.547749E-1
6.964069E+1	1.340000E-3	1.551085E-1
6.964065E+1	5.300000E-4	1.554420E-1
6.964059E+1	5.180000E-4	1.557756E-1
6.964055E+1	4.260000E-4	1.561092E-1
6.964050E+1	1.160000E-3	1.564427E-1
6.964044E+1	1.111000E-3	1.567763E-1
6.964040E+1	8.230000E-4	1.571099E-1
6.964034E+1	5.650000E-4	1.574434E-1
6.964030E+1	3.380000E-4	1.577770E-1
6.964024E+1	3.220000E-4	1.581106E-1
6.964020E+1	3.380000E-4	1.584441E-1
6.964014E+1	1.056000E-3	1.587777E-1
6.964010E+1	7.890000E-4	1.591113E-1
6.964005E+1	8.250000E-4	1.594448E-1
6.963999E+1	3.400000E-4	1.597784E-1
6.963995E+1	8.730000E-4	1.601120E-1
6.963989E+1	1.570000E-3	1.604455E-1
6.963985E+1	1.466000E-3	1.607791E-1
6.963979E+1	9.000000E-4	1.611127E-1
6.963975E+1	3.470000E-4	1.614462E-1
6.963969E+1	1.300000E-3	1.617798E-1
6.963965E+1	9.150000E-4	1.621134E-1
6.963960E+1	4.220000E-4	1.624469E-1
6.963954E+1	2.570000E-4	1.627805E-1
6.963950E+1	6.540000E-4	1.631141E-1
6.963944E+1	1.486000E-3	1.634476E-1
6.963940E+1	4.140000E-4	1.637812E-1
6.963934E+1	7.940000E-4	1.641148E-1
6.963930E+1	8.890000E-4	1.644483E-1
6.963924E+1	1.045000E-3	1.647819E-1
6.963920E+1	6.820000E-4	1.651155E-1
6.963914E+1	2.600000E-4	1.654490E-1
6.963909E+1	2.160000E-4	1.657826E-1
6.963905E+1	2.980000E-4	1.661162E-1
6.963899E+1	3.380000E-4	1.664497E-1
6.963895E+1	1.402000E-3	1.667833E-1
6.963889E+1	1.034000E-3	1.671169E-1
6.963885E+1	1.334000E-3	1.674504E-1
6.963879E+1	7.450000E-4	1.677840E-1
6.963875E+1	1.229000E-3	1.681176E-1
6.963869E+1	7.760000E-4	1.684511E-1
6.963864E+1	2.510000E-4	1.687847E-1
6.963860E+1	2.990000E-4	1.691183E-1
6.963854E+1	1.240000E-3	1.694518E-1
6.963850E+1	1.312000E-3	1.697854E-1
6.963844E+1	4.500000E-4	1.701190E-1
6.963840E+1	2.500000E-4	1.704525E-1
6.963834E+1	1.219000E-3	1.707861E-1
6.963830E+1	1.671000E-3	1.711197E-1
6.963824E+1	1.560000E-3	1.714532E-1
6.963819E+1	1.748000E-3	1.717868E-1
6.963815E+1	1.368000E-3	1.721204E-1
6.963809E+1	2.490000E-4	1.724539E-1
6.963805E+1	6.190000E-4	1.727875E-1
6.963799E+1	1.437000E-3	1.731211E-1
6.963795E+1	1.665000E-3	1.734546E-1
6.963789E+1	1.528000E-3	1.737882E-1
6.963785E+1	1.368000E-3	1.741218E-1
6.963779E+1	1.496000E-3	1.744553E-1
6.963775E+1	1.374000E-3	1.747889E-1
6.963770E+1	1.583000E-3	1.751225E-1
6.963764E+1	1.250000E-3	1.754560E-1
6.963760E+1	1.860000E-4	1.757896E-1
6.963754E+1	2.410000E-4	1.761232E-1
6.963750E+1	8.520000E-4	1.764567E-1
6.963744E+1	6.960000E-4	1.767903E-1
6.963740E+1	5.320000E-4	1.771239E-1
6.963734E+1	7.100000E-4	1.774574E-1
6.963730E+1	1.324000E-3	1.777910E-1
6.963725E+1	1.801000E-3	1.781246E-1
6.963719E+1	1.801000E-3	1.784581E-1
6.963715E+1	1.145000E-3	1.787917E-1
6.963709E+1	3.350000E-4	1.791253E-1
6.963705E+1	2.150000E-4	1.794588E-1
6.963699E+1	5.090000E-4	1.797924E-1
6.963695E+1	1.614000E-3	1.801260E-1
6.963689E+1	1.748000E-3	1.804595E-1
6.963685E+1	1.777000E-3	1.807931E-1
6.963680E+1	1.289000E-3	1.811267E-1
6.963674E+1	1.050000E-3	1.814602E-1
6.963670E+1	8.960000E-4	1.817938E-1
6.963664E+1	8.010000E-4	1.821274E-1
6.963660E+1	1.246000E-3	1.824609E-1
6.963654E+1	5.070000E-4	1.827945E-1
6.963650E+1	8.900000E-4	1.831281E-1
6.963644E+1	1.172000E-3	1.834616E-1
6.963640E+1	5.590000E-4	1.837952E-1
6.963634E+1	1.267000E-3	1.841288E-1
6.963629E+1	3.400000E-4	1.844623E-1
6.963625E+1	1.092000E-3	1.847959E-1
6.963619E+1	1.676000E-3	1.851295E-1
6.963615E+1	4.020000E-4	1.854630E-1
6.963609E+1	8.480000E-4	1.857966E-1
6.963605E+1	1.879000E-3	1.861302E-1
6.963599E+1	1.322000E-3	1.864637E-1
6.963595E+1	6.080000E-4	1.867973E-1
6.963589E+1	1.830000E-4	1.871309E-1
6.963584E+1	1.590000E-4	1.874644E-1
6.963580E+1	1.500000E-4	1.877980E-1
6.963574E+1	1.950000E-4	1.881316E-1
6.963570E+1	8.920000E-4	1.884651E-1
6.963564E+1	1.149000E-3	1.887987E-1
6.963560E+1	4.110000E-4	1.891323E-1
6.963554E+1	1.190000E-4	1.894658E-1
6.963550E+1	2.790000E-4	1.897994E-1
6.963544E+1	4.840000E-4	1.901330E-1
6.963539E+1	9.110000E-4	1.904665E-1
6.963535E+1	1.530000E-3	1.908001E-1
6.963529E+1	1.826000E-3	1.911337E-1
6.963525E+1	1.718000E-3	1.914672E-1
6.963519E+1	1.060000E-3	1.918008E-1
6.963515E+1	1.960000E-4	1.921344E-1
6.963509E+1	3.410000E-4	1.924679E-1
6.963505E+1	2.690000E-4	1.928015E-1
6.963499E+1	3.060000E-4	1.931351E-1
6.963495E+1	1.530000E-4	1.934686E-1
6.963490E+1	4.550000E-4	1.938022E-1
6.963484E+1	1.431000E-3	1.941358E-1
6.963480E+1	1.423000E-3	1.944693E-1
6.963474E+1	7.780000E-4	1.948029E-1
6.963470E+1	1.669000E-3	1.951365E-1
6.963464E+1	1.001000E-3	1.954700E-1
6.963460E+1	5.230000E-4	1.958036E-1
6.963454E+1	8.470000E-4	1.961372E-1
6.963450E+1	1.741000E-3	1.964707E-1
6.963445E+1	1.671000E-3	1.968043E-1
6.963439E+1	9.090000E-4	1.971379E-1
6.963435E+1	4.330000E-4	1.974714E-1
6.963429E+1	2.580000E-4	1.978050E-1
6.963425E+1	2.880000E-4	1.981386E-1
6.963419E+1	1.095000E-3	1.984721E-1
6.963415E+1	1.675000E-3	1.988057E-1
6.963409E+1	1.168000E-3	1.991393E-1
6.963405E+1	5.240000E-4	1.994728E-1
6.963400E+1	3.120000E-4	1.998064E-1
6.963394E+1	2.770000E-4	2.001400E-1
6.963390E+1	1.870000E-4	2.004735E-1
6.963384E+1	7.580000E-4	2.008071E-1
6.963380E+1	1.486000E-3	2.011407E-1
6.963374E+1	8.340000E-4	2.014742E-1
6.963370E+1	6.660000E-4	2.018078E-1
6.963364E+1	1.529000E-3	2.021414E-1
6.963360E+1	1.324000E-3	2.024749E-1
6.963354E+1	1.503000E-3	2.028085E-1
6.963349E+1	1.261000E-3	2.031421E-1
6.963345E+1	1.000000E-3	2.034756E-1
6.963339E+1	3.340000E-4	2.038092E-1
6.963335E+1	1.232000E-3	2.041428E-1
6.963329E+1	1.614000E-3	2.044763E-1
6.963325E+1	1.008000E-3	2.048099E-1
6.963319E+1	4.180000E-4	2.051435E-1
6.963315E+1	5.110000E-4	2.054770E-1
6.963309E+1	1.465000E-3	2.058106E-1
6.963304E+1	1.298000E-3	2.061442E-1
6.963300E+1	3.630000E-4	2.064777E-1
6.963294E+1	4.280000E-4	2.068113E-1
6.963290E+1	1.299000E-3	2.071449E-1
6.963284E+1	1.649000E-3	2.074784E-1
6.963280E+1	1.402000E-3	2.078120E-1
6.963274E+1	1.192000E-3	2.081456E-1
6.963270E+1	7.290000E-4	2.084791E-1
6.963264E+1	5.860000E-4	2.088127E-1
6.963259E+1	1.302000E-3	2.091463E-1
6.963255E+1	1.498000E-3	2.094798E-1
6.963249E+1	7.020000E-4	2.098134E-1
6.963245E+1	4.090000E-4	2.101470E-1
6.963239E+1	1.081000E-3	2.104805E-1
6.963235E+1	1.475000E-3	2.108141E-1
6.963229E+1	1.413000E-3	2.111477E-1
6.963225E+1	1.274000E-3	2.114812E-1
6.963219E+1	1.106000E-3	2.118148E-1
6.963215E+1	1.305000E-3	2.121484E-1
6.963210E+1	7.380000E-4	2.124819E-1
6.963204E+1	6.410000E-4	2.128155E-1
6.963200E+1	9.840000E-4	2.131491E-1
6.963194E+1	8.110000E-4	2.134826E-1
6.963190E+1	9.280000E-4	2.138162E-1
6.963184E+1	4.290000E-4	2.141498E-1
6.963180E+1	5.730000E-4	2.144833E-1
6.963174E+1	3.910000E-4	2.148169E-1
6.963170E+1	9.740000E-4	2.151505E-1
6.963165E+1	1.151000E-3	2.154840E-1
6.963159E+1	7.190000E-4	2.158176E-1
6.963155E+1	1.340000E-3	2.161512E-1
6.963149E+1	1.438000E-3	2.164847E-1
6.963145E+1	1.455000E-3	2.168183E-1
6.963139E+1	1.238000E-3	2.171519E-1
6.963135E+1	8.430000E-4	2.174854E-1
6.963129E+1	5.810000E-4	2.178190E-1
6.963125E+1	1.415000E-3	2.181526E-1
6.963120E+1	1.399000E-3	2.184861E-1
6.963114E+1	1.240000E-3	2.188197E-1
6.963110E+1	7.180000E-4	2.191533E-1
6.963104E+1	4.100000E-4	2.194868E-1
6.963100E+1	4.470000E-4	2.198204E-1
6.963094E+1	6.360000E-4	2.201540E-1
6.963090E+1	9.980000E-4	2.204875E-1
6.963084E+1	1.397000E-3	2.208211E-1
6.963080E+1	9.770000E-4	2.211547E-1
6.963074E+1	8.770000E-4	2.214882E-1
6.963069E+1	7.110000E-4	2.218218E-1
6.963065E+1	1.221000E-3	2.221554E-1
6.963059E+1	1.329000E-3	2.224889E-1
6.963055E+1	9.000000E-4	2.228225E-1
6.963049E+1	9.070000E-4	2.231561E-1
6.963045E+1	1.229000E-3	2.234896E-1
6.963039E+1	1.364000E-3	2.238232E-1
6.963035E+1	1.126000E-3	2.241568E-1
6.963029E+1	5.600000E-4	2.244903E-1
6.963024E+1	6.640000E-4	2.248239E-1
6.963020E+1	1.095000E-3	2.251575E-1
6.963014E+1	1.295000E-3	2.254910E-1
6.963010E+1	9.460000E-4	2.258246E-1
6.963004E+1	5.380000E-4	2.261582E-1
6.963000E+1	5.410000E-4	2.264917E-1
6.962994E+1	7.610000E-4	2.268253E-1
6.962990E+1	9.430000E-4	2.271589E-1
6.962984E+1	1.146000E-3	2.274924E-1
6.962979E+1	9.260000E-4	2.278260E-1
6.962975E+1	8.320000E-4	2.281596E-1
6.962969E+1	8.420000E-4	2.284931E-1
6.962965E+1	6.050000E-4	2.288267E-1
6.962959E+1	6.150000E-4	2.291603E-1
6.962955E+1	8.910000E-4	2.294938E-1
6.962949E+1	1.095000E-3	2.298274E-1
6.962945E+1	1.189000E-3	2.301610E-1
6.962939E+1	1.264000E-3	2.304945E-1
6.962935E+1	1.160000E-3	2.308281E-1
6.962930E+1	8.630000E-4	2.311617E-1
6.962924E+1	6.390000E-4	2.314952E-1
6.962920E+1	5.910000E-4	2.318288E-1
6.962914E+1	7.450000E-4	2.321624E-1
6.962910E+1	8.780000E-4	2.324959E-1
6.962904E+1	1.058000E-3	2.328295E-1
6.962900E+1	1.052000E-3	2.331631E-1
6.962894E+1	1.184000E-3	2.334966E-1
6.962890E+1	1.212000E-3	2.338302E-1
6.962885E+1	1.205000E-3	2.341638E-1
6.962879E+1	1.210000E-3	2.344973E-1
6.962875E+1	9.990000E-4	2.348309E-1
6.962869E+1	7.000000E-4	2.351645E-1
6.962865E+1	9.730000E-4	2.354980E-1
6.962859E+1	1.095000E-3	2.358316E-1
6.962855E+1	1.109000E-3	2.361652E-1
6.962849E+1	9.490000E-4	2.364987E-1
6.962845E+1	7.390000E-4	2.368323E-1
6.962840E+1	1.036000E-3	2.371659E-1
6.962834E+1	1.108000E-3	2.374994E-1
6.962830E+1	9.160000E-4	2.378330E-1
6.962824E+1	9.210000E-4	2.381666E-1
6.962820E+1	1.091000E-3	2.385001E-1
6.962814E+1	1.086000E-3	2.388337E-1
6.962810E+1	1.049000E-3	2.391673E-1
6.962804E+1	1.028000E-3	2.395008E-1
6.962800E+1	8.580000E-4	2.398344E-1
6.962794E+1	1.040000E-3	2.401680E-1
6.962789E+1	9.860001E-4	2.405015E-1
6.962785E+1	7.530000E-4	2.408351E-1
6.962779E+1	6.760000E-4	2.411687E-1
6.962775E+1	7.610000E-4	2.415022E-1
6.962769E+1	9.890000E-4	2.418358E-1
6.962765E+1	1.132000E-3	2.421694E-1
6.962759E+1	1.112000E-3	2.425029E-1
6.962755E+1	1.126000E-3	2.428365E-1
6.962749E+1	1.035000E-3	2.431701E-1
6.962744E+1	7.950000E-4	2.435036E-1
6.962740E+1	7.600000E-4	2.438372E-1
6.962734E+1	7.320000E-4	2.441708E-1
6.962730E+1	8.250000E-4	2.445043E-1
6.962724E+1	1.087000E-3	2.448379E-1
6.962720E+1	1.118000E-3	2.451715E-1
6.962714E+1	1.106000E-3	2.455050E-1
6.962710E+1	1.093000E-3	2.458386E-1
6.962704E+1	9.150000E-4	2.461722E-1
6.962699E+1	7.810000E-4	2.465057E-1
6.962695E+1	7.880000E-4	2.468393E-1
6.962689E+1	9.720000E-4	2.471729E-1
6.962685E+1	1.068000E-3	2.475064E-1
6.962679E+1	9.250000E-4	2.478400E-1
6.962675E+1	7.970000E-4	2.481735E-1
6.962669E+1	8.140000E-4	2.485071E-1
6.962665E+1	9.040000E-4	2.488407E-1
6.962659E+1	9.580000E-4	2.491743E-1
6.962655E+1	1.027000E-3	2.495078E-1
6.962650E+1	1.054000E-3	2.498414E-1
6.962644E+1	1.044000E-3	2.501750E-1
6.962640E+1	9.440000E-4	2.505085E-1
6.962634E+1	8.080000E-4	2.508421E-1
6.962630E+1	7.750000E-4	2.511756E-1
6.962624E+1	8.080000E-4	2.515092E-1
6.962620E+1	9.360000E-4	2.518428E-1
6.962614E+1	1.026000E-3	2.521763E-1
6.962610E+1	1.027000E-3	2.525099E-1
6.962605E+1	1.018000E-3	2.528435E-1
6.962599E+1	9.930000E-4	2.531770E-1
6.962595E+1	9.910000E-4	2.535106E-1
6.962589E+1	1.005000E-3	2.538442E-1
6.962585E+1	8.770000E-4	2.541777E-1
6.962579E+1	1.022000E-3	2.545113E-1
6.962575E+1	1.032000E-3	2.548449E-1
6.962569E+1	8.640000E-4	2.551785E-1
6.962565E+1	9.430000E-4	2.555120E-1
6.962560E+1	9.970000E-4	2.558456E-1
6.962554E+1	1.019000E-3	2.561792E-1
6.962550E+1	1.020000E-3	2.565127E-1
6.962544E+1	1.029000E-3	2.568463E-1
6.962540E+1	9.960000E-4	2.571799E-1
6.962534E+1	8.460000E-4	2.575134E-1
6.962530E+1	9.200000E-4	2.578470E-1
6.962524E+1	9.600000E-4	2.581806E-1
6.962520E+1	8.700000E-4	2.585141E-1
6.962514E+1	9.280000E-4	2.588477E-1
6.962509E+1	8.570000E-4	2.591813E-1
6.962505E+1	8.540000E-4	2.595148E-1
6.962499E+1	9.320000E-4	2.598484E-1
6.962495E+1	1.015000E-3	2.601820E-1
6.962489E+1	9.060000E-4	2.605155E-1
6.962485E+1	8.680000E-4	2.608491E-1
6.962479E+1	8.760000E-4	2.611827E-1
6.962475E+1	9.620000E-4	2.615162E-1
6.962469E+1	1.036000E-3	2.618498E-1
6.962464E+1	1.023000E-3	2.621834E-1
6.962460E+1	1.025000E-3	2.625169E-1
6.962454E+1	1.018000E-3	2.628505E-1
6.962450E+1	1.002000E-3	2.631840E-1
6.962444E+1	9.100000E-4	2.635176E-1
6.962440E+1	9.160000E-4	2.638512E-1
6.962434E+1	1.029000E-3	2.641847E-1
6.962430E+1	9.940000E-4	2.645183E-1
6.962424E+1	8.820000E-4	2.648519E-1
6.962419E+1	8.990000E-4	2.651854E-1
6.962415E+1	9.360000E-4	2.655190E-1
6.962409E+1	9.900000E-4	2.658526E-1
6.962405E+1	9.950000E-4	2.661861E-1
6.962399E+1	9.950000E-4	2.665197E-1
6.962395E+1	8.830000E-4	2.668533E-1
6.962389E+1	8.690000E-4	2.671869E-1
6.962385E+1	8.560000E-4	2.675204E-1
6.962379E+1	8.620000E-4	2.678540E-1
6.962375E+1	8.730000E-4	2.681876E-1
6.962370E+1	9.380000E-4	2.685211E-1
6.962364E+1	9.680000E-4	2.688547E-1
6.962360E+1	9.920000E-4	2.691883E-1
6.962354E+1	9.050000E-4	2.695218E-1
6.962350E+1	9.250000E-4	2.698554E-1
6.962344E+1	9.869999E-4	2.701890E-1
6.962340E+1	8.740000E-4	2.705225E-1
6.962334E+1	8.590000E-4	2.708561E-1
6.962330E+1	9.080000E-4	2.711897E-1
6.962325E+1	9.820000E-4	2.715232E-1
6.962319E+1	9.730000E-4	2.718568E-1
6.962315E+1	9.660000E-4	2.721904E-1
6.962309E+1	8.810000E-4	2.725239E-1
6.962305E+1	9.710000E-4	2.728575E-1
6.962299E+1	8.990000E-4	2.731911E-1
6.962295E+1	9.810000E-4	2.735246E-1
6.962289E+1	8.610000E-4	2.738582E-1
6.962285E+1	8.750000E-4	2.741917E-1
6.962280E+1	9.920000E-4	2.745253E-1
6.962274E+1	9.930000E-4	2.748589E-1
6.962270E+1	9.740000E-4	2.751924E-1
6.962264E+1	9.840000E-4	2.755260E-1
6.962260E+1	8.560000E-4	2.758596E-1
6.962254E+1	8.120000E-4	2.761931E-1
6.962250E+1	8.920000E-4	2.765267E-1
6.962244E+1	9.890000E-4	2.768603E-1
6.962240E+1	9.980000E-4	2.771938E-1
6.962234E+1	1.017000E-3	2.775274E-1
6.962229E+1	1.012000E-3	2.778610E-1
6.962225E+1	9.230000E-4	2.781945E-1
6.962219E+1	8.370000E-4	2.785281E-1
6.962215E+1	8.200000E-4	2.788617E-1
6.962209E+1	8.390000E-4	2.791952E-1
6.962205E+1	8.040000E-4	2.795288E-1
6.962199E+1	8.380000E-4	2.798624E-1
6.962195E+1	9.350000E-4	2.801960E-1
6.962189E+1	9.910000E-4	2.805295E-1
6.962184E+1	9.720000E-4	2.808631E-1
6.962180E+1	8.430000E-4	2.811967E-1
6.962174E+1	7.760000E-4	2.815302E-1
6.962170E+1	8.080000E-4	2.818638E-1
6.962164E+1	8.260000E-4	2.821974E-1
6.962160E+1	9.320000E-4	2.825309E-1
6.962154E+1	9.620000E-4	2.828645E-1
6.962150E+1	9.470000E-4	2.831981E-1
6.962144E+1	9.290000E-4	2.835316E-1
6.962139E+1	8.070000E-4	2.838652E-1
6.962135E+1	7.490000E-4	2.841988E-1
6.962129E+1	7.780000E-4	2.845323E-1
6.962125E+1	7.830000E-4	2.848659E-1
6.962119E+1	8.190000E-4	2.851995E-1
6.962115E+1	9.210000E-4	2.855330E-1
6.962109E+1	9.040000E-4	2.858666E-1
6.962105E+1	8.410000E-4	2.862001E-1
6.962099E+1	7.190000E-4	2.865337E-1
6.962095E+1	7.040000E-4	2.868673E-1
6.962090E+1	7.440000E-4	2.872008E-1
6.962084E+1	7.980000E-4	2.875344E-1
6.962080E+1	8.810000E-4	2.878680E-1
6.962074E+1	8.590000E-4	2.882015E-1
6.962070E+1	7.240000E-4	2.885351E-1
6.962064E+1	8.060000E-4	2.888687E-1
6.962060E+1	7.820000E-4	2.892022E-1
6.962054E+1	8.330000E-4	2.895358E-1
6.962050E+1	7.940000E-4	2.898694E-1
6.962045E+1	8.380000E-4	2.902029E-1
6.962039E+1	7.250000E-4	2.905365E-1
6.962035E+1	8.130000E-4	2.908701E-1
6.962029E+1	8.450000E-4	2.912036E-1
6.962025E+1	7.700000E-4	2.915372E-1
6.962019E+1	7.020000E-4	2.918708E-1
6.962015E+1	6.710000E-4	2.922044E-1
6.962009E+1	6.500000E-4	2.925379E-1
6.962005E+1	6.610000E-4	2.928715E-1
6.962000E+1	6.520000E-4	2.932051E-1
6.961994E+1	7.330000E-4	2.935386E-1
6.961990E+1	8.360000E-4	2.938722E-1
6.961984E+1	7.760000E-4	2.942058E-1
6.961980E+1	6.930000E-4	2.945393E-1
6.961974E+1	6.570000E-4	2.948729E-1
6.961970E+1	6.550000E-4	2.952065E-1
6.961964E+1	7.100000E-4	2.955400E-1
6.961960E+1	7.230000E-4	2.958736E-1
6.961954E+1	8.020000E-4	2.962072E-1
6.961949E+1	7.550000E-4	2.965407E-1
6.961945E+1	6.550000E-4	2.968743E-1
6.961939E+1	7.010000E-4	2.972079E-1
6.961935E+1	7.210000E-4	2.975414E-1
6.961929E+1	7.690000E-4	2.978750E-1
6.961925E+1	7.630000E-4	2.982085E-1
6.961919E+1	6.400000E-4	2.985421E-1
6.961915E+1	6.070000E-4	2.988757E-1
6.961909E+1	6.270000E-4	2.992092E-1
6.961904E+1	6.170000E-4	2.995428E-1
6.961900E+1	6.310000E-4	2.998764E-1
6.961894E+1	6.210000E-4	3.002099E-1
6.961890E+1	7.220000E-4	3.005435E-1
6.961884E+1	6.590000E-4	3.008771E-1
6.961880E+1	6.420000E-4	3.012106E-1
6.961874E+1	6.780000E-4	3.015442E-1
6.961870E+1	6.570000E-4	3.018778E-1
6.961864E+1	6.300000E-4	3.022113E-1
6.961859E+1	5.950000E-4	3.025449E-1
6.961855E+1	5.600000E-4	3.028785E-1
6.961849E+1	6.010000E-4	3.032120E-1
6.961845E+1	6.240000E-4	3.035456E-1
6.961839E+1	5.700000E-4	3.038792E-1
6.961835E+1	6.410000E-4	3.042127E-1
6.961829E+1	6.260000E-4	3.045463E-1
6.961825E+1	6.180000E-4	3.048799E-1
6.961819E+1	6.270000E-4	3.052135E-1
6.961815E+1	6.290000E-4	3.055470E-1
6.961810E+1	5.880000E-4	3.058806E-1
6.961804E+1	6.060000E-4	3.062142E-1
6.961800E+1	6.110000E-4	3.065477E-1
6.961794E+1	6.350000E-4	3.068813E-1
6.961790E+1	6.310000E-4	3.072149E-1
6.961784E+1	5.670000E-4	3.075484E-1
6.961780E+1	5.410000E-4	3.078820E-1
6.961774E+1	5.830000E-4	3.082156E-1
6.961770E+1	5.260000E-4	3.085491E-1
6.961765E+1	5.040000E-4	3.088827E-1
6.961759E+1	5.140000E-4	3.092162E-1
6.961755E+1	5.080000E-4	3.095498E-1
6.961749E+1	5.720000E-4	3.098834E-1
6.961745E+1	5.440000E-4	3.102169E-1
6.961739E+1	4.850000E-4	3.105505E-1
6.961735E+1	4.810000E-4	3.108841E-1
6.961729E+1	4.870000E-4	3.112176E-1
6.961725E+1	4.880000E-4	3.115512E-1
6.961720E+1	5.220000E-4	3.118848E-1
6.961714E+1	5.370000E-4	3.122183E-1
6.961710E+1	5.400000E-4	3.125519E-1
6.961704E+1	5.040000E-4	3.128855E-1
6.961700E+1	4.810000E-4	3.132190E-1
6.961694E+1	4.770000E-4	3.135526E-1
6.961690E+1	4.690000E-4	3.138862E-1
6.961684E+1	5.020000E-4	3.142197E-1
6.961680E+1	5.300000E-4	3.145533E-1
6.961674E+1	5.220000E-4	3.148869E-1
6.961669E+1	5.350000E-4	3.152204E-1
6.961665E+1	5.270000E-4	3.155540E-1
6.961659E+1	5.350000E-4	3.158876E-1
6.961655E+1	5.230000E-4	3.162211E-1
6.961649E+1	5.280000E-4	3.165547E-1
6.961645E+1	4.840000E-4	3.168883E-1
6.961639E+1	4.560000E-4	3.172219E-1
6.961635E+1	4.570000E-4	3.175554E-1
6.961629E+1	4.880000E-4	3.178890E-1
6.961624E+1	5.070000E-4	3.182226E-1
6.961620E+1	5.030000E-4	3.185561E-1
6.961614E+1	4.730000E-4	3.188897E-1
6.961610E+1	4.410000E-4	3.192233E-1
6.961604E+1	4.330000E-4	3.195568E-1
6.961600E+1	4.410000E-4	3.198904E-1
6.961594E+1	4.650000E-4	3.202240E-1
6.961590E+1	4.840000E-4	3.205575E-1
6.961584E+1	4.890000E-4	3.208911E-1
6.961579E+1	4.870000E-4	3.212246E-1
6.961575E+1	4.650000E-4	3.215582E-1
6.961569E+1	4.270000E-4	3.218918E-1
6.961565E+1	4.500000E-4	3.222253E-1
6.961559E+1	4.630000E-4	3.225589E-1
6.961555E+1	4.540000E-4	3.228925E-1
6.961549E+1	4.560000E-4	3.232260E-1
6.961545E+1	4.700000E-4	3.235596E-1
6.961539E+1	4.690000E-4	3.238932E-1
6.961534E+1	4.730000E-4	3.242267E-1
6.961530E+1	4.620000E-4	3.245603E-1
6.961524E+1	4.410000E-4	3.248939E-1
6.961520E+1	4.120000E-4	3.252274E-1
6.961514E+1	4.460000E-4	3.255610E-1
6.961510E+1	4.570000E-4	3.258946E-1
6.961504E+1	4.480000E-4	3.262281E-1
6.961500E+1	4.450000E-4	3.265617E-1
6.961494E+1	4.210000E-4	3.268953E-1
6.961490E+1	4.270000E-4	3.272288E-1
6.961485E+1	4.140000E-4	3.275624E-1
6.961479E+1	4.350000E-4	3.278960E-1
6.961475E+1	4.310000E-4	3.282295E-1
6.961469E+1	4.180000E-4	3.285631E-1
6.961465E+1	4.070000E-4	3.288967E-1
6.961459E+1	3.960000E-4	3.292302E-1
6.961455E+1	4.230000E-4	3.295638E-1
6.961449E+1	4.330000E-4	3.298974E-1
6.961445E+1	3.960000E-4	3.302310E-1
6.961440E+1	4.070000E-4	3.305645E-1
6.961434E+1	4.190000E-4	3.308981E-1
6.961430E+1	4.260000E-4	3.312317E-1
6.961424E+1	4.190000E-4	3.315652E-1
6.961420E+1	4.010000E-4	3.318988E-1
6.961414E+1	3.810000E-4	3.322323E-1
6.961410E+1	3.780000E-4	3.325659E-1
6.961404E+1	3.780000E-4	3.328995E-1
6.961400E+1	3.830000E-4	3.332330E-1
6.961395E+1	4.240000E-4	3.335666E-1
6.961389E+1	4.290000E-4	3.339002E-1
6.961385E+1	4.310000E-4	3.342337E-1
6.961379E+1	4.210000E-4	3.345673E-1
6.961375E+1	3.940000E-4	3.349009E-1
6.961369E+1	3.850000E-4	3.352344E-1
6.961365E+1	4.100000E-4	3.355680E-1
6.961359E+1	4.240000E-4	3.359016E-1
6.961355E+1	4.170000E-4	3.362351E-1
6.961349E+1	3.860000E-4	3.365687E-1
6.961344E+1	3.780000E-4	3.369023E-1
6.961340E+1	3.950000E-4	3.372358E-1
6.961334E+1	4.180000E-4	3.375694E-1
6.961330E+1	4.020000E-4	3.379030E-1
6.961324E+1	3.950000E-4	3.382365E-1
6.961320E+1	4.100000E-4	3.385701E-1
6.961314E+1	3.940000E-4	3.389037E-1
6.961310E+1	4.100000E-4	3.392372E-1
6.961304E+1	3.860000E-4	3.395708E-1
6.961299E+1	3.780000E-4	3.399044E-1
6.961295E+1	3.740000E-4	3.402379E-1
6.961289E+1	3.720000E-4	3.405715E-1
6.961285E+1	3.810000E-4	3.409051E-1
6.961279E+1	4.130000E-4	3.412386E-1
6.961275E+1	4.020000E-4	3.415722E-1
6.961269E+1	3.770000E-4	3.419058E-1
6.961265E+1	3.740000E-4	3.422394E-1
6.961259E+1	3.990000E-4	3.425729E-1
6.961254E+1	3.920000E-4	3.429065E-1
6.961250E+1	3.950000E-4	3.432401E-1
6.961244E+1	4.010000E-4	3.435736E-1
6.961240E+1	4.090000E-4	3.439072E-1
6.961234E+1	3.930000E-4	3.442407E-1
6.961230E+1	3.810000E-4	3.445743E-1
6.961224E+1	3.690000E-4	3.449079E-1
6.961220E+1	3.610000E-4	3.452414E-1
6.961214E+1	3.680000E-4	3.455750E-1
6.961210E+1	3.850000E-4	3.459086E-1
6.961205E+1	4.060000E-4	3.462421E-1
6.961199E+1	4.070000E-4	3.465757E-1
6.961195E+1	3.940000E-4	3.469093E-1
6.961189E+1	3.770000E-4	3.472428E-1
6.961185E+1	3.600000E-4	3.475764E-1
6.961179E+1	3.760000E-4	3.479100E-1
6.961175E+1	4.020000E-4	3.482435E-1
6.961169E+1	4.060000E-4	3.485771E-1
6.961165E+1	3.880000E-4	3.489107E-1
6.961160E+1	3.730000E-4	3.492442E-1
6.961154E+1	3.610000E-4	3.495778E-1
6.961150E+1	3.580000E-4	3.499114E-1
6.961144E+1	3.690000E-4	3.502449E-1
6.961140E+1	3.950000E-4	3.505785E-1
6.961134E+1	3.910000E-4	3.509121E-1
6.961130E+1	3.730000E-4	3.512456E-1
6.961124E+1	3.740000E-4	3.515792E-1
6.961120E+1	4.030000E-4	3.519128E-1
6.961115E+1	4.040000E-4	3.522463E-1
6.961109E+1	4.010000E-4	3.525799E-1
6.961105E+1	4.050000E-4	3.529135E-1
6.961099E+1	3.890000E-4	3.532470E-1
6.961095E+1	3.870000E-4	3.535806E-1
6.961089E+1	3.680000E-4	3.539142E-1
6.961085E+1	3.610000E-4	3.542477E-1
6.961079E+1	3.840000E-4	3.545813E-1
6.961075E+1	4.090000E-4	3.549149E-1
6.961069E+1	4.130000E-4	3.552485E-1
6.961064E+1	3.950000E-4	3.555820E-1
6.961060E+1	3.680000E-4	3.559156E-1
6.961054E+1	3.590000E-4	3.562491E-1
6.961050E+1	3.590000E-4	3.565827E-1
6.961044E+1	3.770000E-4	3.569163E-1
6.961040E+1	4.040000E-4	3.572498E-1
6.961034E+1	4.060000E-4	3.575834E-1
6.961030E+1	3.850000E-4	3.579170E-1
6.961024E+1	3.600000E-4	3.582505E-1
6.961019E+1	3.620000E-4	3.585841E-1
6.961015E+1	3.820000E-4	3.589177E-1
6.961009E+1	3.800000E-4	3.592512E-1
6.961005E+1	3.680000E-4	3.595848E-1
6.960999E+1	3.790000E-4	3.599184E-1
6.960995E+1	4.060000E-4	3.602519E-1
6.960989E+1	3.860000E-4	3.605855E-1
6.960985E+1	4.040000E-4	3.609191E-1
6.960979E+1	3.850000E-4	3.612526E-1
6.960974E+1	4.000000E-4	3.615862E-1
6.960970E+1	3.770000E-4	3.619198E-1
6.960964E+1	3.910000E-4	3.622533E-1
6.960960E+1	4.020000E-4	3.625869E-1
6.960954E+1	3.660000E-4	3.629205E-1
6.960950E+1	3.820000E-4	3.632540E-1
6.960944E+1	4.070000E-4	3.635876E-1
6.960940E+1	4.070000E-4	3.639212E-1
6.960934E+1	3.890000E-4	3.642547E-1
6.960930E+1	3.620000E-4	3.645883E-1
6.960925E+1	3.620000E-4	3.649219E-1
6.960919E+1	3.880000E-4	3.652554E-1
6.960915E+1	3.990000E-4	3.655890E-1
6.960909E+1	3.960000E-4	3.659226E-1
6.960905E+1	3.780000E-4	3.662561E-1
6.960899E+1	3.640000E-4	3.665897E-1
