-1.052001E+2	7.329166E-4	0.000000E+0
-1.052501E+2	7.560000E-4	3.335666E-1
-1.053001E+2	7.662500E-4	6.671332E-1
-1.053501E+2	7.708333E-4	1.000700E+0
-1.054001E+2	7.579167E-4	1.334266E+0
-1.054501E+2	7.569166E-4	1.667833E+0
-1.055001E+2	7.421667E-4	2.001400E+0
-1.055501E+2	7.359167E-4	2.334966E+0
-1.056001E+2	7.165000E-4	2.668533E+0
-1.056501E+2	6.979167E-4	3.002100E+0
-1.057001E+2	6.754167E-4	3.335666E+0
-1.057501E+2	6.549167E-4	3.669233E+0
-1.058001E+2	6.443333E-4	4.002800E+0
-1.058501E+2	6.365000E-4	4.336366E+0
-1.059001E+2	6.170833E-4	4.669932E+0
-1.059501E+2	5.970834E-4	5.003499E+0
-1.060001E+2	5.955833E-4	5.337066E+0
-1.060501E+2	5.805833E-4	5.670632E+0
-1.061001E+2	5.735000E-4	6.004199E+0
-1.061501E+2	5.700833E-4	6.337766E+0
-1.062001E+2	5.730000E-4	6.671332E+0
-1.062501E+2	5.650833E-4	7.004899E+0
-1.063001E+2	5.473333E-4	7.338465E+0
-1.063501E+2	5.367500E-4	7.672032E+0
-1.064001E+2	5.385000E-4	8.005599E+0
-1.064501E+2	5.235000E-4	8.339165E+0
-1.065001E+2	5.300833E-4	8.672731E+0
-1.065501E+2	5.070833E-4	9.006298E+0
-1.066001E+2	5.055834E-4	9.339865E+0
-1.066501E+2	5.133334E-4	9.673431E+0
-1.067001E+2	4.991667E-4	1.000700E+1
-1.067501E+2	4.852500E-4	1.034056E+1
-1.068001E+2	4.917500E-4	1.067413E+1
-1.068501E+2	4.880000E-4	1.100770E+1
-1.069001E+2	5.051667E-4	1.134126E+1
-1.069501E+2	4.705833E-4	1.167483E+1
-1.070001E+2	4.644167E-4	1.200840E+1
-1.070501E+2	4.612500E-4	1.234196E+1
-1.071001E+2	4.725833E-4	1.267553E+1
-1.071501E+2	4.771667E-4	1.300910E+1
-1.072001E+2	4.549167E-4	1.334266E+1
-1.072501E+2	4.636667E-4	1.367623E+1
-1.073001E+2	4.589167E-4	1.400980E+1
-1.073501E+2	4.565833E-4	1.434336E+1
-1.074001E+2	4.580000E-4	1.467693E+1
-1.074501E+2	4.445833E-4	1.501050E+1
-1.075001E+2	4.364167E-4	1.534406E+1
-1.075501E+2	4.345000E-4	1.567763E+1
-1.076001E+2	4.455833E-4	1.601120E+1
-1.076501E+2	4.275833E-4	1.634476E+1
-1.077001E+2	4.220000E-4	1.667833E+1
-1.077501E+2	4.228333E-4	1.701190E+1
-1.078001E+2	4.273333E-4	1.734546E+1
-1.078501E+2	4.235000E-4	1.767903E+1
-1.079001E+2	4.366667E-4	1.801260E+1
-1.079501E+2	4.144167E-4	1.834616E+1
-1.080001E+2	4.120833E-4	1.867973E+1
-1.080501E+2	4.201667E-4	1.901330E+1
-1.081001E+2	4.203333E-4	1.934686E+1
-1.081501E+2	4.169167E-4	1.968043E+1
-1.082001E+2	4.167500E-4	2.001400E+1
-1.082501E+2	4.038333E-4	2.034756E+1
-1.083001E+2	4.047500E-4	2.068113E+1
-1.083501E+2	4.047500E-4	2.101470E+1
-1.084001E+2	4.092500E-4	2.134826E+1
-1.084501E+2	3.916667E-4	2.168183E+1
-1.085001E+2	3.944167E-4	2.201540E+1
-1.085501E+2	3.935833E-4	2.234896E+1
-1.086001E+2	4.035000E-4	2.268253E+1
-1.086501E+2	3.971667E-4	2.301610E+1
-1.087001E+2	3.875000E-4	2.334966E+1
-1.087501E+2	3.896667E-4	2.368323E+1
-1.088001E+2	3.867500E-4	2.401680E+1
-1.088501E+2	4.019167E-4	2.435036E+1
-1.089001E+2	3.930000E-4	2.468393E+1
-1.089501E+2	3.823333E-4	2.501750E+1
-1.090001E+2	3.832500E-4	2.535106E+1
-1.090501E+2	3.952500E-4	2.568463E+1
-1.091001E+2	4.150000E-4	2.601820E+1
-1.091501E+2	4.025833E-4	2.635176E+1
-1.092001E+2	3.770000E-4	2.668533E+1
-1.092501E+2	3.855000E-4	2.701890E+1
-1.093001E+2	3.852500E-4	2.735246E+1
-1.093501E+2	3.903333E-4	2.768603E+1
-1.094001E+2	3.812500E-4	2.801959E+1
-1.094501E+2	3.825000E-4	2.835316E+1
-1.095001E+2	3.915000E-4	2.868673E+1
-1.095501E+2	5.229167E-4	2.902029E+1
-1.096001E+2	4.236667E-4	2.935386E+1
-1.096501E+2	3.786667E-4	2.968743E+1
-1.097001E+2	3.794167E-4	3.002099E+1
-1.097501E+2	3.761667E-4	3.035456E+1
-1.098001E+2	3.780833E-4	3.068813E+1
-1.098501E+2	3.755833E-4	3.102169E+1
-1.099001E+2	3.747500E-4	3.135526E+1
-1.099501E+2	3.755833E-4	3.168883E+1
-1.100001E+2	3.869167E-4	3.202240E+1
-1.100501E+2	3.786667E-4	3.235596E+1
-1.101001E+2	3.745833E-4	3.268953E+1
-1.101501E+2	3.704167E-4	3.302309E+1
-1.102001E+2	3.761667E-4	3.335666E+1
-1.102501E+2	3.783333E-4	3.369023E+1
-1.103001E+2	3.692500E-4	3.402379E+1
-1.103501E+2	3.818333E-4	3.435736E+1
-1.104001E+2	3.864167E-4	3.469093E+1
-1.104501E+2	3.699167E-4	3.502449E+1
-1.105001E+2	3.709167E-4	3.535806E+1
-1.105501E+2	3.685000E-4	3.569163E+1
-1.106001E+2	3.620833E-4	3.602519E+1
-1.106501E+2	3.712500E-4	3.635876E+1
-1.107001E+2	3.815000E-4	3.669233E+1
-1.107501E+2	3.732500E-4	3.702589E+1
-1.108001E+2	3.712500E-4	3.735946E+1
-1.108501E+2	3.577500E-4	3.769303E+1
-1.109001E+2	3.675833E-4	3.802659E+1
-1.109501E+2	3.650000E-4	3.836016E+1
-1.110001E+2	3.708333E-4	3.869373E+1
-1.110501E+2	3.628333E-4	3.902729E+1
-1.111001E+2	3.606667E-4	3.936086E+1
-1.111501E+2	3.633333E-4	3.969443E+1
-1.112001E+2	3.602500E-4	4.002799E+1
-1.112501E+2	3.704167E-4	4.036156E+1
-1.113001E+2	3.826667E-4	4.069513E+1
-1.113501E+2	3.587500E-4	4.102869E+1
-1.114001E+2	3.698333E-4	4.136226E+1
-1.114501E+2	3.706667E-4	4.169583E+1
-1.115001E+2	3.613333E-4	4.202939E+1
-1.115501E+2	3.842500E-4	4.236296E+1
-1.116001E+2	3.582500E-4	4.269653E+1
-1.116501E+2	3.767500E-4	4.303009E+1
-1.117001E+2	3.616667E-4	4.336366E+1
-1.117501E+2	3.600000E-4	4.369723E+1
-1.118001E+2	3.682500E-4	4.403079E+1
-1.118501E+2	3.695833E-4	4.436436E+1
-1.119001E+2	3.741667E-4	4.469793E+1
-1.119501E+2	3.734167E-4	4.503149E+1
-1.120001E+2	3.649167E-4	4.536506E+1
-1.120501E+2	3.718333E-4	4.569862E+1
-1.121001E+2	3.714167E-4	4.603219E+1
-1.121501E+2	3.780000E-4	4.636576E+1
-1.122001E+2	3.720000E-4	4.669933E+1
-1.122501E+2	3.656667E-4	4.703289E+1
-1.123001E+2	3.525000E-4	4.736646E+1
-1.123501E+2	3.689167E-4	4.770002E+1
-1.124001E+2	3.692500E-4	4.803359E+1
-1.124501E+2	3.581667E-4	4.836716E+1
-1.125001E+2	3.594167E-4	4.870073E+1
-1.125501E+2	3.636667E-4	4.903429E+1
-1.126001E+2	3.561667E-4	4.936786E+1
-1.126501E+2	3.727500E-4	4.970142E+1
-1.127001E+2	3.607500E-4	5.003499E+1
-1.127501E+2	3.766667E-4	5.036856E+1
-1.128001E+2	3.567500E-4	5.070213E+1
-1.128501E+2	3.678333E-4	5.103569E+1
-1.129001E+2	3.612500E-4	5.136926E+1
-1.129501E+2	3.628333E-4	5.170282E+1
-1.130001E+2	3.665833E-4	5.203639E+1
-1.130501E+2	3.525000E-4	5.236996E+1
-1.131001E+2	3.609167E-4	5.270353E+1
-1.131501E+2	3.590833E-4	5.303709E+1
-1.132001E+2	3.645833E-4	5.337066E+1
-1.132501E+2	3.600833E-4	5.370422E+1
-1.133001E+2	3.775000E-4	5.403779E+1
-1.133501E+2	3.692500E-4	5.437136E+1
-1.134001E+2	3.682500E-4	5.470493E+1
-1.134501E+2	3.715000E-4	5.503849E+1
-1.135001E+2	3.753333E-4	5.537206E+1
-1.135501E+2	3.518333E-4	5.570562E+1
-1.136001E+2	3.567500E-4	5.603919E+1
-1.136501E+2	3.552500E-4	5.637276E+1
-1.137001E+2	3.674167E-4	5.670632E+1
-1.137501E+2	3.636667E-4	5.703989E+1
-1.138001E+2	3.512500E-4	5.737346E+1
-1.138501E+2	3.540833E-4	5.770702E+1
-1.139001E+2	3.605000E-4	5.804059E+1
-1.139501E+2	3.601667E-4	5.837416E+1
-1.140001E+2	3.675833E-4	5.870772E+1
-1.140501E+2	3.575833E-4	5.904129E+1
-1.141001E+2	3.530000E-4	5.937486E+1
-1.141501E+2	3.555833E-4	5.970842E+1
-1.142001E+2	3.694167E-4	6.004199E+1
-1.142501E+2	3.594167E-4	6.037556E+1
-1.143001E+2	3.704167E-4	6.070912E+1
-1.143501E+2	3.565000E-4	6.104269E+1
-1.144001E+2	3.562500E-4	6.137626E+1
-1.144501E+2	3.787500E-4	6.170982E+1
-1.145001E+2	3.608333E-4	6.204339E+1
-1.145501E+2	3.476667E-4	6.237696E+1
-1.146001E+2	3.714167E-4	6.271052E+1
-1.146501E+2	3.715000E-4	6.304409E+1
-1.147001E+2	3.663333E-4	6.337766E+1
-1.147501E+2	3.623333E-4	6.371122E+1
-1.148001E+2	3.590000E-4	6.404479E+1
-1.148501E+2	3.650833E-4	6.437836E+1
-1.149001E+2	3.785000E-4	6.471192E+1
-1.149501E+2	3.716667E-4	6.504549E+1
-1.150001E+2	3.665833E-4	6.537906E+1
-1.150501E+2	3.783333E-4	6.571262E+1
-1.151001E+2	3.763333E-4	6.604619E+1
-1.151501E+2	3.765833E-4	6.637975E+1
