-1.052001E+2	6.639524E-4	9.480533E-14
-1.052071E+2	6.862857E-4	4.669933E-2
-1.052141E+2	6.880000E-4	9.339865E-2
-1.052211E+2	6.833333E-4	1.400980E-1
-1.052281E+2	6.725238E-4	1.867973E-1
-1.052351E+2	6.734762E-4	2.334966E-1
-1.052421E+2	6.785714E-4	2.801960E-1
-1.052491E+2	6.865238E-4	3.268953E-1
-1.052561E+2	6.761429E-4	3.735946E-1
-1.052631E+2	6.766191E-4	4.202939E-1
-1.052701E+2	6.897143E-4	4.669932E-1
-1.052771E+2	6.844286E-4	5.136926E-1
-1.052841E+2	6.796190E-4	5.603919E-1
-1.052911E+2	6.782381E-4	6.070912E-1
-1.052981E+2	6.689524E-4	6.537905E-1
-1.053051E+2	6.761905E-4	7.004899E-1
-1.053121E+2	6.676667E-4	7.471892E-1
-1.053191E+2	6.750476E-4	7.938885E-1
-1.053261E+2	6.791428E-4	8.405879E-1
-1.053331E+2	6.829524E-4	8.872872E-1
-1.053401E+2	6.810000E-4	9.339865E-1
-1.053471E+2	6.860952E-4	9.806858E-1
-1.053541E+2	6.778571E-4	1.027385E+0
-1.053611E+2	6.747619E-4	1.074085E+0
-1.053681E+2	6.790952E-4	1.120784E+0
-1.053751E+2	6.784762E-4	1.167483E+0
-1.053821E+2	6.850953E-4	1.214182E+0
-1.053891E+2	6.846191E-4	1.260882E+0
-1.053961E+2	6.843333E-4	1.307581E+0
-1.054031E+2	6.992381E-4	1.354280E+0
-1.054101E+2	6.920953E-4	1.400980E+0
-1.054171E+2	7.005714E-4	1.447679E+0
-1.054241E+2	6.900476E-4	1.494378E+0
-1.054311E+2	6.941428E-4	1.541078E+0
-1.054381E+2	6.822381E-4	1.587777E+0
-1.054451E+2	6.801905E-4	1.634476E+0
-1.054521E+2	6.846191E-4	1.681176E+0
-1.054591E+2	6.777619E-4	1.727875E+0
-1.054661E+2	6.781905E-4	1.774574E+0
-1.054731E+2	6.815238E-4	1.821274E+0
-1.054801E+2	6.737619E-4	1.867973E+0
-1.054871E+2	6.670476E-4	1.914672E+0
-1.054941E+2	6.681429E-4	1.961372E+0
-1.055011E+2	6.596191E-4	2.008071E+0
-1.055081E+2	6.503810E-4	2.054770E+0
-1.055151E+2	6.488095E-4	2.101470E+0
-1.055221E+2	6.518095E-4	2.148169E+0
-1.055291E+2	6.370476E-4	2.194868E+0
-1.055361E+2	6.383809E-4	2.241568E+0
-1.055431E+2	6.354286E-4	2.288267E+0
-1.055501E+2	6.361905E-4	2.334966E+0
-1.055571E+2	6.278572E-4	2.381665E+0
-1.055641E+2	6.225714E-4	2.428365E+0
-1.055711E+2	6.202381E-4	2.475064E+0
-1.055781E+2	6.310953E-4	2.521764E+0
-1.055851E+2	6.261428E-4	2.568463E+0
-1.055921E+2	6.143809E-4	2.615162E+0
-1.055991E+2	6.018095E-4	2.661861E+0
-1.056061E+2	6.082381E-4	2.708561E+0
-1.056131E+2	6.014286E-4	2.755260E+0
-1.056201E+2	5.965714E-4	2.801960E+0
-1.056271E+2	5.970952E-4	2.848659E+0
-1.056341E+2	5.994285E-4	2.895358E+0
-1.056411E+2	5.952381E-4	2.942057E+0
-1.056481E+2	5.906667E-4	2.988757E+0
-1.056551E+2	5.826190E-4	3.035456E+0
-1.056621E+2	5.938571E-4	3.082155E+0
-1.056691E+2	5.752857E-4	3.128855E+0
-1.056761E+2	5.814762E-4	3.175554E+0
-1.056831E+2	5.769524E-4	3.222253E+0
-1.056901E+2	5.779524E-4	3.268953E+0
-1.056971E+2	5.585714E-4	3.315652E+0
-1.057041E+2	5.510476E-4	3.362351E+0
-1.057111E+2	5.597143E-4	3.409051E+0
-1.057181E+2	5.687619E-4	3.455750E+0
-1.057251E+2	5.569524E-4	3.502449E+0
-1.057321E+2	5.494286E-4	3.549149E+0
-1.057391E+2	5.600952E-4	3.595848E+0
-1.057461E+2	5.600476E-4	3.642547E+0
-1.057531E+2	5.509524E-4	3.689247E+0
-1.057601E+2	5.401905E-4	3.735946E+0
-1.057671E+2	5.500952E-4	3.782645E+0
-1.057741E+2	5.510476E-4	3.829345E+0
-1.057811E+2	5.468095E-4	3.876044E+0
-1.057881E+2	5.452857E-4	3.922743E+0
-1.057951E+2	5.366190E-4	3.969443E+0
-1.058021E+2	5.389524E-4	4.016142E+0
-1.058091E+2	5.345714E-4	4.062841E+0
-1.058161E+2	5.367143E-4	4.109540E+0
-1.058231E+2	5.281905E-4	4.156240E+0
-1.058301E+2	5.273810E-4	4.202939E+0
-1.058371E+2	5.265238E-4	4.249639E+0
-1.058441E+2	5.274762E-4	4.296338E+0
-1.058511E+2	5.235238E-4	4.343037E+0
-1.058581E+2	5.253810E-4	4.389737E+0
-1.058651E+2	5.203810E-4	4.436436E+0
-1.058721E+2	5.167619E-4	4.483135E+0
-1.058791E+2	5.110000E-4	4.529835E+0
-1.058861E+2	5.205238E-4	4.576534E+0
-1.058931E+2	5.045714E-4	4.623233E+0
-1.059001E+2	5.078571E-4	4.669932E+0
-1.059071E+2	5.024286E-4	4.716632E+0
-1.059141E+2	5.027143E-4	4.763331E+0
-1.059211E+2	5.070000E-4	4.810030E+0
-1.059281E+2	5.026667E-4	4.856730E+0
-1.059351E+2	4.946191E-4	4.903429E+0
-1.059421E+2	4.999047E-4	4.950129E+0
-1.059491E+2	4.909048E-4	4.996828E+0
-1.059561E+2	4.987143E-4	5.043527E+0
-1.059631E+2	4.970476E-4	5.090227E+0
-1.059701E+2	5.071905E-4	5.136926E+0
-1.059771E+2	4.884286E-4	5.183625E+0
-1.059841E+2	4.812381E-4	5.230324E+0
-1.059911E+2	4.832857E-4	5.277024E+0
-1.059981E+2	4.871905E-4	5.323723E+0
-1.060051E+2	4.969524E-4	5.370422E+0
-1.060121E+2	4.924762E-4	5.417122E+0
-1.060191E+2	4.871905E-4	5.463821E+0
-1.060261E+2	4.862381E-4	5.510520E+0
-1.060331E+2	4.742857E-4	5.557220E+0
-1.060401E+2	4.895238E-4	5.603919E+0
-1.060471E+2	4.948571E-4	5.650619E+0
-1.060541E+2	4.932857E-4	5.697318E+0
-1.060611E+2	4.856190E-4	5.744017E+0
-1.060681E+2	4.709524E-4	5.790716E+0
-1.060751E+2	4.764762E-4	5.837416E+0
-1.060821E+2	4.685238E-4	5.884115E+0
-1.060891E+2	4.716190E-4	5.930814E+0
-1.060961E+2	4.720000E-4	5.977514E+0
-1.061031E+2	4.705238E-4	6.024213E+0
-1.061101E+2	4.719524E-4	6.070912E+0
-1.061171E+2	4.704286E-4	6.117611E+0
-1.061241E+2	4.614286E-4	6.164311E+0
-1.061311E+2	4.620000E-4	6.211010E+0
-1.061381E+2	4.645714E-4	6.257710E+0
-1.061451E+2	4.561429E-4	6.304409E+0
-1.061521E+2	4.562381E-4	6.351108E+0
-1.061591E+2	4.540953E-4	6.397808E+0
-1.061661E+2	4.552381E-4	6.444507E+0
-1.061731E+2	4.456667E-4	6.491206E+0
-1.061801E+2	4.484286E-4	6.537906E+0
-1.061871E+2	4.479047E-4	6.584605E+0
-1.061941E+2	4.478571E-4	6.631304E+0
-1.062011E+2	4.494286E-4	6.678003E+0
-1.062081E+2	4.558571E-4	6.724703E+0
-1.062151E+2	4.460952E-4	6.771402E+0
-1.062221E+2	4.399524E-4	6.818101E+0
-1.062291E+2	4.360476E-4	6.864801E+0
-1.062361E+2	4.294762E-4	6.911500E+0
-1.062431E+2	4.397619E-4	6.958200E+0
-1.062501E+2	4.438095E-4	7.004899E+0
-1.062571E+2	4.407143E-4	7.051598E+0
-1.062641E+2	4.304762E-4	7.098298E+0
-1.062711E+2	4.349048E-4	7.144997E+0
-1.062781E+2	4.455714E-4	7.191696E+0
-1.062851E+2	4.394286E-4	7.238395E+0
-1.062921E+2	4.339048E-4	7.285095E+0
-1.062991E+2	4.271905E-4	7.331794E+0
-1.063061E+2	4.355714E-4	7.378493E+0
-1.063131E+2	4.269048E-4	7.425193E+0
-1.063201E+2	4.271429E-4	7.471892E+0
-1.063271E+2	4.336667E-4	7.518591E+0
-1.063341E+2	4.239524E-4	7.565290E+0
-1.063411E+2	4.189524E-4	7.611990E+0
-1.063481E+2	4.252381E-4	7.658689E+0
-1.063551E+2	4.271429E-4	7.705389E+0
-1.063621E+2	4.190476E-4	7.752088E+0
-1.063691E+2	4.311905E-4	7.798787E+0
-1.063761E+2	4.181905E-4	7.845487E+0
-1.063831E+2	4.241905E-4	7.892186E+0
-1.063901E+2	4.206667E-4	7.938885E+0
-1.063971E+2	4.249047E-4	7.985585E+0
-1.064041E+2	4.235714E-4	8.032284E+0
-1.064111E+2	4.307143E-4	8.078983E+0
-1.064181E+2	4.171428E-4	8.125683E+0
-1.064251E+2	4.157619E-4	8.172382E+0
-1.064321E+2	4.178095E-4	8.219081E+0
-1.064391E+2	4.129048E-4	8.265780E+0
-1.064461E+2	4.071905E-4	8.312480E+0
-1.064531E+2	4.104286E-4	8.359179E+0
-1.064601E+2	4.164762E-4	8.405878E+0
-1.064671E+2	4.112381E-4	8.452578E+0
-1.064741E+2	4.199524E-4	8.499277E+0
-1.064811E+2	4.136190E-4	8.545977E+0
-1.064881E+2	4.181429E-4	8.592676E+0
-1.064951E+2	4.169524E-4	8.639375E+0
-1.065021E+2	4.259524E-4	8.686074E+0
-1.065091E+2	4.059047E-4	8.732774E+0
-1.065161E+2	4.070476E-4	8.779473E+0
-1.065231E+2	4.133333E-4	8.826173E+0
-1.065301E+2	4.075714E-4	8.872871E+0
-1.065371E+2	4.028571E-4	8.919571E+0
-1.065441E+2	4.015238E-4	8.966270E+0
-1.065511E+2	4.014762E-4	9.012970E+0
-1.065581E+2	3.938571E-4	9.059669E+0
-1.065651E+2	4.009048E-4	9.106368E+0
-1.065721E+2	4.076191E-4	9.153068E+0
-1.065791E+2	4.041429E-4	9.199767E+0
-1.065861E+2	3.993810E-4	9.246467E+0
-1.065931E+2	4.029048E-4	9.293166E+0
-1.066001E+2	3.999524E-4	9.339865E+0
-1.066071E+2	3.903809E-4	9.386564E+0
-1.066141E+2	4.044762E-4	9.433264E+0
-1.066211E+2	3.954286E-4	9.479963E+0
-1.066281E+2	3.962857E-4	9.526662E+0
-1.066351E+2	3.918095E-4	9.573361E+0
-1.066421E+2	3.895238E-4	9.620061E+0
-1.066491E+2	3.908571E-4	9.666760E+0
-1.066561E+2	3.844286E-4	9.713460E+0
-1.066631E+2	3.857619E-4	9.760159E+0
-1.066701E+2	3.894286E-4	9.806858E+0
-1.066771E+2	3.912381E-4	9.853558E+0
-1.066841E+2	3.898095E-4	9.900257E+0
-1.066911E+2	3.968095E-4	9.946957E+0
-1.066981E+2	3.900000E-4	9.993655E+0
-1.067051E+2	3.862381E-4	1.004035E+1
-1.067121E+2	3.770476E-4	1.008705E+1
-1.067191E+2	3.843333E-4	1.013375E+1
-1.067261E+2	3.762381E-4	1.018045E+1
-1.067331E+2	3.852857E-4	1.022715E+1
-1.067401E+2	3.787619E-4	1.027385E+1
-1.067471E+2	3.812381E-4	1.032055E+1
-1.067541E+2	3.844762E-4	1.036725E+1
-1.067611E+2	3.762857E-4	1.041395E+1
-1.067681E+2	3.849048E-4	1.046065E+1
-1.067751E+2	3.736191E-4	1.050735E+1
-1.067821E+2	3.820000E-4	1.055405E+1
-1.067891E+2	3.698095E-4	1.060075E+1
-1.067961E+2	3.741429E-4	1.064745E+1
-1.068031E+2	3.819048E-4	1.069415E+1
-1.068101E+2	3.769524E-4	1.074084E+1
-1.068171E+2	3.800952E-4	1.078754E+1
-1.068241E+2	3.716667E-4	1.083424E+1
-1.068311E+2	3.732857E-4	1.088094E+1
-1.068381E+2	3.690952E-4	1.092764E+1
-1.068451E+2	3.708095E-4	1.097434E+1
-1.068521E+2	3.637143E-4	1.102104E+1
-1.068591E+2	3.660476E-4	1.106774E+1
-1.068661E+2	3.717619E-4	1.111444E+1
-1.068731E+2	3.772381E-4	1.116114E+1
-1.068801E+2	3.736191E-4	1.120784E+1
-1.068871E+2	3.677143E-4	1.125454E+1
-1.068941E+2	3.714286E-4	1.130124E+1
-1.069011E+2	3.745714E-4	1.134794E+1
-1.069081E+2	3.610952E-4	1.139464E+1
-1.069151E+2	3.652857E-4	1.144133E+1
-1.069221E+2	3.754762E-4	1.148803E+1
-1.069291E+2	3.721905E-4	1.153473E+1
-1.069361E+2	3.685714E-4	1.158143E+1
-1.069431E+2	3.694286E-4	1.162813E+1
-1.069501E+2	3.646190E-4	1.167483E+1
-1.069571E+2	3.742381E-4	1.172153E+1
-1.069641E+2	3.696191E-4	1.176823E+1
-1.069711E+2	3.621429E-4	1.181493E+1
-1.069781E+2	3.525714E-4	1.186163E+1
-1.069851E+2	3.607619E-4	1.190833E+1
-1.069921E+2	3.585238E-4	1.195503E+1
-1.069991E+2	3.600952E-4	1.200173E+1
-1.070061E+2	2.903333E-4	1.204843E+1
-1.070131E+2	3.552381E-4	1.209513E+1
-1.070201E+2	3.606667E-4	1.214182E+1
-1.070271E+2	3.655714E-4	1.218852E+1
-1.070341E+2	3.700476E-4	1.223522E+1
-1.070411E+2	3.550952E-4	1.228192E+1
-1.070481E+2	3.566190E-4	1.232862E+1
-1.070551E+2	3.556667E-4	1.237532E+1
-1.070621E+2	3.566667E-4	1.242202E+1
-1.070691E+2	3.563809E-4	1.246872E+1
-1.070761E+2	3.583333E-4	1.251542E+1
-1.070831E+2	3.490000E-4	1.256212E+1
-1.070901E+2	3.804286E-4	1.260882E+1
-1.070971E+2	3.635714E-4	1.265552E+1
-1.071041E+2	3.479048E-4	1.270222E+1
-1.071111E+2	3.356667E-4	1.274892E+1
-1.071181E+2	3.607619E-4	1.279562E+1
-1.071251E+2	3.450476E-4	1.284231E+1
-1.071321E+2	3.540476E-4	1.288901E+1
-1.071391E+2	3.624286E-4	1.293571E+1
-1.071461E+2	3.496667E-4	1.298241E+1
-1.071531E+2	3.334762E-4	1.302911E+1
-1.071601E+2	3.438095E-4	1.307581E+1
-1.071671E+2	3.393333E-4	1.312251E+1
-1.071741E+2	3.464762E-4	1.316921E+1
-1.071811E+2	3.450476E-4	1.321591E+1
-1.071881E+2	3.466667E-4	1.326261E+1
-1.071951E+2	3.442381E-4	1.330931E+1
-1.072021E+2	3.526667E-4	1.335601E+1
-1.072091E+2	3.486190E-4	1.340271E+1
-1.072161E+2	3.468095E-4	1.344941E+1
-1.072231E+2	3.448571E-4	1.349611E+1
-1.072301E+2	3.450952E-4	1.354280E+1
-1.072371E+2	3.402857E-4	1.358950E+1
-1.072441E+2	3.360000E-4	1.363620E+1
-1.072511E+2	3.440476E-4	1.368290E+1
-1.072581E+2	3.527619E-4	1.372960E+1
-1.072651E+2	3.400952E-4	1.377630E+1
-1.072721E+2	3.402857E-4	1.382300E+1
-1.072791E+2	3.450952E-4	1.386970E+1
-1.072861E+2	3.436191E-4	1.391640E+1
-1.072931E+2	3.531429E-4	1.396310E+1
