-1.010001E+2	1.353939E-3	9.480533E-14
-1.011701E+2	1.400606E-3	1.134126E+0
-1.013401E+2	1.403636E-3	2.268253E+0
-1.015101E+2	1.322121E-3	3.402380E+0
-1.016801E+2	1.075455E-3	4.536506E+0
-1.018501E+2	8.687879E-4	5.670632E+0
-1.020201E+2	7.672727E-4	6.804759E+0
-1.021901E+2	6.787879E-4	7.938885E+0
-1.023601E+2	6.390909E-4	9.073011E+0
-1.025301E+2	5.951515E-4	1.020714E+1
-1.027001E+2	5.572728E-4	1.134126E+1
-1.028701E+2	5.469697E-4	1.247539E+1
-1.030401E+2	5.436364E-4	1.360952E+1
-1.032101E+2	5.306061E-4	1.474364E+1
-1.033801E+2	5.130303E-4	1.587777E+1
-1.035501E+2	5.030303E-4	1.701190E+1
-1.037201E+2	5.096970E-4	1.814602E+1
-1.038901E+2	5.057576E-4	1.928015E+1
-1.040601E+2	5.163637E-4	2.041428E+1
-1.042301E+2	5.106060E-4	2.154840E+1
-1.044001E+2	5.151515E-4	2.268253E+1
-1.045701E+2	5.078788E-4	2.381666E+1
-1.047401E+2	5.133334E-4	2.495078E+1
-1.049101E+2	5.084848E-4	2.608491E+1
-1.050801E+2	5.172727E-4	2.721904E+1
-1.052501E+2	5.112121E-4	2.835316E+1
-1.054201E+2	5.230303E-4	2.948729E+1
-1.055901E+2	5.293940E-4	3.062141E+1
-1.057601E+2	5.366667E-4	3.175554E+1
-1.059301E+2	5.421212E-4	3.288967E+1
-1.061001E+2	5.412121E-4	3.402379E+1
-1.062701E+2	5.484849E-4	3.515792E+1
-1.064401E+2	5.439394E-4	3.629205E+1
-1.066101E+2	5.503030E-4	3.742617E+1
-1.067801E+2	5.548485E-4	3.856030E+1
-1.069501E+2	5.630303E-4	3.969443E+1
-1.071201E+2	5.548485E-4	4.082855E+1
-1.072901E+2	5.581818E-4	4.196268E+1
-1.074601E+2	5.745455E-4	4.309681E+1
-1.076301E+2	5.790909E-4	4.423093E+1
-1.078001E+2	5.593940E-4	4.536506E+1
-1.079701E+2	5.503030E-4	4.649918E+1
-1.081401E+2	5.790909E-4	4.763331E+1
-1.083101E+2	5.790909E-4	4.876744E+1
-1.084801E+2	5.790909E-4	4.990157E+1
-1.086501E+2	5.784848E-4	5.103569E+1
-1.088201E+2	5.766667E-4	5.216982E+1
-1.089901E+2	5.927273E-4	5.330394E+1
-1.091601E+2	5.990909E-4	5.443807E+1
-1.093301E+2	6.121212E-4	5.557220E+1
-1.095001E+2	6.048485E-4	5.670632E+1
-1.096701E+2	6.151515E-4	5.784045E+1
-1.098401E+2	6.081818E-4	5.897458E+1
-1.100101E+2	6.187879E-4	6.010870E+1
-1.101801E+2	6.203030E-4	6.124283E+1
-1.103501E+2	6.263636E-4	6.237696E+1
-1.105201E+2	6.296970E-4	6.351108E+1
-1.106901E+2	6.281818E-4	6.464521E+1
-1.108601E+2	6.393939E-4	6.577934E+1
-1.110301E+2	6.415151E-4	6.691346E+1
-1.112001E+2	6.381818E-4	6.804758E+1
-1.113701E+2	6.269697E-4	6.918172E+1
-1.115401E+2	6.481818E-4	7.031584E+1
-1.117101E+2	6.412121E-4	7.144997E+1
-1.118801E+2	6.527273E-4	7.258409E+1
-1.120501E+2	6.606061E-4	7.371822E+1
-1.122201E+2	6.624243E-4	7.485235E+1
-1.123901E+2	6.509091E-4	7.598647E+1
-1.125601E+2	6.578788E-4	7.712060E+1
-1.127301E+2	6.703030E-4	7.825472E+1
-1.129001E+2	6.693939E-4	7.938885E+1
-1.130701E+2	6.727273E-4	8.052298E+1
-1.132401E+2	6.787879E-4	8.165710E+1
-1.134101E+2	6.769697E-4	8.279123E+1
-1.135801E+2	6.890909E-4	8.392536E+1
-1.137501E+2	6.815151E-4	8.505949E+1
-1.139201E+2	6.790909E-4	8.619361E+1
-1.140901E+2	6.909091E-4	8.732774E+1
-1.142601E+2	6.778788E-4	8.846186E+1
-1.144301E+2	7.009091E-4	8.959599E+1
-1.146001E+2	7.021212E-4	9.073012E+1
-1.147701E+2	6.984848E-4	9.186424E+1
-1.149401E+2	7.042424E-4	9.299837E+1
-1.151101E+2	6.918182E-4	9.413250E+1
-1.152801E+2	7.048485E-4	9.526662E+1
-1.154501E+2	6.993939E-4	9.640075E+1
-1.156201E+2	7.103030E-4	9.753487E+1
-1.157901E+2	7.066667E-4	9.866900E+1
-1.159601E+2	7.121212E-4	9.980313E+1
-1.161301E+2	7.227273E-4	1.009373E+2
-1.163001E+2	7.221212E-4	1.020714E+2
-1.164701E+2	7.163637E-4	1.032055E+2
-1.166401E+2	7.203030E-4	1.043396E+2
-1.168101E+2	7.281818E-4	1.054738E+2
-1.169801E+2	7.293939E-4	1.066079E+2
-1.171501E+2	7.187879E-4	1.077420E+2
-1.173201E+2	7.184849E-4	1.088761E+2
-1.174901E+2	7.321212E-4	1.100103E+2
-1.176601E+2	7.287879E-4	1.111444E+2
-1.178301E+2	7.412121E-4	1.122785E+2
-1.180001E+2	7.390909E-4	1.134126E+2
-1.181701E+2	7.390909E-4	1.145468E+2
-1.183401E+2	7.506061E-4	1.156809E+2
-1.185101E+2	7.551515E-4	1.168150E+2
-1.186801E+2	7.475758E-4	1.179492E+2
-1.188501E+2	7.463637E-4	1.190833E+2
-1.190201E+2	7.409091E-4	1.202174E+2
-1.191901E+2	7.548485E-4	1.213515E+2
-1.193601E+2	7.554545E-4	1.224857E+2
-1.195301E+2	7.569697E-4	1.236198E+2
-1.197001E+2	7.484849E-4	1.247539E+2
-1.198701E+2	7.551515E-4	1.258880E+2
-1.200401E+2	7.496970E-4	1.270222E+2
-1.202101E+2	7.609091E-4	1.281563E+2
-1.203801E+2	7.627273E-4	1.292904E+2
-1.205501E+2	7.584848E-4	1.304245E+2
-1.207201E+2	7.666667E-4	1.315587E+2
-1.208901E+2	7.675758E-4	1.326928E+2
-1.210601E+2	7.751515E-4	1.338269E+2
-1.212301E+2	7.618182E-4	1.349610E+2
-1.214001E+2	7.587878E-4	1.360952E+2
-1.215701E+2	7.606061E-4	1.372293E+2
-1.217401E+2	7.690909E-4	1.383634E+2
-1.219101E+2	7.669697E-4	1.394976E+2
-1.220801E+2	7.790909E-4	1.406317E+2
-1.222501E+2	7.666667E-4	1.417658E+2
-1.224201E+2	7.790909E-4	1.428999E+2
-1.225901E+2	7.818182E-4	1.440341E+2
-1.227601E+2	7.903030E-4	1.451682E+2
-1.229301E+2	7.800000E-4	1.463023E+2
-1.231001E+2	7.927273E-4	1.474364E+2
-1.232701E+2	7.896970E-4	1.485706E+2
-1.234401E+2	7.818182E-4	1.497047E+2
-1.236101E+2	7.445455E-4	1.508388E+2
-1.237801E+2	7.900000E-4	1.519729E+2
-1.239501E+2	7.951515E-4	1.531071E+2
-1.241201E+2	7.978788E-4	1.542412E+2
-1.242901E+2	7.993939E-4	1.553753E+2
-1.244601E+2	8.084849E-4	1.565094E+2
-1.246301E+2	7.884849E-4	1.576436E+2
-1.248001E+2	7.906061E-4	1.587777E+2
-1.249701E+2	7.945455E-4	1.599118E+2
-1.251401E+2	8.030303E-4	1.610460E+2
-1.253101E+2	8.045455E-4	1.621801E+2
-1.254801E+2	8.160606E-4	1.633142E+2
-1.256501E+2	8.148485E-4	1.644483E+2
-1.258201E+2	8.184849E-4	1.655825E+2
-1.259901E+2	8.136363E-4	1.667166E+2
-1.261601E+2	8.233333E-4	1.678507E+2
-1.263301E+2	8.324243E-4	1.689848E+2
-1.265001E+2	8.169697E-4	1.701190E+2
-1.266701E+2	8.236364E-4	1.712531E+2
-1.268401E+2	8.239394E-4	1.723872E+2
-1.270101E+2	8.184849E-4	1.735213E+2
-1.271801E+2	8.163636E-4	1.746555E+2
-1.273501E+2	8.254545E-4	1.757896E+2
-1.275201E+2	8.175758E-4	1.769237E+2
-1.276901E+2	8.287879E-4	1.780579E+2
-1.278601E+2	8.245455E-4	1.791920E+2
-1.280301E+2	8.278788E-4	1.803261E+2
-1.282001E+2	8.427273E-4	1.814602E+2
-1.283701E+2	8.342424E-4	1.825944E+2
-1.285401E+2	8.348485E-4	1.837285E+2
-1.287101E+2	8.390909E-4	1.848626E+2
-1.288801E+2	8.290909E-4	1.859967E+2
-1.290501E+2	8.384848E-4	1.871309E+2
-1.292201E+2	8.345455E-4	1.882650E+2
-1.293901E+2	8.187879E-4	1.893991E+2
-1.295601E+2	8.348485E-4	1.905332E+2
-1.297301E+2	8.378788E-4	1.916674E+2
-1.299001E+2	8.424242E-4	1.928015E+2
-1.300701E+2	8.439394E-4	1.939356E+2
-1.302401E+2	8.500000E-4	1.950697E+2
-1.304101E+2	8.427273E-4	1.962039E+2
-1.305801E+2	8.448485E-4	1.973380E+2
-1.307501E+2	8.378788E-4	1.984721E+2
-1.309201E+2	8.512121E-4	1.996063E+2
-1.310901E+2	8.500000E-4	2.007404E+2
-1.312601E+2	8.463637E-4	2.018745E+2
-1.314301E+2	8.493940E-4	2.030086E+2
-1.316001E+2	8.709091E-4	2.041428E+2
-1.317701E+2	8.409091E-4	2.052769E+2
-1.319401E+2	8.493940E-4	2.064110E+2
-1.321101E+2	8.554545E-4	2.075452E+2
-1.322801E+2	8.648485E-4	2.086793E+2
-1.324501E+2	8.521212E-4	2.098134E+2
-1.326201E+2	8.642424E-4	2.109475E+2
-1.327901E+2	8.654546E-4	2.120816E+2
-1.329601E+2	8.696970E-4	2.132158E+2
-1.331301E+2	8.618182E-4	2.143499E+2
-1.333001E+2	8.639394E-4	2.154840E+2
-1.334701E+2	8.669697E-4	2.166181E+2
-1.336401E+2	8.618182E-4	2.177523E+2
-1.338101E+2	8.654546E-4	2.188864E+2
-1.339801E+2	8.751515E-4	2.200205E+2
-1.341501E+2	8.666667E-4	2.211547E+2
-1.343201E+2	8.684848E-4	2.222888E+2
-1.344901E+2	8.696970E-4	2.234229E+2
-1.346601E+2	8.690909E-4	2.245570E+2
-1.348301E+2	8.727273E-4	2.256912E+2
-1.350001E+2	8.733333E-4	2.268253E+2
-1.351701E+2	8.669697E-4	2.279594E+2
-1.353401E+2	8.790909E-4	2.290936E+2
-1.355101E+2	8.833333E-4	2.302277E+2
-1.356801E+2	8.742424E-4	2.313618E+2
-1.358501E+2	8.796970E-4	2.324959E+2
-1.360201E+2	8.700000E-4	2.336301E+2
-1.361901E+2	8.712121E-4	2.347642E+2
-1.363601E+2	8.748485E-4	2.358983E+2
-1.365301E+2	8.942424E-4	2.370324E+2
-1.367001E+2	8.872727E-4	2.381666E+2
-1.368701E+2	8.921212E-4	2.393007E+2
-1.370401E+2	8.860606E-4	2.404348E+2
-1.372101E+2	8.878788E-4	2.415689E+2
-1.373801E+2	8.836364E-4	2.427031E+2
-1.375501E+2	8.863636E-4	2.438372E+2
-1.377201E+2	8.860606E-4	2.449713E+2
-1.378901E+2	8.954545E-4	2.461054E+2
-1.380601E+2	8.918182E-4	2.472396E+2
-1.382301E+2	8.863636E-4	2.483737E+2
-1.384001E+2	8.975758E-4	2.495078E+2
-1.385701E+2	9.066667E-4	2.506420E+2
-1.387401E+2	8.960606E-4	2.517761E+2
-1.389101E+2	8.954545E-4	2.529102E+2
-1.390801E+2	8.954545E-4	2.540443E+2
-1.392501E+2	8.942424E-4	2.551785E+2
-1.394201E+2	8.906061E-4	2.563126E+2
-1.395901E+2	8.924243E-4	2.574467E+2
-1.397601E+2	8.966667E-4	2.585808E+2
-1.399301E+2	8.972727E-4	2.597150E+2
-1.401001E+2	9.112121E-4	2.608491E+2
-1.402701E+2	8.981818E-4	2.619832E+2
-1.404401E+2	9.000000E-4	2.631173E+2
-1.406101E+2	9.048485E-4	2.642515E+2
-1.407801E+2	8.787879E-4	2.653856E+2
-1.409501E+2	9.033333E-4	2.665197E+2
-1.411201E+2	9.027272E-4	2.676538E+2
-1.412901E+2	9.021212E-4	2.687880E+2
-1.414601E+2	8.875757E-4	2.699221E+2
-1.416301E+2	9.051515E-4	2.710562E+2
-1.418001E+2	9.181818E-4	2.721903E+2
-1.419701E+2	9.206061E-4	2.733245E+2
-1.421401E+2	9.072727E-4	2.744586E+2
-1.423101E+2	9.172727E-4	2.755927E+2
-1.424801E+2	9.103030E-4	2.767269E+2
-1.426501E+2	9.148485E-4	2.778610E+2
-1.428201E+2	9.151515E-4	2.789951E+2
-1.429901E+2	9.087879E-4	2.801292E+2
-1.431601E+2	9.212121E-4	2.812634E+2
-1.433301E+2	9.142424E-4	2.823975E+2
-1.435001E+2	9.248485E-4	2.835316E+2
-1.436701E+2	9.003030E-4	2.846657E+2
-1.438401E+2	8.933333E-4	2.857999E+2
-1.440101E+2	9.266667E-4	2.869340E+2
-1.441801E+2	9.290909E-4	2.880681E+2
-1.443501E+2	9.312121E-4	2.892022E+2
-1.445201E+2	9.157576E-4	2.903364E+2
-1.446901E+2	9.257576E-4	2.914705E+2
-1.448601E+2	9.248485E-4	2.926046E+2
-1.450301E+2	9.151515E-4	2.937388E+2
-1.452001E+2	9.142424E-4	2.948729E+2
-1.453701E+2	9.357576E-4	2.960070E+2
-1.455401E+2	9.336364E-4	2.971411E+2
-1.457101E+2	9.336364E-4	2.982753E+2
-1.458801E+2	9.224243E-4	2.994094E+2
-1.460501E+2	9.366667E-4	3.005435E+2
-1.462201E+2	9.333334E-4	3.016776E+2
-1.463901E+2	9.381818E-4	3.028118E+2
-1.465601E+2	9.384849E-4	3.039459E+2
-1.467301E+2	9.451515E-4	3.050800E+2
-1.469001E+2	9.442424E-4	3.062141E+2
-1.470701E+2	9.381818E-4	3.073483E+2
-1.472401E+2	9.336364E-4	3.084824E+2
-1.474101E+2	9.133333E-4	3.096165E+2
-1.475801E+2	9.518182E-4	3.107506E+2
-1.477501E+2	9.457576E-4	3.118848E+2
-1.479201E+2	9.296970E-4	3.130189E+2
-1.480901E+2	9.318182E-4	3.141530E+2
-1.482601E+2	9.300000E-4	3.152872E+2
-1.484301E+2	9.333334E-4	3.164213E+2
-1.486001E+2	9.400000E-4	3.175554E+2
-1.487701E+2	9.272727E-4	3.186895E+2
-1.489401E+2	9.436363E-4	3.198237E+2
-1.491101E+2	9.524242E-4	3.209578E+2
-1.492801E+2	9.421212E-4	3.220919E+2
-1.494501E+2	9.469697E-4	3.232260E+2
-1.496201E+2	9.393939E-4	3.243602E+2
-1.497901E+2	9.442424E-4	3.254943E+2
-1.499601E+2	9.506061E-4	3.266284E+2
-1.501301E+2	9.569697E-4	3.277625E+2
-1.503001E+2	9.424242E-4	3.288967E+2
-1.504701E+2	9.590909E-4	3.300308E+2
-1.506401E+2	9.512121E-4	3.311649E+2
-1.508101E+2	9.542424E-4	3.322990E+2
-1.509801E+2	9.581818E-4	3.334332E+2
-1.511501E+2	9.560606E-4	3.345673E+2
-1.513201E+2	9.575757E-4	3.357014E+2
-1.514901E+2	9.309091E-4	3.368356E+2
-1.516601E+2	9.506061E-4	3.379697E+2
-1.518301E+2	9.506061E-4	3.391038E+2
