6.929993E+1	-2.705000E-5	-3.975000E-5	0.000000E+0	-6.929993E+1
6.929292E+1	-2.620000E-5	-1.435000E-5	4.669933E-2	-6.929292E+1
6.928593E+1	-3.185000E-5	-2.865000E-5	9.339865E-2	-6.928593E+1
6.927892E+1	4.535000E-5	-8.400000E-6	1.400980E-1	-6.927892E+1
6.927193E+1	4.455000E-5	-7.000000E-6	1.867973E-1	-6.927193E+1
6.926492E+1	8.300000E-6	4.200000E-5	2.334966E-1	-6.926492E+1
6.925793E+1	-1.095000E-5	1.470000E-5	2.801960E-1	-6.925793E+1
6.925092E+1	-5.950000E-6	-4.635000E-5	3.268953E-1	-6.925092E+1
6.924393E+1	-1.895000E-5	-6.525000E-5	3.735946E-1	-6.924393E+1
6.923692E+1	6.460000E-5	-1.835000E-5	4.202939E-1	-6.923692E+1
6.922993E+1	4.775000E-5	-4.530000E-5	4.669932E-1	-6.922993E+1
6.922292E+1	6.660000E-5	4.755000E-5	5.136926E-1	-6.922292E+1
6.921593E+1	-1.540000E-5	1.950000E-6	5.603919E-1	-6.921593E+1
6.920892E+1	3.385000E-5	-2.500000E-5	6.070912E-1	-6.920892E+1
6.920193E+1	-1.310000E-5	-3.500000E-7	6.537905E-1	-6.920193E+1
6.919492E+1	2.790000E-5	2.560000E-5	7.004899E-1	-6.919492E+1
6.918793E+1	-2.150000E-5	4.900000E-6	7.471892E-1	-6.918793E+1
6.918092E+1	-8.650000E-6	-2.010000E-5	7.938885E-1	-6.918092E+1
6.917393E+1	-4.000000E-6	1.540000E-5	8.405879E-1	-6.917393E+1
6.916692E+1	1.610000E-5	-3.750000E-6	8.872872E-1	-6.916692E+1
6.915993E+1	-3.095000E-5	-2.235000E-5	9.339865E-1	-6.915993E+1
6.915292E+1	3.915000E-5	-7.540000E-5	9.806858E-1	-6.915292E+1
6.914593E+1	-1.695000E-5	-1.985000E-5	1.027385E+0	-6.914593E+1
6.913892E+1	-5.330000E-5	-1.125000E-5	1.074085E+0	-6.913892E+1
6.913193E+1	-6.110000E-5	-1.750000E-6	1.120784E+0	-6.913193E+1
6.912492E+1	-1.931500E-4	1.045000E-5	1.167483E+0	-6.912492E+1
6.911793E+1	-9.990000E-5	5.310000E-5	1.214182E+0	-6.911793E+1
6.911092E+1	-2.292000E-4	2.715000E-5	1.260882E+0	-6.911092E+1
6.910393E+1	-3.548000E-4	-2.210000E-5	1.307581E+0	-6.910393E+1
6.909692E+1	-3.803000E-4	3.595000E-5	1.354280E+0	-6.909692E+1
6.908993E+1	-6.136500E-4	5.150000E-5	1.400980E+0	-6.908993E+1
6.908292E+1	-7.919500E-4	-9.300000E-6	1.447679E+0	-6.908292E+1
6.907593E+1	-1.087300E-3	8.960000E-5	1.494378E+0	-6.907593E+1
6.906892E+1	-1.418000E-3	4.295000E-5	1.541078E+0	-6.906892E+1
6.906193E+1	-1.782300E-3	3.510000E-5	1.587777E+0	-6.906193E+1
6.905492E+1	-2.248700E-3	-4.120000E-5	1.634476E+0	-6.905492E+1
6.904793E+1	-2.644150E-3	-1.400000E-5	1.681176E+0	-6.904793E+1
6.904092E+1	-3.115750E-3	1.000000E-4	1.727875E+0	-6.904092E+1
6.903393E+1	-3.509200E-3	-4.410000E-5	1.774574E+0	-6.903393E+1
6.902692E+1	-3.206700E-3	-1.208000E-4	1.821274E+0	-6.902692E+1
6.901993E+1	-1.942600E-3	-3.002500E-4	1.867973E+0	-6.901993E+1
6.901292E+1	4.907000E-4	-2.867000E-4	1.914672E+0	-6.901292E+1
6.900593E+1	3.935800E-3	-4.754500E-4	1.961372E+0	-6.900593E+1
6.899892E+1	7.576900E-3	-5.325500E-4	2.008071E+0	-6.899892E+1
6.899193E+1	1.055930E-2	-4.323000E-4	2.054770E+0	-6.899193E+1
6.898492E+1	1.190625E-2	-1.915000E-4	2.101470E+0	-6.898492E+1
6.897793E+1	1.108655E-2	1.549000E-4	2.148169E+0	-6.897793E+1
6.897092E+1	7.950100E-3	4.519500E-4	2.194868E+0	-6.897092E+1
6.896393E+1	3.849750E-3	6.699500E-4	2.241568E+0	-6.896393E+1
6.895692E+1	-7.572000E-4	6.906000E-4	2.288267E+0	-6.895692E+1
6.894993E+1	-4.153550E-3	5.832000E-4	2.334966E+0	-6.894993E+1
6.894292E+1	-5.972850E-3	2.681000E-4	2.381665E+0	-6.894292E+1
6.893593E+1	-5.973200E-3	1.975000E-5	2.428365E+0	-6.893593E+1
6.892892E+1	-4.929800E-3	-5.185000E-5	2.475064E+0	-6.892892E+1
6.892193E+1	-3.369850E-3	-2.050500E-4	2.521764E+0	-6.892193E+1
6.891492E+1	-1.976300E-3	-1.719500E-4	2.568463E+0	-6.891492E+1
6.890793E+1	-1.147500E-3	-1.978500E-4	2.615162E+0	-6.890793E+1
6.890092E+1	-1.106850E-3	-6.905000E-5	2.661861E+0	-6.890092E+1
6.889393E+1	-1.253500E-3	-1.700000E-6	2.708561E+0	-6.889393E+1
6.888692E+1	-1.555100E-3	9.650000E-6	2.755260E+0	-6.888692E+1
6.887993E+1	-1.415000E-3	-7.150000E-6	2.801960E+0	-6.887993E+1
6.887292E+1	-9.565500E-4	-5.830000E-5	2.848659E+0	-6.887292E+1
6.886593E+1	-4.573000E-4	-1.493000E-4	2.895358E+0	-6.886593E+1
6.885892E+1	3.183000E-4	-7.130000E-5	2.942057E+0	-6.885892E+1
6.885193E+1	6.460500E-4	-1.011000E-4	2.988757E+0	-6.885193E+1
6.884492E+1	5.892500E-4	-4.775000E-5	3.035456E+0	-6.884492E+1
6.883793E+1	3.130500E-4	-1.360000E-5	3.082155E+0	-6.883793E+1
6.883092E+1	-1.360000E-5	-2.320000E-5	3.128855E+0	-6.883092E+1
6.882392E+1	-2.672000E-4	5.105000E-5	3.175554E+0	-6.882392E+1
6.881693E+1	-4.630500E-4	3.625000E-5	3.222253E+0	-6.881693E+1
6.880992E+1	-4.943500E-4	-1.730000E-5	3.268953E+0	-6.880992E+1
6.880293E+1	-2.825500E-4	-1.000000E-7	3.315652E+0	-6.880293E+1
6.879592E+1	-3.385000E-5	-6.800000E-6	3.362351E+0	-6.879592E+1
6.878893E+1	1.605000E-4	-7.445000E-5	3.409051E+0	-6.878893E+1
6.878192E+1	3.085000E-4	-1.395000E-5	3.455750E+0	-6.878192E+1
6.877493E+1	4.290000E-4	-5.890000E-5	3.502449E+0	-6.877493E+1
6.876792E+1	4.270000E-4	-2.030000E-5	3.549149E+0	-6.876792E+1
6.876093E+1	4.105500E-4	6.350000E-6	3.595848E+0	-6.876093E+1
6.875392E+1	3.757000E-4	-2.260000E-5	3.642547E+0	-6.875392E+1
6.874693E+1	1.897500E-4	2.600000E-5	3.689247E+0	-6.874693E+1
6.873992E+1	-1.075000E-5	-3.950000E-6	3.735946E+0	-6.873992E+1
6.873293E+1	-2.714000E-4	2.685000E-5	3.782645E+0	-6.873293E+1
6.872592E+1	-5.310500E-4	3.515000E-5	3.829345E+0	-6.872592E+1
6.871893E+1	-7.209500E-4	7.285000E-5	3.876044E+0	-6.871893E+1
6.871192E+1	-7.039500E-4	-7.435000E-5	3.922743E+0	-6.871192E+1
6.870493E+1	-5.643000E-4	-2.590000E-5	3.969443E+0	-6.870493E+1
6.869792E+1	-1.004500E-4	1.000000E-7	4.016142E+0	-6.869792E+1
6.869093E+1	2.801500E-4	-6.665000E-5	4.062841E+0	-6.869093E+1
6.868392E+1	6.517500E-4	-6.405000E-5	4.109540E+0	-6.868392E+1
6.867693E+1	8.595000E-4	-6.500000E-7	4.156240E+0	-6.867693E+1
6.866992E+1	7.788000E-4	-2.305000E-5	4.202939E+0	-6.866992E+1
6.866293E+1	5.293000E-4	2.700000E-6	4.249639E+0	-6.866293E+1
6.865592E+1	2.093000E-4	-2.010000E-5	4.296338E+0	-6.865592E+1
6.864893E+1	-1.129000E-4	3.970000E-5	4.343037E+0	-6.864893E+1
6.864192E+1	-4.510500E-4	2.125000E-5	4.389737E+0	-6.864192E+1
6.863493E+1	-3.929000E-4	3.650000E-6	4.436436E+0	-6.863493E+1
6.862792E+1	-3.795000E-4	-2.755000E-5	4.483135E+0	-6.862792E+1
6.862093E+1	-9.505000E-5	-4.235000E-5	4.529835E+0	-6.862093E+1
6.861392E+1	1.570500E-4	-8.335000E-5	4.576534E+0	-6.861392E+1
6.860693E+1	2.250500E-4	-3.255000E-5	4.623233E+0	-6.860693E+1
6.859992E+1	1.940500E-4	3.990000E-5	4.669932E+0	-6.859992E+1
6.859293E+1	5.375000E-5	-3.200000E-6	4.716632E+0	-6.859293E+1
6.858592E+1	-5.685000E-5	-3.145000E-5	4.763331E+0	-6.858592E+1
6.857893E+1	-1.144500E-4	2.850000E-5	4.810030E+0	-6.857893E+1
6.857192E+1	-6.855000E-5	9.600000E-6	4.856730E+0	-6.857192E+1
6.856493E+1	1.480000E-5	-6.350000E-6	4.903429E+0	-6.856493E+1
6.855792E+1	-2.310000E-5	-1.016500E-4	4.950129E+0	-6.855792E+1
6.855093E+1	-3.760000E-5	-1.250000E-5	4.996828E+0	-6.855093E+1
6.854392E+1	-9.275000E-5	1.330000E-5	5.043527E+0	-6.854392E+1
6.853693E+1	-1.106500E-4	-6.350000E-6	5.090227E+0	-6.853693E+1
6.852992E+1	-3.135000E-5	5.170000E-5	5.136926E+0	-6.852992E+1
6.852293E+1	2.510000E-5	-1.195000E-5	5.183625E+0	-6.852293E+1
6.851592E+1	2.255500E-4	-3.025000E-5	5.230324E+0	-6.851592E+1
6.850893E+1	3.412000E-4	-6.815000E-5	5.277024E+0	-6.850893E+1
6.850192E+1	3.209000E-4	1.100000E-5	5.323723E+0	-6.850192E+1
6.849493E+1	4.004500E-4	4.380000E-5	5.370422E+0	-6.849493E+1
6.848792E+1	3.385000E-4	-2.190000E-5	5.417122E+0	-6.848792E+1
6.848093E+1	5.415000E-5	1.167000E-4	5.463821E+0	-6.848093E+1
6.847392E+1	-1.366500E-4	4.135000E-5	5.510520E+0	-6.847392E+1
6.846693E+1	-2.577000E-4	-2.700000E-5	5.557220E+0	-6.846693E+1
6.845992E+1	-3.296000E-4	4.215000E-5	5.603919E+0	-6.845992E+1
6.845293E+1	-4.095500E-4	1.555000E-5	5.650619E+0	-6.845293E+1
6.844592E+1	-4.060500E-4	-5.750000E-5	5.697318E+0	-6.844592E+1
6.843893E+1	-4.408500E-4	7.750000E-5	5.744017E+0	-6.843893E+1
6.843192E+1	-2.258500E-4	1.040000E-5	5.790716E+0	-6.843192E+1
6.842493E+1	-1.620000E-5	-2.690000E-5	5.837416E+0	-6.842493E+1
6.841792E+1	2.284000E-4	-5.650000E-5	5.884115E+0	-6.841792E+1
6.841093E+1	4.182500E-4	-7.410000E-5	5.930814E+0	-6.841093E+1
6.840392E+1	6.499500E-4	-2.615000E-5	5.977514E+0	-6.840392E+1
6.839693E+1	6.758000E-4	-4.935000E-5	6.024213E+0	-6.839693E+1
6.838992E+1	5.157000E-4	-5.390000E-5	6.070912E+0	-6.838992E+1
6.838293E+1	2.619000E-4	2.920000E-5	6.117611E+0	-6.838293E+1
6.837592E+1	-1.311000E-4	-5.755000E-5	6.164311E+0	-6.837592E+1
6.836893E+1	-4.064500E-4	4.365000E-5	6.211010E+0	-6.836893E+1
6.836192E+1	-6.073000E-4	2.620000E-5	6.257710E+0	-6.836192E+1
6.835493E+1	-5.519500E-4	3.205000E-5	6.304409E+0	-6.835493E+1
6.834792E+1	-3.604500E-4	-9.805000E-5	6.351108E+0	-6.834792E+1
6.834093E+1	-1.418500E-4	-2.245000E-5	6.397808E+0	-6.834093E+1
6.833392E+1	1.147500E-4	-2.875000E-5	6.444507E+0	-6.833392E+1
6.832693E+1	3.059000E-4	-1.057500E-4	6.491206E+0	-6.832693E+1
6.831992E+1	3.935000E-4	-2.440000E-5	6.537906E+0	-6.831992E+1
6.831293E+1	2.462000E-4	-2.605000E-5	6.584605E+0	-6.831293E+1
6.830592E+1	1.276500E-4	4.465000E-5	6.631304E+0	-6.830592E+1
6.829893E+1	-2.350000E-6	-2.765000E-5	6.678003E+0	-6.829893E+1
6.829192E+1	-4.045000E-5	2.150000E-6	6.724703E+0	-6.829192E+1
6.828493E+1	-1.048500E-4	-9.115000E-5	6.771402E+0	-6.828493E+1
6.827792E+1	-1.760000E-5	-5.355000E-5	6.818101E+0	-6.827792E+1
6.827093E+1	7.750000E-5	-3.285000E-5	6.864801E+0	-6.827093E+1
6.826392E+1	1.633000E-4	3.500000E-6	6.911500E+0	-6.826392E+1
6.825693E+1	1.585000E-4	-4.340000E-5	6.958200E+0	-6.825693E+1
6.824992E+1	-5.400000E-6	-4.075000E-5	7.004899E+0	-6.824992E+1
6.824293E+1	-1.525000E-5	-4.600000E-6	7.051598E+0	-6.824293E+1
6.823592E+1	-1.153000E-4	-1.063000E-4	7.098298E+0	-6.823592E+1
6.822893E+1	-9.525000E-5	-8.300000E-5	7.144997E+0	-6.822893E+1
6.822192E+1	1.113000E-4	-2.400000E-5	7.191696E+0	-6.822192E+1
6.821493E+1	2.398000E-4	-2.150000E-6	7.238395E+0	-6.821493E+1
6.820792E+1	2.236500E-4	1.620000E-5	7.285095E+0	-6.820792E+1
6.820093E+1	9.575000E-5	-5.775000E-5	7.331794E+0	-6.820093E+1
6.819392E+1	-1.884000E-4	4.095000E-5	7.378493E+0	-6.819392E+1
6.818693E+1	-3.372000E-4	2.725000E-5	7.425193E+0	-6.818693E+1
6.817992E+1	-4.571000E-4	-2.580000E-5	7.471892E+0	-6.817992E+1
6.817293E+1	-4.344000E-4	-3.210000E-5	7.518591E+0	-6.817293E+1
6.816592E+1	-1.974500E-4	-6.075000E-5	7.565290E+0	-6.816592E+1
6.815893E+1	6.385000E-5	-1.337000E-4	7.611990E+0	-6.815893E+1
6.815192E+1	3.463500E-4	-6.000000E-5	7.658689E+0	-6.815192E+1
6.814493E+1	4.574500E-4	1.625000E-5	7.705389E+0	-6.814493E+1
6.813792E+1	3.587500E-4	-2.550000E-5	7.752088E+0	-6.813792E+1
6.813093E+1	7.485000E-5	3.635000E-5	7.798787E+0	-6.813093E+1
6.812392E+1	-3.920000E-5	-1.060000E-5	7.845487E+0	-6.812392E+1
6.811693E+1	-3.140000E-5	2.710000E-5	7.892186E+0	-6.811693E+1
6.810992E+1	-1.023000E-4	-3.020000E-5	7.938885E+0	-6.810992E+1
6.810293E+1	-9.240000E-5	1.235000E-5	7.985585E+0	-6.810293E+1
6.809592E+1	-6.395000E-5	-5.155000E-5	8.032284E+0	-6.809592E+1
6.808893E+1	-1.775000E-5	-4.355000E-5	8.078983E+0	-6.808893E+1
6.808192E+1	-1.885000E-5	4.405000E-5	8.125683E+0	-6.808192E+1
6.807493E+1	4.180000E-5	3.100000E-5	8.172382E+0	-6.807493E+1
6.806792E+1	1.811000E-4	4.285000E-5	8.219081E+0	-6.806792E+1
6.806093E+1	9.000000E-5	1.465000E-5	8.265780E+0	-6.806093E+1
6.805392E+1	1.749000E-4	4.000000E-7	8.312480E+0	-6.805392E+1
6.804693E+1	1.137500E-4	-3.285000E-5	8.359179E+0	-6.804693E+1
6.803992E+1	5.535000E-5	-4.340000E-5	8.405878E+0	-6.803992E+1
6.803293E+1	-7.580000E-5	-1.395000E-5	8.452578E+0	-6.803293E+1
6.802592E+1	-1.502000E-4	5.220000E-5	8.499277E+0	-6.802592E+1
6.801893E+1	-3.205000E-4	-1.684500E-4	8.545977E+0	-6.801893E+1
6.801192E+1	-1.403000E-4	-1.134500E-4	8.592676E+0	-6.801192E+1
6.800493E+1	-1.609000E-4	-7.345000E-5	8.639375E+0	-6.800493E+1
6.799792E+1	5.700000E-5	-3.690000E-5	8.686074E+0	-6.799792E+1
6.799093E+1	1.316000E-4	2.920000E-5	8.732774E+0	-6.799093E+1
6.798392E+1	2.415000E-4	-5.025000E-5	8.779473E+0	-6.798392E+1
6.797693E+1	2.141500E-4	-6.950000E-6	8.826173E+0	-6.797693E+1
6.796992E+1	1.956500E-4	-8.400000E-6	8.872871E+0	-6.796992E+1
6.796293E+1	6.880000E-5	-3.600000E-6	8.919571E+0	-6.796293E+1
6.795592E+1	-8.825000E-5	6.515000E-5	8.966270E+0	-6.795592E+1
6.794892E+1	-1.082000E-4	-3.630000E-5	9.012970E+0	-6.794892E+1
6.794193E+1	2.635000E-5	-6.090000E-5	9.059669E+0	-6.794193E+1
6.793492E+1	7.140000E-5	3.365000E-5	9.106368E+0	-6.793492E+1
6.792793E+1	8.330000E-5	2.140000E-5	9.153068E+0	-6.792793E+1
6.792092E+1	3.100000E-6	5.775000E-5	9.199767E+0	-6.792092E+1
6.791393E+1	-9.370000E-5	3.600000E-6	9.246467E+0	-6.791393E+1
6.790692E+1	-1.950000E-4	1.265000E-5	9.293166E+0	-6.790692E+1
6.789993E+1	-2.031000E-4	4.575000E-5	9.339865E+0	-6.789993E+1
6.789292E+1	-2.241500E-4	-6.655000E-5	9.386564E+0	-6.789292E+1
6.788593E+1	-1.019500E-4	2.505000E-5	9.433264E+0	-6.788593E+1
6.787892E+1	2.302000E-4	-8.000000E-6	9.479963E+0	-6.787892E+1
6.787193E+1	3.173500E-4	-5.150000E-6	9.526662E+0	-6.787193E+1
6.786492E+1	3.154500E-4	-2.145000E-5	9.573361E+0	-6.786492E+1
6.785793E+1	9.625000E-5	3.175000E-5	9.620061E+0	-6.785793E+1
6.785092E+1	5.375000E-5	1.830000E-5	9.666760E+0	-6.785092E+1
6.784393E+1	-7.380000E-5	2.365000E-5	9.713460E+0	-6.784393E+1
6.783692E+1	-6.495000E-5	-4.970000E-5	9.760159E+0	-6.783692E+1
6.782993E+1	-7.560000E-5	-2.155000E-5	9.806858E+0	-6.782993E+1
6.782292E+1	3.285000E-5	-2.880000E-5	9.853558E+0	-6.782292E+1
6.781593E+1	5.950000E-5	-4.295000E-5	9.900257E+0	-6.781593E+1
6.780892E+1	3.610000E-5	-6.705000E-5	9.946957E+0	-6.780892E+1
6.780193E+1	-4.015000E-5	-1.130000E-5	9.993655E+0	-6.780193E+1
6.779492E+1	-7.685000E-5	-1.000000E-5	1.004035E+1	-6.779492E+1
6.778793E+1	-8.790000E-5	2.440000E-5	1.008705E+1	-6.778793E+1
6.778092E+1	1.050000E-5	1.435000E-5	1.013375E+1	-6.778092E+1
6.777393E+1	1.018500E-4	-2.925000E-5	1.018045E+1	-6.777393E+1
6.776692E+1	2.355000E-4	-1.216500E-4	1.022715E+1	-6.776692E+1
6.775993E+1	1.687500E-4	7.210000E-5	1.027385E+1	-6.775993E+1
6.775292E+1	7.780000E-5	-1.245000E-5	1.032055E+1	-6.775292E+1
6.774593E+1	-8.325000E-5	1.880000E-5	1.036725E+1	-6.774593E+1
6.773892E+1	-2.475500E-4	9.000000E-6	1.041395E+1	-6.773892E+1
6.773193E+1	-3.755000E-4	-4.725000E-5	1.046065E+1	-6.773193E+1
6.772492E+1	-2.640000E-4	-1.125000E-4	1.050735E+1	-6.772492E+1
6.771793E+1	-1.433000E-4	-6.815000E-5	1.055405E+1	-6.771793E+1
6.771092E+1	7.800000E-5	-4.900000E-5	1.060075E+1	-6.771092E+1
6.770393E+1	9.755000E-5	-9.200000E-6	1.064745E+1	-6.770393E+1
6.769692E+1	1.764000E-4	-1.880000E-5	1.069415E+1	-6.769692E+1
6.768993E+1	8.805000E-5	-5.540000E-5	1.074084E+1	-6.768993E+1
6.768292E+1	9.385000E-5	1.520000E-5	1.078754E+1	-6.768292E+1
6.767593E+1	-8.025000E-5	1.540000E-5	1.083424E+1	-6.767593E+1
6.766892E+1	-6.495000E-5	-3.350000E-6	1.088094E+1	-6.766892E+1
6.766193E+1	2.175000E-5	1.200000E-6	1.092764E+1	-6.766193E+1
6.765492E+1	3.375000E-5	-7.500000E-7	1.097434E+1	-6.765492E+1
6.764793E+1	8.800000E-5	3.080000E-5	1.102104E+1	-6.764793E+1
6.764092E+1	5.940000E-5	3.220000E-5	1.106774E+1	-6.764092E+1
6.763393E+1	9.910000E-5	5.850000E-6	1.111444E+1	-6.763393E+1
6.762692E+1	1.066000E-4	-2.965000E-5	1.116114E+1	-6.762692E+1
6.761993E+1	5.725000E-5	-3.200000E-5	1.120784E+1	-6.761993E+1
6.761292E+1	5.200000E-5	-6.020000E-5	1.125454E+1	-6.761292E+1
6.760593E+1	6.075000E-5	2.785000E-5	1.130124E+1	-6.760593E+1
6.759892E+1	1.326500E-4	-4.465000E-5	1.134794E+1	-6.759892E+1
6.759193E+1	8.130000E-5	-4.065000E-5	1.139464E+1	-6.759193E+1
6.758492E+1	1.314000E-4	-3.150000E-5	1.144133E+1	-6.758492E+1
6.757793E+1	1.220000E-4	6.250000E-6	1.148803E+1	-6.757793E+1
6.757092E+1	6.760000E-5	2.165000E-5	1.153473E+1	-6.757092E+1
6.756393E+1	4.110000E-5	-3.140000E-5	1.158143E+1	-6.756393E+1
6.755692E+1	5.430000E-5	7.050000E-6	1.162813E+1	-6.755692E+1
6.754993E+1	4.500000E-5	-5.925000E-5	1.167483E+1	-6.754993E+1
6.754292E+1	2.745000E-5	2.230000E-5	1.172153E+1	-6.754292E+1
6.753593E+1	-3.970000E-5	5.260000E-5	1.176823E+1	-6.753593E+1
6.752892E+1	-1.294000E-4	1.250000E-5	1.181493E+1	-6.752892E+1
6.752193E+1	-1.979000E-4	-1.460000E-5	1.186163E+1	-6.752193E+1
6.751492E+1	-1.174500E-4	-2.830000E-5	1.190833E+1	-6.751492E+1
6.750793E+1	-7.440000E-5	-4.285000E-5	1.195503E+1	-6.750793E+1
6.750092E+1	2.400000E-6	-1.065000E-5	1.200173E+1	-6.750092E+1
6.749393E+1	-1.400000E-6	-4.730000E-5	1.204843E+1	-6.749393E+1
6.748692E+1	5.175000E-5	-4.715000E-5	1.209513E+1	-6.748692E+1
6.747993E+1	-5.705000E-5	5.000000E-5	1.214182E+1	-6.747993E+1
6.747292E+1	-1.561000E-4	1.170000E-5	1.218852E+1	-6.747292E+1
6.746593E+1	-1.899500E-4	-2.530000E-5	1.223522E+1	-6.746593E+1
6.745892E+1	-1.934000E-4	-1.300000E-6	1.228192E+1	-6.745892E+1
6.745193E+1	-1.002500E-4	-7.775000E-5	1.232862E+1	-6.745193E+1
6.744492E+1	2.775000E-5	-9.430000E-5	1.237532E+1	-6.744492E+1
6.743793E+1	2.260000E-4	-1.410000E-5	1.242202E+1	-6.743793E+1
6.743092E+1	2.816500E-4	-2.785000E-5	1.246872E+1	-6.743092E+1
6.742393E+1	2.459000E-4	8.350000E-6	1.251542E+1	-6.742393E+1
6.741692E+1	1.188000E-4	6.475000E-5	1.256212E+1	-6.741692E+1
6.740993E+1	6.300000E-6	9.850000E-6	1.260882E+1	-6.740993E+1
6.740292E+1	-5.290000E-5	-1.855000E-5	1.265552E+1	-6.740292E+1
6.739593E+1	-2.010000E-4	-2.350000E-5	1.270222E+1	-6.739593E+1
6.738892E+1	-1.200000E-4	-1.279500E-4	1.274892E+1	-6.738892E+1
6.738193E+1	-7.620000E-5	-1.110000E-5	1.279562E+1	-6.738193E+1
6.737492E+1	-5.610000E-5	5.600000E-5	1.284231E+1	-6.737492E+1
6.736793E+1	1.290000E-5	-4.650000E-5	1.288901E+1	-6.736793E+1
6.736092E+1	5.255000E-5	-8.350000E-6	1.293571E+1	-6.736092E+1
6.735393E+1	-2.985000E-5	-2.950000E-5	1.298241E+1	-6.735393E+1
6.734692E+1	-3.590000E-5	5.610000E-5	1.302911E+1	-6.734692E+1
6.733993E+1	-3.015000E-5	-1.520000E-5	1.307581E+1	-6.733993E+1
6.733292E+1	-1.387000E-4	-2.850000E-6	1.312251E+1	-6.733292E+1
6.732593E+1	-6.790000E-5	-6.000000E-5	1.316921E+1	-6.732593E+1
6.731892E+1	-3.940000E-5	1.280000E-5	1.321591E+1	-6.731892E+1
6.731193E+1	3.025000E-5	8.695000E-5	1.326261E+1	-6.731193E+1
6.730492E+1	1.190500E-4	-1.220000E-5	1.330931E+1	-6.730492E+1
6.729793E+1	1.481500E-4	-4.885000E-5	1.335601E+1	-6.729793E+1
6.729092E+1	2.550000E-5	-4.485000E-5	1.340271E+1	-6.729092E+1
6.728393E+1	-1.855000E-5	7.200000E-6	1.344941E+1	-6.728393E+1
6.727692E+1	-5.890000E-5	-1.012000E-4	1.349611E+1	-6.727692E+1
6.726993E+1	-1.120000E-4	-7.590000E-5	1.354280E+1	-6.726993E+1
6.726292E+1	2.925000E-5	-2.095000E-5	1.358950E+1	-6.726292E+1
6.725593E+1	8.760000E-5	1.000000E-6	1.363620E+1	-6.725593E+1
6.724892E+1	1.245000E-4	-6.930000E-5	1.368290E+1	-6.724892E+1
6.724193E+1	2.344500E-4	-5.285000E-5	1.372960E+1	-6.724193E+1
6.723492E+1	2.189000E-4	2.435000E-5	1.377630E+1	-6.723492E+1
6.722793E+1	1.809000E-4	9.950000E-6	1.382300E+1	-6.722793E+1
6.722092E+1	6.100000E-6	2.585000E-5	1.386970E+1	-6.722092E+1
6.721393E+1	-6.640000E-5	-5.600000E-6	1.391640E+1	-6.721393E+1
6.720692E+1	-1.550000E-4	-1.935000E-5	1.396310E+1	-6.720692E+1
6.719993E+1	-9.705000E-5	6.700000E-6	1.400980E+1	-6.719993E+1
6.719292E+1	-1.415000E-4	1.495000E-5	1.405650E+1	-6.719292E+1
6.718593E+1	-1.777000E-4	-7.950000E-6	1.410320E+1	-6.718593E+1
6.717892E+1	-9.275000E-5	-2.665000E-5	1.414990E+1	-6.717892E+1
6.717193E+1	-5.830000E-5	-5.940000E-5	1.419660E+1	-6.717193E+1
6.716492E+1	-1.122000E-4	3.040000E-5	1.424329E+1	-6.716492E+1
6.715793E+1	-1.581000E-4	3.705000E-5	1.428999E+1	-6.715793E+1
6.715092E+1	-1.705000E-5	-4.760000E-5	1.433669E+1	-6.715092E+1
6.714393E+1	1.758500E-4	-3.980000E-5	1.438339E+1	-6.714393E+1
6.713692E+1	2.132500E-4	-5.410000E-5	1.443009E+1	-6.713692E+1
6.712993E+1	3.500500E-4	-8.250000E-6	1.447679E+1	-6.712993E+1
6.712292E+1	3.909500E-4	-4.700000E-6	1.452349E+1	-6.712292E+1
6.711593E+1	2.162000E-4	1.005000E-5	1.457019E+1	-6.711593E+1
6.710892E+1	1.379000E-4	2.310000E-5	1.461689E+1	-6.710892E+1
6.710193E+1	-5.545000E-5	-7.660000E-5	1.466359E+1	-6.710193E+1
6.709492E+1	-1.990500E-4	5.565000E-5	1.471029E+1	-6.709492E+1
6.708793E+1	-1.971000E-4	-1.015000E-5	1.475699E+1	-6.708793E+1
6.708092E+1	-1.862000E-4	5.100000E-6	1.480369E+1	-6.708092E+1
6.707392E+1	-1.078500E-4	-2.070000E-5	1.485039E+1	-6.707392E+1
6.706693E+1	-8.450000E-5	-7.595000E-5	1.489708E+1	-6.706693E+1
6.705992E+1	-1.210500E-4	1.760000E-5	1.494378E+1	-6.705992E+1
6.705293E+1	-9.520000E-5	-8.550000E-6	1.499048E+1	-6.705293E+1
6.704592E+1	-6.530000E-5	-3.955000E-5	1.503718E+1	-6.704592E+1
6.703893E+1	-7.950000E-5	-4.615000E-5	1.508388E+1	-6.703893E+1
6.703192E+1	6.700000E-5	3.050000E-6	1.513058E+1	-6.703192E+1
6.702493E+1	2.185000E-4	-4.295000E-5	1.517728E+1	-6.702493E+1
6.701792E+1	2.506500E-4	-8.060000E-5	1.522398E+1	-6.701792E+1
6.701093E+1	2.695500E-4	-1.990000E-5	1.527068E+1	-6.701093E+1
6.700392E+1	1.154000E-4	-9.355000E-5	1.531738E+1	-6.700392E+1
6.699693E+1	1.975000E-5	-8.150000E-6	1.536408E+1	-6.699693E+1
6.698992E+1	-1.141500E-4	-7.400000E-6	1.541078E+1	-6.698992E+1
6.698293E+1	-1.794000E-4	-1.385000E-5	1.545748E+1	-6.698293E+1
6.697592E+1	-1.085000E-4	-1.190000E-5	1.550418E+1	-6.697592E+1
6.696893E+1	-5.350000E-6	-9.010000E-5	1.555088E+1	-6.696893E+1
6.696192E+1	1.258000E-4	-3.650000E-6	1.559757E+1	-6.696192E+1
6.695493E+1	2.026500E-4	-3.960000E-5	1.564427E+1	-6.695493E+1
6.694792E+1	2.231000E-4	-1.560000E-5	1.569097E+1	-6.694792E+1
6.694093E+1	1.177500E-4	1.515000E-5	1.573767E+1	-6.694093E+1
6.693392E+1	4.100000E-6	-1.265000E-5	1.578437E+1	-6.693392E+1
6.692693E+1	-1.170000E-4	4.040000E-5	1.583107E+1	-6.692693E+1
6.691992E+1	-2.318500E-4	-5.015000E-5	1.587777E+1	-6.691992E+1
6.691293E+1	-2.744500E-4	-9.250000E-6	1.592447E+1	-6.691293E+1
6.690592E+1	-2.300500E-4	-3.470000E-5	1.597117E+1	-6.690592E+1
6.689893E+1	-1.202000E-4	4.195000E-5	1.601787E+1	-6.689893E+1
6.689192E+1	-4.185000E-5	-3.000000E-6	1.606457E+1	-6.689192E+1
6.688493E+1	1.126000E-4	-3.045000E-5	1.611127E+1	-6.688493E+1
6.687792E+1	2.411500E-4	7.455000E-5	1.615797E+1	-6.687792E+1
6.687093E+1	2.096000E-4	-1.245000E-5	1.620467E+1	-6.687093E+1
6.686392E+1	3.128500E-4	-4.660000E-5	1.625137E+1	-6.686392E+1
6.685693E+1	2.849500E-4	-3.615000E-5	1.629807E+1	-6.685693E+1
6.684992E+1	2.643000E-4	-7.415000E-5	1.634476E+1	-6.684992E+1
6.684293E+1	1.025000E-4	-4.195000E-5	1.639146E+1	-6.684293E+1
6.683592E+1	1.640000E-5	-3.230000E-5	1.643816E+1	-6.683592E+1
6.682893E+1	-1.500500E-4	-5.155000E-5	1.648486E+1	-6.682893E+1
6.682192E+1	-2.961000E-4	3.210000E-5	1.653156E+1	-6.682192E+1
6.681493E+1	-3.366000E-4	5.515000E-5	1.657826E+1	-6.681493E+1
6.680792E+1	-3.256500E-4	7.015000E-5	1.662496E+1	-6.680792E+1
6.680093E+1	-2.576500E-4	-7.210000E-5	1.667166E+1	-6.680093E+1
6.679392E+1	-1.070000E-4	8.000000E-7	1.671836E+1	-6.679392E+1
6.678693E+1	5.695000E-5	5.590000E-5	1.676506E+1	-6.678693E+1
6.677992E+1	2.460500E-4	-1.810000E-5	1.681176E+1	-6.677992E+1
6.677293E+1	2.494000E-4	-8.135000E-5	1.685846E+1	-6.677293E+1
6.676592E+1	1.958500E-4	-2.850000E-5	1.690516E+1	-6.676592E+1
6.675893E+1	1.960500E-4	-1.635000E-5	1.695185E+1	-6.675893E+1
6.675192E+1	4.910000E-5	5.630000E-5	1.699855E+1	-6.675192E+1
6.674493E+1	-9.655000E-5	1.510000E-5	1.704525E+1	-6.674493E+1
6.673792E+1	-7.220000E-5	3.800000E-6	1.709195E+1	-6.673792E+1
6.673093E+1	-1.465000E-4	-5.075000E-5	1.713865E+1	-6.673093E+1
6.672392E+1	-5.685000E-5	4.350000E-6	1.718535E+1	-6.672392E+1
6.671693E+1	-1.995000E-5	-1.850000E-5	1.723205E+1	-6.671693E+1
6.670992E+1	1.382500E-4	-5.280000E-5	1.727875E+1	-6.670992E+1
6.670293E+1	2.019500E-4	8.150000E-6	1.732545E+1	-6.670293E+1
6.669592E+1	3.124500E-4	-1.625000E-5	1.737215E+1	-6.669592E+1
6.668893E+1	3.428500E-4	-3.370000E-5	1.741885E+1	-6.668893E+1
6.668192E+1	1.735000E-4	-1.250000E-5	1.746555E+1	-6.668192E+1
6.667493E+1	3.740000E-5	3.520000E-5	1.751225E+1	-6.667493E+1
6.666792E+1	-1.849500E-4	4.500000E-6	1.755895E+1	-6.666792E+1
6.666093E+1	-4.266000E-4	3.640000E-5	1.760565E+1	-6.666093E+1
6.665392E+1	-4.634000E-4	-8.850000E-6	1.765235E+1	-6.665392E+1
6.664693E+1	-4.118500E-4	1.130000E-5	1.769904E+1	-6.664693E+1
6.663992E+1	-3.426000E-4	-1.125000E-5	1.774574E+1	-6.663992E+1
6.663293E+1	-2.017000E-4	2.400000E-6	1.779244E+1	-6.663293E+1
6.662592E+1	1.850000E-5	-2.405000E-5	1.783914E+1	-6.662592E+1
6.661893E+1	2.764000E-4	-2.400000E-6	1.788584E+1	-6.661893E+1
6.661192E+1	3.049500E-4	-8.085000E-5	1.793254E+1	-6.661192E+1
6.660493E+1	2.849500E-4	-2.550000E-5	1.797924E+1	-6.660493E+1
6.659792E+1	3.630000E-4	-7.255000E-5	1.802594E+1	-6.659792E+1
6.659093E+1	3.160500E-4	3.100000E-6	1.807264E+1	-6.659093E+1
6.658392E+1	3.641500E-4	1.095000E-5	1.811934E+1	-6.658392E+1
6.657693E+1	2.314000E-4	3.410000E-5	1.816604E+1	-6.657693E+1
6.656992E+1	3.045000E-5	8.360000E-5	1.821274E+1	-6.656992E+1
6.656293E+1	-1.764500E-4	1.170000E-5	1.825944E+1	-6.656293E+1
6.655592E+1	-5.174000E-4	-1.600000E-6	1.830614E+1	-6.655592E+1
6.654893E+1	-4.916000E-4	6.580000E-5	1.835283E+1	-6.654893E+1
6.654192E+1	-5.488000E-4	-3.640000E-5	1.839953E+1	-6.654192E+1
6.653493E+1	-4.244000E-4	-6.550000E-5	1.844623E+1	-6.653493E+1
6.652792E+1	-1.219500E-4	-3.505000E-5	1.849293E+1	-6.652792E+1
6.652093E+1	1.321500E-4	-9.370000E-5	1.853963E+1	-6.652093E+1
6.651392E+1	3.496500E-4	-2.390000E-5	1.858633E+1	-6.651392E+1
6.650693E+1	4.284500E-4	-5.780000E-5	1.863303E+1	-6.650693E+1
6.649992E+1	3.379500E-4	-1.400000E-5	1.867973E+1	-6.649992E+1
6.649293E+1	1.638000E-4	-9.650000E-6	1.872643E+1	-6.649293E+1
6.648592E+1	1.710000E-5	-5.700000E-6	1.877313E+1	-6.648592E+1
6.647893E+1	-8.450000E-5	1.330000E-5	1.881983E+1	-6.647893E+1
6.647192E+1	-9.145000E-5	3.375000E-5	1.886653E+1	-6.647192E+1
6.646493E+1	2.645000E-5	-8.400000E-6	1.891323E+1	-6.646493E+1
6.645792E+1	9.310000E-5	-2.190000E-5	1.895993E+1	-6.645792E+1
6.645093E+1	1.578500E-4	-5.865000E-5	1.900663E+1	-6.645093E+1
6.644392E+1	1.982000E-4	1.145000E-5	1.905332E+1	-6.644392E+1
6.643693E+1	7.810000E-5	-3.510000E-5	1.910002E+1	-6.643693E+1
6.642992E+1	9.000000E-6	2.550000E-5	1.914672E+1	-6.642992E+1
6.642293E+1	-7.415000E-5	-6.000000E-6	1.919342E+1	-6.642293E+1
6.641592E+1	-1.566000E-4	2.590000E-5	1.924012E+1	-6.641592E+1
6.640893E+1	-1.816000E-4	1.845000E-5	1.928682E+1	-6.640893E+1
6.640192E+1	-1.992500E-4	1.315000E-5	1.933352E+1	-6.640192E+1
6.639493E+1	-1.424500E-4	-1.250000E-6	1.938022E+1	-6.639493E+1
6.638792E+1	-3.915000E-5	-6.570000E-5	1.942692E+1	-6.638792E+1
6.638093E+1	-7.490000E-5	9.900000E-6	1.947362E+1	-6.638093E+1
6.637392E+1	-5.980000E-5	-3.315000E-5	1.952032E+1	-6.637392E+1
6.636693E+1	-1.119000E-4	5.320000E-5	1.956702E+1	-6.636693E+1
6.635992E+1	-3.100000E-5	-3.070000E-5	1.961372E+1	-6.635992E+1
6.635293E+1	-3.735000E-5	-1.860000E-5	1.966042E+1	-6.635293E+1
6.634592E+1	3.880000E-5	-6.350000E-6	1.970712E+1	-6.634592E+1
6.633893E+1	8.655000E-5	-9.850000E-6	1.975381E+1	-6.633893E+1
6.633192E+1	2.122500E-4	2.400000E-6	1.980051E+1	-6.633192E+1
6.632493E+1	3.649000E-4	-5.350000E-5	1.984721E+1	-6.632493E+1
6.631792E+1	2.994000E-4	2.500000E-6	1.989391E+1	-6.631792E+1
6.631093E+1	2.017000E-4	2.745000E-5	1.994061E+1	-6.631093E+1
6.630392E+1	5.130000E-5	-4.760000E-5	1.998731E+1	-6.630392E+1
6.629693E+1	-8.565000E-5	3.810000E-5	2.003401E+1	-6.629693E+1
6.628992E+1	-2.209500E-4	1.470000E-5	2.008071E+1	-6.628992E+1
6.628293E+1	-3.478000E-4	3.500000E-6	2.012741E+1	-6.628293E+1
6.627592E+1	-3.383000E-4	-1.985000E-5	2.017411E+1	-6.627592E+1
6.626893E+1	-2.541000E-4	-1.335000E-5	2.022081E+1	-6.626893E+1
6.626192E+1	-1.393500E-4	-3.205000E-5	2.026751E+1	-6.626192E+1
6.625493E+1	-7.565000E-5	-8.470000E-5	2.031421E+1	-6.625493E+1
6.624792E+1	6.395000E-5	1.125000E-5	2.036091E+1	-6.624792E+1
6.624093E+1	1.780000E-4	-1.775000E-5	2.040760E+1	-6.624093E+1
6.623392E+1	2.533500E-4	7.500000E-7	2.045430E+1	-6.623392E+1
6.622693E+1	2.360500E-4	-1.410000E-5	2.050100E+1	-6.622693E+1
6.621992E+1	1.459000E-4	1.295000E-5	2.054770E+1	-6.621992E+1
6.621293E+1	1.350000E-4	-8.300000E-6	2.059440E+1	-6.621293E+1
6.620592E+1	8.400000E-6	2.300000E-6	2.064110E+1	-6.620592E+1
6.619892E+1	-5.630000E-5	1.165000E-5	2.068780E+1	-6.619892E+1
6.619193E+1	-1.120500E-4	-1.350000E-6	2.073450E+1	-6.619193E+1
6.618492E+1	-6.835000E-5	-4.920000E-5	2.078120E+1	-6.618492E+1
6.617793E+1	7.345000E-5	6.280000E-5	2.082790E+1	-6.617793E+1
6.617092E+1	7.960000E-5	-1.575000E-5	2.087460E+1	-6.617092E+1
6.616393E+1	1.226500E-4	-7.100000E-6	2.092130E+1	-6.616393E+1
6.615692E+1	1.474000E-4	3.975000E-5	2.096800E+1	-6.615692E+1
6.614993E+1	1.094500E-4	7.650000E-6	2.101470E+1	-6.614993E+1
6.614292E+1	5.990000E-5	4.580000E-5	2.106140E+1	-6.614292E+1
6.613593E+1	-5.500000E-7	-3.170000E-5	2.110810E+1	-6.613593E+1
6.612892E+1	-9.825000E-5	-3.030000E-5	2.115479E+1	-6.612892E+1
6.612193E+1	-2.117500E-4	-4.445000E-5	2.120149E+1	-6.612193E+1
6.611492E+1	-1.966500E-4	-2.210000E-5	2.124819E+1	-6.611492E+1
6.610793E+1	-1.939000E-4	-4.635000E-5	2.129489E+1	-6.610793E+1
6.610092E+1	-1.307000E-4	-4.560000E-5	2.134159E+1	-6.610092E+1
6.609393E+1	-1.399000E-4	-2.685000E-5	2.138829E+1	-6.609393E+1
6.608692E+1	3.360000E-5	1.050000E-5	2.143499E+1	-6.608692E+1
6.607993E+1	1.472000E-4	-5.340000E-5	2.148169E+1	-6.607993E+1
6.607292E+1	2.661500E-4	1.400000E-6	2.152839E+1	-6.607292E+1
6.606593E+1	3.268000E-4	-3.575000E-5	2.157509E+1	-6.606593E+1
6.605892E+1	3.328000E-4	-6.600000E-6	2.162179E+1	-6.605892E+1
6.605193E+1	3.585000E-4	-9.500000E-7	2.166849E+1	-6.605193E+1
6.604492E+1	2.206500E-4	-2.175000E-5	2.171519E+1	-6.604492E+1
6.603793E+1	1.477500E-4	1.990000E-5	2.176188E+1	-6.603793E+1
6.603092E+1	-1.734000E-4	-1.475000E-5	2.180858E+1	-6.603092E+1
6.602393E+1	-3.209500E-4	3.740000E-5	2.185528E+1	-6.602393E+1
6.601692E+1	-4.824500E-4	3.650000E-5	2.190198E+1	-6.601692E+1
6.600993E+1	-4.829000E-4	3.805000E-5	2.194868E+1	-6.600993E+1
6.600292E+1	-4.183000E-4	3.930000E-5	2.199538E+1	-6.600292E+1
6.599593E+1	-2.242000E-4	-9.400000E-5	2.204208E+1	-6.599593E+1
6.598892E+1	4.500000E-7	-5.445000E-5	2.208878E+1	-6.598892E+1
6.598193E+1	2.282500E-4	-4.930000E-5	2.213548E+1	-6.598193E+1
6.597492E+1	3.831000E-4	-6.500000E-6	2.218218E+1	-6.597492E+1
6.596793E+1	2.976000E-4	1.900000E-6	2.222888E+1	-6.596793E+1
6.596092E+1	1.617500E-4	-5.100000E-6	2.227558E+1	-6.596092E+1
6.595393E+1	5.350000E-5	4.750000E-6	2.232228E+1	-6.595393E+1
6.594692E+1	-7.505000E-5	1.575000E-5	2.236898E+1	-6.594692E+1
6.593993E+1	-2.254500E-4	-5.700000E-6	2.241568E+1	-6.593993E+1
6.593292E+1	-3.053500E-4	-2.575000E-5	2.246238E+1	-6.593292E+1
6.592593E+1	-2.804000E-4	-5.735000E-5	2.250908E+1	-6.592593E+1
6.591892E+1	-2.340500E-4	-7.565000E-5	2.255577E+1	-6.591892E+1
6.591193E+1	-1.442000E-4	-6.290000E-5	2.260247E+1	-6.591193E+1
6.590492E+1	1.055000E-5	-4.410000E-5	2.264917E+1	-6.590492E+1
6.589793E+1	1.199000E-4	-5.450000E-6	2.269587E+1	-6.589793E+1
6.589092E+1	2.219500E-4	-5.865000E-5	2.274257E+1	-6.589092E+1
6.588393E+1	2.859000E-4	-1.795000E-5	2.278927E+1	-6.588393E+1
6.587692E+1	3.045000E-4	6.650000E-6	2.283597E+1	-6.587692E+1
6.586993E+1	2.423500E-4	-8.655000E-5	2.288267E+1	-6.586993E+1
6.586292E+1	2.547000E-4	4.060000E-5	2.292937E+1	-6.586292E+1
6.585593E+1	2.884500E-4	-1.320000E-5	2.297607E+1	-6.585593E+1
6.584892E+1	3.640500E-4	-1.065000E-5	2.302277E+1	-6.584892E+1
6.584193E+1	4.139500E-4	-8.540000E-5	2.306947E+1	-6.584193E+1
6.583492E+1	5.421000E-4	-3.760000E-5	2.311617E+1	-6.583492E+1
6.582793E+1	5.115500E-4	-1.850000E-5	2.316286E+1	-6.582793E+1
6.582092E+1	4.338500E-4	-3.410000E-5	2.320956E+1	-6.582092E+1
6.581393E+1	3.183500E-4	1.875000E-5	2.325626E+1	-6.581393E+1
6.580692E+1	1.439000E-4	4.015000E-5	2.330296E+1	-6.580692E+1
6.579993E+1	-1.882000E-4	-7.490000E-5	2.334966E+1	-6.579993E+1
6.579292E+1	-4.003000E-4	4.715000E-5	2.339636E+1	-6.579292E+1
6.578593E+1	-5.185000E-4	-7.300000E-6	2.344306E+1	-6.578593E+1
6.577892E+1	-5.331000E-4	-2.875000E-5	2.348976E+1	-6.577892E+1
6.577193E+1	-6.881000E-4	2.855000E-5	2.353646E+1	-6.577193E+1
6.576492E+1	-6.821000E-4	2.160000E-5	2.358316E+1	-6.576492E+1
6.575793E+1	-7.145000E-4	-5.200000E-6	2.362986E+1	-6.575793E+1
6.575092E+1	-5.744000E-4	2.960000E-5	2.367656E+1	-6.575092E+1
6.574393E+1	-4.289000E-4	-5.320000E-5	2.372326E+1	-6.574393E+1
6.573692E+1	-3.030000E-5	-6.285000E-5	2.376996E+1	-6.573692E+1
6.572993E+1	2.002000E-4	-6.300000E-5	2.381666E+1	-6.572993E+1
6.572292E+1	3.899000E-4	-3.990000E-5	2.386336E+1	-6.572292E+1
6.571593E+1	5.181500E-4	-4.705000E-5	2.391006E+1	-6.571593E+1
6.570892E+1	5.239500E-4	-4.100000E-6	2.395675E+1	-6.570892E+1
6.570193E+1	3.698000E-4	-2.060000E-5	2.400345E+1	-6.570193E+1
6.569492E+1	1.662000E-4	-2.200000E-5	2.405015E+1	-6.569492E+1
6.568793E+1	-8.040000E-5	2.880000E-5	2.409685E+1	-6.568793E+1
6.568092E+1	-1.928000E-4	1.500000E-5	2.414355E+1	-6.568092E+1
6.567393E+1	-2.316500E-4	-4.330000E-5	2.419025E+1	-6.567393E+1
6.566692E+1	-2.383500E-4	-9.950000E-6	2.423695E+1	-6.566692E+1
6.565993E+1	-9.970000E-5	-2.665000E-5	2.428365E+1	-6.565993E+1
6.565292E+1	-6.480000E-5	-2.185000E-5	2.433035E+1	-6.565292E+1
6.564593E+1	1.266000E-4	-2.485000E-5	2.437705E+1	-6.564593E+1
6.563892E+1	2.040000E-4	2.720000E-5	2.442375E+1	-6.563892E+1
6.563193E+1	2.143000E-4	4.950000E-6	2.447045E+1	-6.563193E+1
6.562492E+1	1.824000E-4	-1.010000E-5	2.451715E+1	-6.562492E+1
6.561793E+1	1.925000E-5	-2.465000E-5	2.456384E+1	-6.561793E+1
6.561092E+1	-7.090000E-5	-6.500000E-6	2.461054E+1	-6.561092E+1
6.560393E+1	-1.926500E-4	3.055000E-5	2.465724E+1	-6.560393E+1
6.559692E+1	-3.263500E-4	-1.115000E-5	2.470394E+1	-6.559692E+1
6.558993E+1	-1.956500E-4	-6.255000E-5	2.475064E+1	-6.558993E+1
6.558292E+1	-2.885000E-5	-9.725000E-5	2.479734E+1	-6.558292E+1
6.557593E+1	1.607000E-4	9.580000E-5	2.484404E+1	-6.557593E+1
6.556892E+1	1.331500E-4	-7.280000E-5	2.489074E+1	-6.556892E+1
6.556193E+1	1.982500E-4	-1.005000E-5	2.493744E+1	-6.556193E+1
6.555492E+1	2.549500E-4	-2.685000E-5	2.498414E+1	-6.555492E+1
6.554793E+1	4.990000E-5	-7.235000E-5	2.503084E+1	-6.554793E+1
6.554092E+1	2.395000E-5	-6.560000E-5	2.507754E+1	-6.554092E+1
6.553393E+1	-4.335000E-5	-5.930000E-5	2.512424E+1	-6.553393E+1
6.552692E+1	-8.410000E-5	-7.550000E-6	2.517094E+1	-6.552692E+1
6.551993E+1	2.900000E-5	-4.150000E-5	2.521764E+1	-6.551993E+1
6.551292E+1	1.240000E-4	-4.090000E-5	2.526434E+1	-6.551292E+1
6.550593E+1	1.214000E-4	2.050000E-6	2.531103E+1	-6.550593E+1
6.549892E+1	1.208500E-4	6.330000E-5	2.535773E+1	-6.549892E+1
6.549193E+1	7.625000E-5	8.200000E-5	2.540443E+1	-6.549193E+1
6.548492E+1	-1.141500E-4	1.450000E-5	2.545113E+1	-6.548492E+1
6.547793E+1	-2.877500E-4	1.180000E-5	2.549783E+1	-6.547793E+1
6.547092E+1	-3.437000E-4	5.295000E-5	2.554453E+1	-6.547092E+1
6.546393E+1	-3.642000E-4	-1.023000E-4	2.559123E+1	-6.546393E+1
6.545692E+1	-1.310000E-4	-1.965000E-5	2.563793E+1	-6.545692E+1
6.544993E+1	-1.000000E-7	-6.865000E-5	2.568463E+1	-6.544993E+1
6.544292E+1	2.398500E-4	-1.845000E-5	2.573133E+1	-6.544292E+1
6.543593E+1	4.095500E-4	7.815000E-5	2.577803E+1	-6.543593E+1
6.542892E+1	3.801000E-4	-1.160500E-4	2.582473E+1	-6.542892E+1
6.542193E+1	2.606500E-4	-1.985000E-5	2.587143E+1	-6.542193E+1
6.541492E+1	-1.240000E-5	1.770000E-5	2.591813E+1	-6.541492E+1
6.540793E+1	-2.714500E-4	-1.680000E-5	2.596482E+1	-6.540793E+1
6.540092E+1	-3.218000E-4	3.480000E-5	2.601152E+1	-6.540092E+1
6.539393E+1	-2.950500E-4	-5.730000E-5	2.605822E+1	-6.539393E+1
6.538692E+1	-2.760500E-4	-2.775000E-5	2.610492E+1	-6.538692E+1
6.537993E+1	-7.025000E-5	-2.775000E-5	2.615162E+1	-6.537993E+1
6.537292E+1	1.656500E-4	4.275000E-5	2.619832E+1	-6.537292E+1
6.536593E+1	2.461500E-4	-7.700000E-6	2.624502E+1	-6.536593E+1
6.535892E+1	1.431000E-4	-8.250000E-6	2.629172E+1	-6.535892E+1
6.535193E+1	1.128500E-4	4.585000E-5	2.633842E+1	-6.535193E+1
6.534492E+1	9.295000E-5	-5.630000E-5	2.638512E+1	-6.534492E+1
6.533793E+1	-8.120000E-5	3.040000E-5	2.643182E+1	-6.533793E+1
6.533092E+1	-6.800000E-6	9.950000E-6	2.647852E+1	-6.533092E+1
6.532392E+1	5.100000E-5	1.295000E-5	2.652522E+1	-6.532392E+1
6.531693E+1	9.155000E-5	-5.300000E-6	2.657192E+1	-6.531693E+1
6.530992E+1	6.900000E-6	-2.245000E-5	2.661862E+1	-6.530992E+1
6.530293E+1	-4.395000E-5	8.500000E-7	2.666531E+1	-6.530293E+1
6.529592E+1	-5.940000E-5	5.705000E-5	2.671201E+1	-6.529592E+1
6.528893E+1	-9.020000E-5	2.150000E-5	2.675871E+1	-6.528893E+1
6.528192E+1	-1.218000E-4	1.095000E-5	2.680541E+1	-6.528192E+1
6.527493E+1	-4.400000E-6	-3.030000E-5	2.685211E+1	-6.527493E+1
6.526792E+1	1.353500E-4	-2.305000E-5	2.689881E+1	-6.526792E+1
6.526093E+1	1.972000E-4	1.510000E-5	2.694551E+1	-6.526093E+1
6.525392E+1	1.637000E-4	4.900000E-6	2.699221E+1	-6.525392E+1
6.524693E+1	8.940000E-5	3.440000E-5	2.703891E+1	-6.524693E+1
6.523992E+1	-8.750000E-5	4.905000E-5	2.708561E+1	-6.523992E+1
6.523293E+1	-1.557000E-4	9.950000E-6	2.713231E+1	-6.523293E+1
6.522592E+1	-2.585500E-4	1.835000E-5	2.717901E+1	-6.522592E+1
6.521893E+1	-2.140000E-4	-6.505000E-5	2.722571E+1	-6.521893E+1
6.521192E+1	-1.362000E-4	-1.058500E-4	2.727241E+1	-6.521192E+1
6.520493E+1	7.520000E-5	2.355000E-5	2.731911E+1	-6.520493E+1
6.519792E+1	2.035000E-4	-3.410000E-5	2.736580E+1	-6.519792E+1
6.519093E+1	3.485000E-4	2.515000E-5	2.741250E+1	-6.519093E+1
6.518392E+1	3.234500E-4	-6.600000E-6	2.745920E+1	-6.518392E+1
6.517693E+1	1.414500E-4	-8.150000E-6	2.750590E+1	-6.517693E+1
6.516992E+1	-2.540000E-5	1.350000E-6	2.755260E+1	-6.516992E+1
6.516293E+1	-1.581000E-4	4.205000E-5	2.759930E+1	-6.516293E+1
6.515592E+1	-3.218500E-4	5.040000E-5	2.764600E+1	-6.515592E+1
6.514893E+1	-2.859000E-4	2.300000E-6	2.769270E+1	-6.514893E+1
6.514192E+1	-2.141000E-4	-6.190000E-5	2.773940E+1	-6.514192E+1
6.513493E+1	-6.340000E-5	-7.280000E-5	2.778610E+1	-6.513493E+1
6.512792E+1	8.770000E-5	-3.175000E-5	2.783280E+1	-6.512792E+1
6.512093E+1	2.075000E-4	-4.155000E-5	2.787950E+1	-6.512093E+1
6.511392E+1	1.810000E-4	-2.145000E-5	2.792620E+1	-6.511392E+1
6.510693E+1	1.860500E-4	1.400000E-6	2.797290E+1	-6.510693E+1
6.509992E+1	5.035000E-5	-1.420000E-5	2.801959E+1	-6.509992E+1
6.509293E+1	2.025000E-5	-3.075000E-5	2.806629E+1	-6.509293E+1
6.508592E+1	4.340000E-5	-6.600000E-6	2.811299E+1	-6.508592E+1
6.507893E+1	1.570000E-5	1.205000E-5	2.815969E+1	-6.507893E+1
6.507192E+1	5.615000E-5	-2.520000E-5	2.820639E+1	-6.507192E+1
6.506493E+1	-2.300000E-5	-4.550000E-5	2.825309E+1	-6.506493E+1
6.505792E+1	8.655000E-5	-2.460000E-5	2.829979E+1	-6.505792E+1
6.505093E+1	-6.490000E-5	7.600000E-6	2.834649E+1	-6.505093E+1
6.504392E+1	-8.150000E-5	1.845000E-5	2.839319E+1	-6.504392E+1
6.503693E+1	-1.290000E-4	-2.360000E-5	2.843989E+1	-6.503693E+1
6.502992E+1	-6.900000E-5	-5.985000E-5	2.848659E+1	-6.502992E+1
6.502293E+1	-7.625000E-5	-4.820000E-5	2.853329E+1	-6.502293E+1
6.501592E+1	-7.460000E-5	3.500000E-5	2.857999E+1	-6.501592E+1
6.500893E+1	1.900000E-6	1.090000E-5	2.862669E+1	-6.500893E+1
6.500192E+1	8.370000E-5	-6.815000E-5	2.867339E+1	-6.500192E+1
6.499493E+1	1.623500E-4	-5.895000E-5	2.872009E+1	-6.499493E+1
6.498792E+1	1.581500E-4	-6.785000E-5	2.876678E+1	-6.498792E+1
6.498093E+1	-2.730000E-5	-2.035000E-5	2.881348E+1	-6.498093E+1
6.497392E+1	-1.032500E-4	3.705000E-5	2.886018E+1	-6.497392E+1
6.496693E+1	-1.668500E-4	-4.670000E-5	2.890688E+1	-6.496693E+1
6.495992E+1	-1.001500E-4	-1.143000E-4	2.895358E+1	-6.495992E+1
6.495293E+1	-7.170000E-5	-8.725000E-5	2.900028E+1	-6.495293E+1
6.494592E+1	-5.175000E-5	-5.025000E-5	2.904698E+1	-6.494592E+1
6.493893E+1	7.220000E-5	-3.250000E-6	2.909368E+1	-6.493893E+1
6.493192E+1	2.910500E-4	9.150000E-6	2.914038E+1	-6.493192E+1
6.492493E+1	2.088500E-4	-3.560000E-5	2.918708E+1	-6.492493E+1
6.491792E+1	1.809500E-4	-1.950000E-5	2.923378E+1	-6.491792E+1
6.491093E+1	1.140500E-4	4.850000E-6	2.928048E+1	-6.491093E+1
6.490392E+1	6.860000E-5	2.300000E-5	2.932718E+1	-6.490392E+1
6.489693E+1	-3.220000E-5	-2.200000E-6	2.937387E+1	-6.489693E+1
6.488992E+1	-1.084000E-4	2.050000E-6	2.942057E+1	-6.488992E+1
6.488293E+1	-1.801500E-4	9.000000E-6	2.946727E+1	-6.488293E+1
6.487592E+1	-1.288000E-4	3.905000E-5	2.951397E+1	-6.487592E+1
6.486893E+1	-8.775000E-5	-4.250000E-6	2.956067E+1	-6.486893E+1
6.486192E+1	-4.665000E-5	1.800000E-6	2.960737E+1	-6.486192E+1
6.485493E+1	-4.615000E-5	-1.022000E-4	2.965407E+1	-6.485493E+1
6.484792E+1	5.800000E-5	-2.300000E-6	2.970077E+1	-6.484792E+1
6.484093E+1	1.369000E-4	1.715000E-5	2.974747E+1	-6.484093E+1
6.483392E+1	3.075000E-5	2.535000E-5	2.979417E+1	-6.483392E+1
6.482693E+1	1.795000E-5	-3.155000E-5	2.984087E+1	-6.482693E+1
6.481992E+1	-2.020000E-5	-1.920000E-5	2.988757E+1	-6.481992E+1
6.481293E+1	5.970000E-5	8.500000E-6	2.993427E+1	-6.481293E+1
6.480592E+1	8.260000E-5	-1.770000E-5	2.998097E+1	-6.480592E+1
6.479893E+1	1.118500E-4	1.540000E-5	3.002767E+1	-6.479893E+1
6.479192E+1	1.680500E-4	-1.810000E-5	3.007437E+1	-6.479192E+1
6.478493E+1	1.181000E-4	-1.590000E-5	3.012107E+1	-6.478493E+1
6.477792E+1	9.565000E-5	-1.130000E-5	3.016776E+1	-6.477792E+1
6.477093E+1	-1.080000E-5	2.000000E-7	3.021446E+1	-6.477093E+1
6.476392E+1	-9.380000E-5	4.435000E-5	3.026116E+1	-6.476392E+1
6.475693E+1	-9.915000E-5	2.350000E-5	3.030786E+1	-6.475693E+1
6.474992E+1	-1.411500E-4	-2.550000E-5	3.035456E+1	-6.474992E+1
6.474293E+1	-1.983000E-4	-3.010000E-5	3.040126E+1	-6.474293E+1
6.473592E+1	-1.775500E-4	2.935000E-5	3.044796E+1	-6.473592E+1
6.472893E+1	-9.690000E-5	-4.230000E-5	3.049466E+1	-6.472893E+1
6.472192E+1	-6.045000E-5	-3.215000E-5	3.054136E+1	-6.472192E+1
6.471493E+1	-7.615000E-5	-2.250000E-5	3.058806E+1	-6.471493E+1
6.470792E+1	9.585000E-5	-1.330000E-5	3.063476E+1	-6.470792E+1
6.470093E+1	1.165500E-4	-1.175000E-5	3.068146E+1	-6.470093E+1
6.469392E+1	1.063000E-4	-2.305000E-5	3.072816E+1	-6.469392E+1
6.468693E+1	5.845000E-5	2.620000E-5	3.077485E+1	-6.468693E+1
6.467992E+1	9.165000E-5	-2.510000E-5	3.082155E+1	-6.467992E+1
6.467293E+1	1.076500E-4	-9.150000E-6	3.086825E+1	-6.467293E+1
6.466592E+1	4.400000E-5	-7.350000E-6	3.091495E+1	-6.466592E+1
6.465893E+1	4.530000E-5	-1.555000E-5	3.096165E+1	-6.465893E+1
6.465192E+1	5.255000E-5	6.200000E-6	3.100835E+1	-6.465192E+1
6.464493E+1	3.485000E-5	5.895000E-5	3.105505E+1	-6.464493E+1
6.463792E+1	5.110000E-5	-3.835000E-5	3.110175E+1	-6.463792E+1
6.463093E+1	-3.770000E-5	8.980000E-5	3.114845E+1	-6.463093E+1
6.462392E+1	-8.260000E-5	2.780000E-5	3.119515E+1	-6.462392E+1
6.461693E+1	-2.622500E-4	5.125000E-5	3.124185E+1	-6.461693E+1
6.460992E+1	-3.321000E-4	-1.210000E-5	3.128855E+1	-6.460992E+1
6.460293E+1	-2.359500E-4	-4.450000E-6	3.133525E+1	-6.460293E+1
6.459592E+1	-9.470000E-5	-6.900000E-5	3.138195E+1	-6.459592E+1
6.458893E+1	8.150000E-6	4.745000E-5	3.142865E+1	-6.458893E+1
6.458192E+1	2.114000E-4	-1.820000E-5	3.147535E+1	-6.458192E+1
6.457493E+1	1.683500E-4	-3.460000E-5	3.152205E+1	-6.457493E+1
6.456792E+1	1.308000E-4	-7.605000E-5	3.156874E+1	-6.456792E+1
6.456093E+1	5.170000E-5	3.700000E-6	3.161544E+1	-6.456093E+1
6.455392E+1	4.995000E-5	1.350000E-5	3.166214E+1	-6.455392E+1
6.454693E+1	-6.005000E-5	-2.485000E-5	3.170884E+1	-6.454693E+1
6.453992E+1	-1.740000E-5	5.000000E-6	3.175554E+1	-6.453992E+1
6.453293E+1	9.780000E-5	-7.170000E-5	3.180224E+1	-6.453293E+1
6.452592E+1	9.415000E-5	2.670000E-5	3.184894E+1	-6.452592E+1
6.451893E+1	1.807500E-4	7.050000E-5	3.189564E+1	-6.451893E+1
6.451192E+1	1.971500E-4	-2.235000E-5	3.194234E+1	-6.451192E+1
6.450493E+1	1.767500E-4	3.070000E-5	3.198904E+1	-6.450493E+1
6.449792E+1	1.635000E-5	-3.765000E-5	3.203574E+1	-6.449792E+1
6.449093E+1	-9.495000E-5	-1.240000E-5	3.208244E+1	-6.449093E+1
6.448392E+1	-2.293500E-4	1.205000E-5	3.212914E+1	-6.448392E+1
6.447693E+1	-2.206000E-4	-7.440000E-5	3.217583E+1	-6.447693E+1
6.446992E+1	-1.387000E-4	-3.435000E-5	3.222253E+1	-6.446992E+1
6.446293E+1	-7.430000E-5	-5.150000E-5	3.226923E+1	-6.446293E+1
6.445592E+1	3.680000E-5	-4.805000E-5	3.231593E+1	-6.445592E+1
6.444892E+1	1.888500E-4	-6.530000E-5	3.236263E+1	-6.444892E+1
6.444193E+1	1.557500E-4	-9.900000E-6	3.240933E+1	-6.444193E+1
6.443492E+1	2.242000E-4	7.895000E-5	3.245603E+1	-6.443492E+1
6.442793E+1	1.870000E-5	1.265000E-5	3.250273E+1	-6.442793E+1
6.442092E+1	-9.365000E-5	3.350000E-5	3.254943E+1	-6.442092E+1
6.441393E+1	-1.306500E-4	-1.840000E-5	3.259613E+1	-6.441393E+1
6.440692E+1	-1.277000E-4	-1.217000E-4	3.264283E+1	-6.440692E+1
6.439993E+1	-1.171000E-4	3.135000E-5	3.268953E+1	-6.439993E+1
6.439292E+1	1.149000E-4	-4.395000E-5	3.273623E+1	-6.439292E+1
6.438593E+1	1.865500E-4	3.815000E-5	3.278292E+1	-6.438593E+1
6.437892E+1	1.379500E-4	2.200000E-5	3.282962E+1	-6.437892E+1
6.437193E+1	1.414500E-4	5.350000E-6	3.287632E+1	-6.437193E+1
6.436492E+1	4.760000E-5	3.820000E-5	3.292302E+1	-6.436492E+1
6.435793E+1	-1.099500E-4	1.073500E-4	3.296972E+1	-6.435793E+1
6.435092E+1	-1.874000E-4	5.725000E-5	3.301642E+1	-6.435092E+1
6.434393E+1	-1.398500E-4	-1.585000E-5	3.306312E+1	-6.434393E+1
6.433692E+1	-1.352000E-4	-2.695000E-5	3.310982E+1	-6.433692E+1
6.432993E+1	-3.545000E-5	3.310000E-5	3.315652E+1	-6.432993E+1
6.432292E+1	1.021500E-4	3.740000E-5	3.320322E+1	-6.432292E+1
6.431593E+1	1.406000E-4	-4.515000E-5	3.324992E+1	-6.431593E+1
6.430892E+1	1.251500E-4	3.265000E-5	3.329662E+1	-6.430892E+1
6.430193E+1	5.045000E-5	-2.740000E-5	3.334332E+1	-6.430193E+1
6.429492E+1	-3.320000E-5	1.475000E-5	3.339002E+1	-6.429492E+1
6.428793E+1	-1.255000E-5	5.845000E-5	3.343672E+1	-6.428793E+1
6.428092E+1	-3.900000E-6	1.920000E-5	3.348342E+1	-6.428092E+1
6.427393E+1	1.460000E-5	-9.350000E-6	3.353012E+1	-6.427393E+1
6.426692E+1	1.452500E-4	-1.565000E-5	3.357682E+1	-6.426692E+1
6.425993E+1	1.859500E-4	-9.860000E-5	3.362351E+1	-6.425993E+1
6.425292E+1	2.075500E-4	2.315000E-5	3.367021E+1	-6.425292E+1
6.424593E+1	1.970000E-4	-5.215000E-5	3.371691E+1	-6.424593E+1
6.423892E+1	1.732000E-4	7.010000E-5	3.376361E+1	-6.423892E+1
6.423193E+1	-7.815000E-5	6.315000E-5	3.381031E+1	-6.423193E+1
6.422492E+1	-1.930000E-4	3.285000E-5	3.385701E+1	-6.422492E+1
6.421793E+1	-2.114500E-4	4.515000E-5	3.390371E+1	-6.421793E+1
6.421092E+1	-2.147000E-4	4.200000E-6	3.395041E+1	-6.421092E+1
6.420393E+1	-1.477500E-4	2.840000E-5	3.399711E+1	-6.420393E+1
6.419692E+1	-1.159500E-4	-6.230000E-5	3.404381E+1	-6.419692E+1
6.418993E+1	-1.545000E-5	9.700000E-6	3.409051E+1	-6.418993E+1
6.418292E+1	7.545000E-5	-5.065000E-5	3.413721E+1	-6.418292E+1
6.417593E+1	1.028000E-4	1.185000E-5	3.418391E+1	-6.417593E+1
6.416892E+1	1.612000E-4	3.500000E-5	3.423061E+1	-6.416892E+1
6.416193E+1	1.597500E-4	-4.500000E-6	3.427731E+1	-6.416193E+1
6.415492E+1	1.104000E-4	-2.180000E-5	3.432401E+1	-6.415492E+1
6.414793E+1	-4.350000E-6	-5.895000E-5	3.437070E+1	-6.414793E+1
6.414092E+1	3.480000E-5	5.300000E-5	3.441740E+1	-6.414092E+1
6.413393E+1	-2.185000E-5	7.515000E-5	3.446410E+1	-6.413393E+1
6.412692E+1	-6.665000E-5	-2.380000E-5	3.451080E+1	-6.412692E+1
6.411993E+1	-3.120000E-5	4.050000E-6	3.455750E+1	-6.411993E+1
6.411292E+1	-3.285000E-5	-5.140000E-5	3.460420E+1	-6.411292E+1
6.410593E+1	9.950000E-6	-1.705000E-5	3.465090E+1	-6.410593E+1
6.409892E+1	1.955000E-5	-3.390000E-5	3.469760E+1	-6.409892E+1
6.409193E+1	-5.500000E-5	6.050000E-6	3.474430E+1	-6.409193E+1
6.408492E+1	-7.415000E-5	-1.215000E-5	3.479100E+1	-6.408492E+1
6.407793E+1	-1.725000E-5	7.100000E-5	3.483770E+1	-6.407793E+1
6.407092E+1	-8.305000E-5	1.084500E-4	3.488440E+1	-6.407092E+1
6.406393E+1	-6.535000E-5	2.190000E-5	3.493110E+1	-6.406393E+1
6.405692E+1	-6.960000E-5	-9.300000E-6	3.497779E+1	-6.405692E+1
6.404993E+1	4.535000E-5	2.705000E-5	3.502449E+1	-6.404993E+1
6.404292E+1	1.348500E-4	5.115000E-5	3.507119E+1	-6.404292E+1
6.403593E+1	1.615500E-4	-4.975000E-5	3.511789E+1	-6.403593E+1
6.402892E+1	1.890000E-4	2.725000E-5	3.516459E+1	-6.402892E+1
6.402193E+1	1.058500E-4	-6.140000E-5	3.521129E+1	-6.402193E+1
6.401492E+1	5.285000E-5	2.350000E-5	3.525799E+1	-6.401492E+1
6.400793E+1	-1.363000E-4	1.750000E-6	3.530469E+1	-6.400793E+1
6.400092E+1	-1.336000E-4	-5.745000E-5	3.535139E+1	-6.400092E+1
6.399392E+1	-7.270000E-5	-4.970000E-5	3.539809E+1	-6.399392E+1
6.398692E+1	1.990000E-5	-1.150000E-5	3.544479E+1	-6.398692E+1
6.397992E+1	-6.560000E-5	-5.140000E-5	3.549149E+1	-6.397992E+1
6.397292E+1	6.515000E-5	-6.835000E-5	3.553819E+1	-6.397292E+1
6.396592E+1	1.741500E-4	-7.510000E-5	3.558488E+1	-6.396592E+1
6.395892E+1	1.127000E-4	2.000000E-5	3.563158E+1	-6.395892E+1
6.395192E+1	1.219000E-4	-5.265000E-5	3.567828E+1	-6.395192E+1
6.394492E+1	8.115000E-5	-1.500000E-7	3.572498E+1	-6.394492E+1
6.393792E+1	2.695000E-5	1.000000E-5	3.577168E+1	-6.393792E+1
6.393092E+1	-1.619000E-4	1.945000E-5	3.581838E+1	-6.393092E+1
6.392392E+1	-1.730500E-4	-1.125000E-5	3.586508E+1	-6.392392E+1
6.391692E+1	-9.245000E-5	-3.565000E-5	3.591178E+1	-6.391692E+1
6.390992E+1	9.385000E-5	2.246000E-4	3.595848E+1	-6.390992E+1
6.390292E+1	3.335000E-5	-7.065000E-5	3.600518E+1	-6.390292E+1
6.389592E+1	1.513000E-4	9.245000E-5	3.605188E+1	-6.389592E+1
6.388892E+1	2.282000E-4	-3.755000E-5	3.609858E+1	-6.388892E+1
6.388192E+1	1.637000E-4	2.685000E-5	3.614528E+1	-6.388192E+1
6.387492E+1	3.325000E-5	-3.790000E-5	3.619198E+1	-6.387492E+1
6.386792E+1	4.350000E-6	1.375000E-5	3.623868E+1	-6.386792E+1
6.386092E+1	-8.060000E-5	-2.240000E-5	3.628537E+1	-6.386092E+1
6.385392E+1	-8.420000E-5	-3.000000E-7	3.633207E+1	-6.385392E+1
6.384692E+1	-1.119000E-4	-7.090000E-5	3.637877E+1	-6.384692E+1
6.383992E+1	-8.980000E-5	-4.735000E-5	3.642547E+1	-6.383992E+1
6.383292E+1	1.390000E-5	-3.260000E-5	3.647217E+1	-6.383292E+1
6.382592E+1	3.635000E-5	-3.255000E-5	3.651887E+1	-6.382592E+1
6.381892E+1	8.710000E-5	-8.650000E-6	3.656557E+1	-6.381892E+1
6.381192E+1	-1.021500E-4	-2.839000E-4	3.661227E+1	-6.381192E+1
6.380492E+1	4.540000E-5	-5.105000E-5	3.665897E+1	-6.380492E+1
6.379792E+1	-2.345000E-5	-1.287500E-4	3.670567E+1	-6.379792E+1
6.379092E+1	-9.195000E-5	6.285000E-5	3.675237E+1	-6.379092E+1
6.378392E+1	-9.880000E-5	-7.120000E-5	3.679907E+1	-6.378392E+1
6.377692E+1	-1.032000E-4	-4.705000E-5	3.684577E+1	-6.377692E+1
6.376992E+1	2.345000E-5	1.145000E-5	3.689247E+1	-6.376992E+1
6.376292E+1	-7.050000E-5	8.750000E-6	3.693917E+1	-6.376292E+1
6.375592E+1	2.670000E-5	4.290000E-5	3.698587E+1	-6.375592E+1
6.374892E+1	6.840000E-5	-6.935000E-5	3.703257E+1	-6.374892E+1
6.374192E+1	-5.475000E-5	-5.940000E-5	3.707927E+1	-6.374192E+1
6.373492E+1	1.004000E-4	6.810000E-5	3.712597E+1	-6.373492E+1
6.372792E+1	3.345000E-5	8.100000E-6	3.717266E+1	-6.372792E+1
6.372092E+1	5.655000E-5	-6.320000E-5	3.721936E+1	-6.372092E+1
6.371392E+1	1.190500E-4	-5.510000E-5	3.726606E+1	-6.371392E+1
6.370692E+1	1.056500E-4	-8.000000E-7	3.731276E+1	-6.370692E+1
6.369992E+1	1.469500E-4	2.090000E-5	3.735946E+1	-6.369992E+1
6.369292E+1	1.419000E-4	1.255000E-5	3.740616E+1	-6.369292E+1
6.368592E+1	-7.145000E-5	3.200000E-6	3.745286E+1	-6.368592E+1
6.367892E+1	8.300000E-6	-5.445000E-5	3.749956E+1	-6.367892E+1
6.367192E+1	-2.704000E-4	4.880000E-5	3.754626E+1	-6.367192E+1
6.366492E+1	-1.445500E-4	-3.805000E-5	3.759296E+1	-6.366492E+1
6.365792E+1	-1.580500E-4	-3.130000E-5	3.763966E+1	-6.365792E+1
6.365092E+1	-4.130000E-5	-1.243500E-4	3.768636E+1	-6.365092E+1
6.364392E+1	8.560000E-5	6.300000E-6	3.773306E+1	-6.364392E+1
6.363692E+1	-1.460000E-5	4.200000E-5	3.777975E+1	-6.363692E+1
6.362992E+1	5.775000E-5	4.115000E-5	3.782645E+1	-6.362992E+1
6.362292E+1	8.360000E-5	-8.770000E-5	3.787315E+1	-6.362292E+1
6.361592E+1	8.220000E-5	5.750000E-6	3.791985E+1	-6.361592E+1
6.360892E+1	8.710000E-5	8.900000E-6	3.796655E+1	-6.360892E+1
6.360192E+1	2.990000E-5	4.090000E-5	3.801325E+1	-6.360192E+1
6.359492E+1	-9.000000E-7	9.500000E-6	3.805995E+1	-6.359492E+1
6.358792E+1	-7.305000E-5	6.150000E-6	3.810665E+1	-6.358792E+1
6.358092E+1	-1.206500E-4	3.900000E-6	3.815335E+1	-6.358092E+1
6.357393E+1	-3.220000E-5	7.750000E-6	3.820005E+1	-6.357393E+1
6.356693E+1	-3.530000E-5	-2.210000E-5	3.824675E+1	-6.356693E+1
6.355993E+1	-2.325000E-5	-9.650000E-6	3.829345E+1	-6.355993E+1
6.355293E+1	4.310000E-5	9.610000E-5	3.834015E+1	-6.355293E+1
6.354593E+1	1.495000E-5	-8.880000E-5	3.838684E+1	-6.354593E+1
6.353893E+1	2.645000E-5	3.805000E-5	3.843354E+1	-6.353893E+1
6.353193E+1	2.995000E-5	1.350000E-6	3.848024E+1	-6.353193E+1
6.352493E+1	3.025000E-5	-1.950500E-4	3.852694E+1	-6.352493E+1
6.351793E+1	4.915000E-5	-7.975000E-5	3.857364E+1	-6.351793E+1
6.351093E+1	-3.235000E-5	-3.060000E-5	3.862034E+1	-6.351093E+1
6.350393E+1	-3.200000E-6	-3.290000E-5	3.866704E+1	-6.350393E+1
6.349693E+1	-3.700000E-6	5.515000E-5	3.871374E+1	-6.349693E+1
6.348993E+1	-2.740000E-5	-2.260000E-5	3.876044E+1	-6.348993E+1
6.348293E+1	3.035000E-5	8.690000E-5	3.880714E+1	-6.348293E+1
6.347593E+1	-1.131000E-4	6.950000E-6	3.885384E+1	-6.347593E+1
6.346893E+1	-4.150000E-6	1.265000E-5	3.890054E+1	-6.346893E+1
6.346193E+1	8.600000E-6	-8.315000E-5	3.894724E+1	-6.346193E+1
6.345493E+1	3.790000E-5	8.300000E-6	3.899393E+1	-6.345493E+1
6.344793E+1	4.965000E-5	-4.475000E-5	3.904063E+1	-6.344793E+1
6.344093E+1	-5.500000E-7	-4.775000E-5	3.908733E+1	-6.344093E+1
6.343393E+1	6.455000E-5	-1.890000E-5	3.913403E+1	-6.343393E+1
6.342693E+1	-9.175000E-5	6.685500E-4	3.918073E+1	-6.342693E+1
6.341993E+1	4.300000E-5	2.215000E-5	3.922743E+1	-6.341993E+1
6.341293E+1	1.114500E-4	1.222500E-4	3.927413E+1	-6.341293E+1
6.340593E+1	2.700000E-6	5.985000E-5	3.932083E+1	-6.340593E+1
6.339893E+1	-4.260000E-5	-2.855000E-5	3.936753E+1	-6.339893E+1
6.339193E+1	-7.220000E-5	5.050000E-6	3.941423E+1	-6.339193E+1
6.338493E+1	-1.178000E-4	-2.615000E-5	3.946093E+1	-6.338493E+1
6.337793E+1	-1.949000E-4	1.770000E-5	3.950763E+1	-6.337793E+1
6.337093E+1	7.800000E-6	-6.945000E-5	3.955433E+1	-6.337093E+1
6.336393E+1	6.135000E-5	-1.042500E-4	3.960103E+1	-6.336393E+1
6.335693E+1	2.340000E-5	-1.610000E-5	3.964773E+1	-6.335693E+1
6.334993E+1	1.170000E-4	-4.800000E-5	3.969443E+1	-6.334993E+1
6.334293E+1	1.398500E-4	-4.250000E-5	3.974113E+1	-6.334293E+1
6.333593E+1	8.815000E-5	3.775000E-5	3.978783E+1	-6.333593E+1
6.332893E+1	1.242000E-4	-5.665000E-5	3.983453E+1	-6.332893E+1
6.332193E+1	-4.045000E-5	-8.010000E-5	3.988122E+1	-6.332193E+1
6.331493E+1	5.405000E-5	-3.025000E-5	3.992792E+1	-6.331493E+1
6.330793E+1	1.030000E-4	3.715000E-5	3.997462E+1	-6.330793E+1
6.330093E+1	-8.265000E-5	-5.570000E-5	4.002132E+1	-6.330093E+1
6.329393E+1	-3.720000E-5	8.215000E-5	4.006802E+1	-6.329393E+1
6.328693E+1	5.310000E-5	-6.500000E-6	4.011472E+1	-6.328693E+1
6.327993E+1	1.450000E-6	-9.350000E-6	4.016142E+1	-6.327993E+1
6.327293E+1	8.365000E-5	-6.050000E-6	4.020812E+1	-6.327293E+1
6.326593E+1	6.355000E-5	2.285000E-5	4.025482E+1	-6.326593E+1
6.325893E+1	4.330000E-5	6.890000E-5	4.030152E+1	-6.325893E+1
6.325193E+1	1.187500E-4	-1.608000E-4	4.034822E+1	-6.325193E+1
6.324493E+1	1.485000E-5	2.800000E-6	4.039492E+1	-6.324493E+1
6.323793E+1	-1.194000E-4	-6.085000E-5	4.044162E+1	-6.323793E+1
6.323093E+1	-9.480000E-5	-4.200000E-5	4.048832E+1	-6.323093E+1
6.322393E+1	-6.670000E-5	-3.630000E-5	4.053502E+1	-6.322393E+1
6.321693E+1	-1.275000E-5	2.050000E-5	4.058171E+1	-6.321693E+1
6.320993E+1	-6.960000E-5	6.510000E-5	4.062841E+1	-6.320993E+1
6.320293E+1	8.450000E-6	-1.032500E-4	4.067511E+1	-6.320293E+1
6.319593E+1	1.088500E-4	1.600000E-5	4.072181E+1	-6.319593E+1
6.318893E+1	1.530500E-4	1.010000E-5	4.076851E+1	-6.318893E+1
6.318193E+1	2.632500E-4	-1.480000E-5	4.081521E+1	-6.318193E+1
6.317493E+1	1.538000E-4	-2.000000E-7	4.086191E+1	-6.317493E+1
6.316793E+1	6.975000E-5	-3.630000E-5	4.090861E+1	-6.316793E+1
6.316093E+1	4.850000E-5	2.825000E-5	4.095531E+1	-6.316093E+1
6.315393E+1	-5.785000E-5	2.985000E-5	4.100201E+1	-6.315393E+1
6.314693E+1	-9.860000E-5	5.640000E-5	4.104871E+1	-6.314693E+1
6.313992E+1	-4.970000E-5	2.270000E-5	4.109541E+1	-6.313992E+1
6.313292E+1	-9.630000E-5	4.700000E-6	4.114211E+1	-6.313292E+1
6.312592E+1	9.050000E-6	1.565000E-5	4.118880E+1	-6.312592E+1
6.311892E+1	-5.545000E-5	4.950000E-5	4.123550E+1	-6.311892E+1
6.311192E+1	1.099500E-4	7.600000E-5	4.128220E+1	-6.311192E+1
6.310492E+1	6.655000E-5	-1.175000E-5	4.132890E+1	-6.310492E+1
6.309792E+1	1.227500E-4	-8.825000E-5	4.137560E+1	-6.309792E+1
6.309092E+1	2.008500E-4	5.330000E-5	4.142230E+1	-6.309092E+1
6.308392E+1	1.400500E-4	-1.275000E-4	4.146900E+1	-6.308392E+1
6.307692E+1	1.252000E-4	-7.660000E-5	4.151570E+1	-6.307692E+1
6.306992E+1	1.642500E-4	3.900000E-5	4.156240E+1	-6.306992E+1
6.306292E+1	-4.935000E-5	8.600000E-6	4.160910E+1	-6.306292E+1
6.305592E+1	-8.655000E-5	9.550000E-6	4.165580E+1	-6.305592E+1
6.304892E+1	-1.421500E-4	-1.184000E-4	4.170250E+1	-6.304892E+1
6.304192E+1	-1.642500E-4	-5.275000E-5	4.174920E+1	-6.304192E+1
6.303492E+1	-7.870000E-5	-4.540000E-5	4.179589E+1	-6.303492E+1
6.302792E+1	-9.025000E-5	-6.030000E-5	4.184259E+1	-6.302792E+1
6.302092E+1	1.150000E-5	-3.165000E-5	4.188929E+1	-6.302092E+1
6.301392E+1	1.472000E-4	-3.410000E-5	4.193599E+1	-6.301392E+1
6.300692E+1	2.104500E-4	-4.375000E-5	4.198269E+1	-6.300692E+1
6.299992E+1	2.481500E-4	-9.680000E-5	4.202939E+1	-6.299992E+1
6.299292E+1	1.608000E-4	5.000000E-6	4.207609E+1	-6.299292E+1
6.298592E+1	6.810000E-5	-5.420000E-5	4.212279E+1	-6.298592E+1
6.297892E+1	-7.015000E-5	2.050000E-6	4.216949E+1	-6.297892E+1
6.297192E+1	-2.283000E-4	7.090000E-5	4.221619E+1	-6.297192E+1
6.296492E+1	-1.487000E-4	-5.590000E-5	4.226289E+1	-6.296492E+1
6.295792E+1	-1.879500E-4	-4.080000E-5	4.230959E+1	-6.295792E+1
6.295092E+1	2.855000E-5	-1.046500E-4	4.235629E+1	-6.295092E+1
6.294392E+1	5.500000E-5	-3.060000E-5	4.240299E+1	-6.294392E+1
6.293692E+1	2.071500E-4	-5.575000E-5	4.244969E+1	-6.293692E+1
6.292992E+1	1.789000E-4	1.840000E-5	4.249639E+1	-6.292992E+1
6.292292E+1	1.898500E-4	-1.260000E-5	4.254309E+1	-6.292292E+1
6.291592E+1	-9.850000E-6	-7.585000E-5	4.258978E+1	-6.291592E+1
6.290892E+1	-7.380000E-5	-7.115000E-5	4.263648E+1	-6.290892E+1
6.290192E+1	-1.096000E-4	1.345000E-5	4.268318E+1	-6.290192E+1
6.289492E+1	-3.030000E-5	4.635000E-5	4.272988E+1	-6.289492E+1
6.288792E+1	-1.251000E-4	2.600000E-5	4.277658E+1	-6.288792E+1
6.288092E+1	1.105000E-5	-6.415000E-5	4.282328E+1	-6.288092E+1
6.287392E+1	1.146000E-4	-4.495000E-5	4.286998E+1	-6.287392E+1
6.286692E+1	2.481000E-4	-6.175000E-5	4.291668E+1	-6.286692E+1
6.285992E+1	1.231000E-4	-5.155000E-5	4.296338E+1	-6.285992E+1
6.285292E+1	1.347500E-4	-3.405000E-5	4.301008E+1	-6.285292E+1
6.284592E+1	-2.845000E-5	-4.110000E-5	4.305678E+1	-6.284592E+1
6.283892E+1	-5.000000E-5	-2.015000E-5	4.310348E+1	-6.283892E+1
6.283192E+1	-1.578500E-4	1.715000E-5	4.315018E+1	-6.283192E+1
6.282492E+1	-1.207500E-4	-2.805000E-5	4.319688E+1	-6.282492E+1
6.281792E+1	-7.045000E-5	-7.760000E-5	4.324358E+1	-6.281792E+1
6.281092E+1	1.990000E-5	9.465000E-5	4.329028E+1	-6.281092E+1
6.280392E+1	3.760000E-5	3.570000E-5	4.333698E+1	-6.280392E+1
6.279692E+1	-7.150000E-6	-5.475000E-5	4.338367E+1	-6.279692E+1
6.278992E+1	-1.400000E-5	1.385000E-5	4.343037E+1	-6.278992E+1
6.278292E+1	-5.120000E-5	-2.220000E-5	4.347707E+1	-6.278292E+1
6.277592E+1	-3.805000E-5	8.000000E-6	4.352377E+1	-6.277592E+1
6.276892E+1	4.025000E-5	-6.850000E-5	4.357047E+1	-6.276892E+1
6.276192E+1	1.131500E-4	-1.905000E-5	4.361717E+1	-6.276192E+1
6.275492E+1	1.305500E-4	1.400000E-6	4.366387E+1	-6.275492E+1
6.274792E+1	1.058000E-4	2.520000E-5	4.371057E+1	-6.274792E+1
6.274092E+1	1.450000E-4	1.605000E-5	4.375727E+1	-6.274092E+1
6.273392E+1	5.345000E-5	-6.630000E-5	4.380397E+1	-6.273392E+1
6.272692E+1	7.390000E-5	-3.200000E-6	4.385067E+1	-6.272692E+1
6.271992E+1	-8.865000E-5	-1.650000E-6	4.389737E+1	-6.271992E+1
6.271292E+1	-9.450000E-5	-5.545000E-5	4.394407E+1	-6.271292E+1
6.270592E+1	-1.122000E-4	-5.500000E-5	4.399076E+1	-6.270592E+1
6.269893E+1	-3.445000E-5	1.840000E-5	4.403746E+1	-6.269893E+1
6.269193E+1	1.235000E-5	4.725000E-5	4.408416E+1	-6.269193E+1
6.268493E+1	8.725000E-5	7.800000E-6	4.413086E+1	-6.268493E+1
6.267793E+1	1.444500E-4	-6.005000E-5	4.417756E+1	-6.267793E+1
6.267093E+1	4.125000E-5	-9.035000E-5	4.422426E+1	-6.267093E+1
6.266393E+1	2.520000E-5	-4.735000E-5	4.427096E+1	-6.266393E+1
6.265693E+1	8.250000E-6	2.315000E-5	4.431766E+1	-6.265693E+1
6.264993E+1	-9.390000E-5	1.155000E-5	4.436436E+1	-6.264993E+1
6.264293E+1	-1.481500E-4	2.730000E-5	4.441106E+1	-6.264293E+1
6.263593E+1	-1.731000E-4	-1.755000E-5	4.445776E+1	-6.263593E+1
6.262893E+1	-1.084500E-4	-4.845000E-5	4.450446E+1	-6.262893E+1
6.262193E+1	-1.360000E-5	-4.745000E-5	4.455116E+1	-6.262193E+1
6.261493E+1	2.590000E-5	-5.895000E-5	4.459785E+1	-6.261493E+1
6.260793E+1	1.321500E-4	2.210000E-5	4.464455E+1	-6.260793E+1
6.260093E+1	5.605000E-5	2.750000E-5	4.469125E+1	-6.260093E+1
6.259393E+1	4.105000E-5	-2.465000E-5	4.473795E+1	-6.259393E+1
6.258693E+1	2.995000E-5	1.570000E-5	4.478465E+1	-6.258693E+1
6.257993E+1	3.830000E-5	-2.610000E-5	4.483135E+1	-6.257993E+1
6.257293E+1	2.150000E-6	3.750000E-6	4.487805E+1	-6.257293E+1
6.256593E+1	5.875000E-5	-9.200000E-5	4.492475E+1	-6.256593E+1
6.255893E+1	5.350000E-5	1.500000E-6	4.497145E+1	-6.255893E+1
6.255193E+1	5.340000E-5	3.770000E-5	4.501815E+1	-6.255193E+1
6.254493E+1	-2.055000E-5	-2.665000E-5	4.506485E+1	-6.254493E+1
6.253793E+1	-3.370000E-5	-1.615000E-5	4.511155E+1	-6.253793E+1
6.253093E+1	-1.025000E-4	-2.050000E-5	4.515825E+1	-6.253093E+1
6.252393E+1	6.980000E-5	2.950000E-6	4.520495E+1	-6.252393E+1
6.251693E+1	-1.101000E-4	-4.295000E-5	4.525164E+1	-6.251693E+1
6.250993E+1	-9.860000E-5	-3.385000E-5	4.529834E+1	-6.250993E+1
6.250293E+1	1.845000E-5	8.550000E-6	4.534504E+1	-6.250293E+1
6.249593E+1	5.790000E-5	-1.410000E-5	4.539174E+1	-6.249593E+1
6.248893E+1	1.293000E-4	-2.160000E-5	4.543844E+1	-6.248893E+1
6.248193E+1	1.416000E-4	7.400000E-6	4.548514E+1	-6.248193E+1
6.247493E+1	1.616000E-4	-4.085000E-5	4.553184E+1	-6.247493E+1
6.246793E+1	1.257500E-4	6.500000E-7	4.557854E+1	-6.246793E+1
6.246093E+1	7.800000E-5	-4.650000E-5	4.562524E+1	-6.246093E+1
6.245393E+1	-1.615000E-5	4.860000E-5	4.567194E+1	-6.245393E+1
6.244693E+1	4.245000E-5	-7.315000E-5	4.571864E+1	-6.244693E+1
6.243993E+1	-2.210000E-5	8.450000E-6	4.576534E+1	-6.243993E+1
6.243293E+1	-8.780000E-5	1.210000E-5	4.581204E+1	-6.243293E+1
6.242593E+1	-1.051500E-4	2.650000E-5	4.585874E+1	-6.242593E+1
6.241893E+1	-1.745000E-4	-6.875000E-5	4.590544E+1	-6.241893E+1
6.241193E+1	-1.455500E-4	-1.115000E-4	4.595214E+1	-6.241193E+1
6.240493E+1	-5.040000E-5	-1.975000E-5	4.599884E+1	-6.240493E+1
6.239793E+1	1.395000E-5	-3.760000E-5	4.604554E+1	-6.239793E+1
6.239093E+1	5.225000E-5	5.620000E-5	4.609224E+1	-6.239093E+1
6.238393E+1	8.680000E-5	-1.179000E-4	4.613893E+1	-6.238393E+1
6.237693E+1	8.510000E-5	-9.425000E-5	4.618563E+1	-6.237693E+1
6.236993E+1	6.485000E-5	-9.745000E-5	4.623233E+1	-6.236993E+1
6.236293E+1	9.190000E-5	-1.044000E-4	4.627903E+1	-6.236293E+1
6.235593E+1	6.305000E-5	-2.995000E-5	4.632573E+1	-6.235593E+1
6.234893E+1	3.720000E-5	-2.875000E-5	4.637243E+1	-6.234893E+1
6.234193E+1	7.040000E-5	-1.450000E-6	4.641913E+1	-6.234193E+1
6.233493E+1	8.750000E-5	-1.200000E-6	4.646583E+1	-6.233493E+1
6.232793E+1	1.022500E-4	-6.420000E-5	4.651253E+1	-6.232793E+1
6.232093E+1	1.185000E-5	-1.550000E-5	4.655923E+1	-6.232093E+1
6.231393E+1	8.350000E-5	-5.450000E-5	4.660593E+1	-6.231393E+1
6.230693E+1	3.425000E-5	-5.120000E-5	4.665263E+1	-6.230693E+1
