2.129999E+1	9.550000E-6	6.671332E-5
2.129999E+1	3.855000E-5	6.671332E-5
2.129500E+1	8.950000E-6	3.335666E-2
2.128999E+1	3.220000E-5	6.678004E-2
2.128500E+1	-5.250000E-6	1.000700E-1
2.127999E+1	7.100000E-6	1.334933E-1
2.127500E+1	-3.000000E-6	1.667833E-1
2.126999E+1	-2.355000E-5	2.002067E-1
2.126498E+1	2.605000E-5	2.336300E-1
2.125999E+1	-1.500000E-7	2.669200E-1
2.125498E+1	-1.635000E-5	3.003434E-1
2.124997E+1	1.995000E-5	3.337668E-1
2.124496E+1	3.255000E-5	3.671901E-1
2.123997E+1	2.440000E-5	4.004801E-1
2.123498E+1	8.800000E-6	4.337700E-1
2.122997E+1	-2.645000E-5	4.671934E-1
2.122498E+1	2.545000E-5	5.004833E-1
2.121999E+1	3.200000E-5	5.337733E-1
2.121500E+1	2.220000E-5	5.670632E-1
2.120997E+1	-1.040000E-5	6.006200E-1
2.120500E+1	-1.700000E-6	6.337765E-1
2.119999E+1	3.200000E-6	6.671999E-1
2.119498E+1	3.690000E-5	7.006233E-1
2.118999E+1	2.560000E-5	7.339132E-1
2.118500E+1	9.600000E-6	7.672032E-1
2.117997E+1	1.825000E-5	8.007600E-1
2.117500E+1	1.150000E-5	8.339165E-1
2.116997E+1	-1.770000E-5	8.674733E-1
2.116498E+1	2.620000E-5	9.007633E-1
2.115997E+1	2.250000E-6	9.341866E-1
2.115498E+1	4.000000E-5	9.674766E-1
2.114997E+1	-1.135000E-5	1.000900E+0
2.114500E+1	3.190000E-5	1.034056E+0
2.113995E+1	-2.125000E-5	1.067747E+0
2.113500E+1	-3.800000E-6	1.100770E+0
2.112999E+1	-7.250000E-6	1.134193E+0
2.112498E+1	-1.455000E-5	1.167617E+0
2.111999E+1	-1.375000E-5	1.200907E+0
2.111498E+1	-3.845000E-5	1.234330E+0
2.110999E+1	-2.540000E-5	1.267620E+0
2.110498E+1	1.800000E-6	1.301043E+0
2.109997E+1	-4.690000E-5	1.334467E+0
2.109498E+1	-1.905000E-5	1.367756E+0
2.108997E+1	-3.105000E-5	1.401180E+0
2.108499E+1	-6.130000E-5	1.434403E+0
2.107999E+1	-4.570000E-5	1.467760E+0
2.107498E+1	-8.995000E-5	1.501183E+0
2.106999E+1	-7.415000E-5	1.534473E+0
2.106498E+1	-7.190000E-5	1.567896E+0
2.105998E+1	-1.136500E-4	1.601253E+0
2.105499E+1	-1.358500E-4	1.634543E+0
2.104997E+1	-1.674000E-4	1.668033E+0
2.104499E+1	-2.093000E-4	1.701256E+0
2.103997E+1	-2.026000E-4	1.734746E+0
2.103499E+1	-1.718500E-4	1.767970E+0
2.102997E+1	-1.333000E-4	1.801460E+0
2.102499E+1	-1.618500E-4	1.834683E+0
2.101998E+1	-6.935000E-5	1.868106E+0
2.101499E+1	-3.275000E-5	1.901396E+0
2.100998E+1	6.610000E-5	1.934820E+0
2.100498E+1	1.242500E-4	1.968176E+0
2.099998E+1	2.562000E-4	2.001533E+0
2.099498E+1	2.686000E-4	2.034890E+0
2.098997E+1	3.708500E-4	2.068313E+0
2.098497E+1	3.791000E-4	2.101670E+0
2.097997E+1	3.443000E-4	2.135026E+0
2.097499E+1	3.036000E-4	2.168250E+0
2.096998E+1	2.381000E-4	2.201673E+0
2.096501E+1	2.148500E-4	2.234830E+0
2.095997E+1	9.290000E-5	2.268453E+0
2.095497E+1	9.170000E-5	2.301810E+0
2.094997E+1	1.810000E-5	2.335166E+0
2.094496E+1	1.515000E-5	2.368590E+0
2.093995E+1	4.250000E-6	2.402013E+0
2.093499E+1	-4.185000E-5	2.435103E+0
2.092998E+1	-5.630000E-5	2.468526E+0
2.092499E+1	-1.550000E-6	2.501816E+0
2.091998E+1	-3.830000E-5	2.535240E+0
2.091497E+1	4.600000E-6	2.568663E+0
2.090998E+1	-2.820000E-5	2.601953E+0
2.090497E+1	-6.760000E-5	2.635376E+0
2.089993E+1	-4.200000E-5	2.669000E+0
2.089499E+1	-7.595000E-5	2.701956E+0
2.089000E+1	-4.750000E-5	2.735246E+0
2.088499E+1	-6.125000E-5	2.768670E+0
2.088000E+1	-8.280000E-5	2.801960E+0
2.087499E+1	-3.170000E-5	2.835383E+0
2.086996E+1	-2.515000E-5	2.868940E+0
2.086499E+1	-1.990000E-5	2.902096E+0
2.085998E+1	4.045000E-5	2.935519E+0
2.085497E+1	9.200000E-6	2.968943E+0
2.084998E+1	1.650000E-5	3.002233E+0
2.084499E+1	-1.560000E-5	3.035523E+0
2.084000E+1	-1.210000E-5	3.068813E+0
2.083497E+1	-2.905000E-5	3.102370E+0
2.082998E+1	-3.370000E-5	3.135659E+0
2.082497E+1	-4.645000E-5	3.169083E+0
2.082000E+1	-3.830000E-5	3.202240E+0
2.081499E+1	-1.350000E-5	3.235663E+0
2.081000E+1	-3.680000E-5	3.268953E+0
2.080497E+1	1.365000E-5	3.302510E+0
2.079998E+1	-6.150000E-6	3.335799E+0
2.079499E+1	2.045000E-5	3.369089E+0
2.079000E+1	4.390000E-5	3.402380E+0
2.078497E+1	1.015000E-5	3.435936E+0
2.077995E+1	8.250000E-6	3.469426E+0
2.077499E+1	3.205000E-5	3.502516E+0
2.076998E+1	2.865000E-5	3.535939E+0
2.076494E+1	2.960000E-5	3.569563E+0
2.076000E+1	2.950000E-5	3.602519E+0
2.075497E+1	1.535000E-5	3.636076E+0
2.075000E+1	1.135000E-5	3.669233E+0
2.074497E+1	2.200000E-6	3.702790E+0
2.074000E+1	6.250000E-6	3.735946E+0
2.073499E+1	-7.450000E-6	3.769369E+0
2.073000E+1	-2.795000E-5	3.802659E+0
2.072499E+1	-5.945000E-5	3.836083E+0
2.071998E+1	-1.550000E-6	3.869506E+0
2.071497E+1	-1.920000E-5	3.902930E+0
2.071000E+1	-5.760000E-5	3.936086E+0
2.070497E+1	-1.515000E-5	3.969643E+0
2.069998E+1	1.435000E-5	4.002933E+0
2.069499E+1	3.670000E-5	4.036222E+0
2.069000E+1	1.630000E-5	4.069513E+0
2.068499E+1	3.950000E-6	4.102936E+0
2.068000E+1	4.400000E-6	4.136226E+0
2.067499E+1	-1.450000E-6	4.169649E+0
2.066998E+1	2.005000E-5	4.203073E+0
2.066499E+1	9.700000E-6	4.236362E+0
2.065998E+1	1.435000E-5	4.269786E+0
2.065497E+1	4.115000E-5	4.303209E+0
