2.149999E+1	1.030000E-5	6.671332E-5
2.149999E+1	3.620000E-5	6.671332E-5
2.149498E+1	-9.100000E-6	3.349009E-2
2.148999E+1	4.675000E-5	6.678004E-2
2.148498E+1	-4.150000E-6	1.002034E-1
2.147999E+1	-2.200000E-6	1.334933E-1
2.147498E+1	3.985000E-5	1.669167E-1
2.146999E+1	2.370000E-5	2.002067E-1
2.146500E+1	1.750000E-6	2.334966E-1
2.145999E+1	7.400000E-6	2.669200E-1
2.145498E+1	1.660000E-5	3.003434E-1
2.144997E+1	8.500000E-6	3.337668E-1
2.144500E+1	7.750000E-6	3.669233E-1
2.143997E+1	2.050000E-6	4.004801E-1
2.143500E+1	-8.500000E-7	4.336366E-1
2.142999E+1	-1.565000E-5	4.670600E-1
2.142500E+1	-2.350000E-6	5.003499E-1
2.141999E+1	7.450000E-6	5.337733E-1
2.141498E+1	-2.200000E-5	5.671967E-1
2.140999E+1	1.730000E-5	6.004866E-1
2.140498E+1	1.705000E-5	6.339100E-1
2.139999E+1	9.050000E-6	6.671999E-1
2.139500E+1	1.125000E-5	7.004899E-1
2.138997E+1	-2.080000E-5	7.340467E-1
2.138500E+1	-3.050000E-6	7.672032E-1
2.137999E+1	3.895000E-5	8.006266E-1
2.137500E+1	4.040000E-5	8.339165E-1
2.136997E+1	-2.140000E-5	8.674733E-1
2.136498E+1	3.390000E-5	9.007633E-1
2.135999E+1	4.350000E-6	9.340532E-1
2.135496E+1	-4.475000E-5	9.676100E-1
2.134995E+1	-1.735000E-5	1.001033E+0
2.134498E+1	-2.475000E-5	1.034190E+0
2.133999E+1	2.240000E-5	1.067480E+0
2.133500E+1	3.250000E-6	1.100770E+0
2.132997E+1	1.860000E-5	1.134327E+0
2.132500E+1	9.200000E-6	1.167483E+0
2.131999E+1	1.100000E-5	1.200907E+0
2.131498E+1	5.300000E-6	1.234330E+0
2.130999E+1	1.915000E-5	1.267620E+0
2.130498E+1	3.500000E-6	1.301043E+0
2.129997E+1	1.105000E-5	1.334467E+0
2.129498E+1	-1.265000E-5	1.367756E+0
2.128997E+1	6.800000E-6	1.401180E+0
2.128500E+1	4.500000E-6	1.434336E+0
2.127999E+1	2.750000E-6	1.467760E+0
2.127500E+1	-8.900000E-6	1.501050E+0
2.126999E+1	1.420000E-5	1.534473E+0
2.126498E+1	6.500000E-7	1.567896E+0
2.125999E+1	4.000000E-6	1.601186E+0
2.125498E+1	1.695000E-5	1.634610E+0
2.124997E+1	-3.100000E-5	1.668033E+0
2.124500E+1	1.940000E-5	1.701190E+0
2.123999E+1	1.550000E-6	1.734613E+0
2.123500E+1	-2.100000E-6	1.767903E+0
2.122997E+1	5.450000E-6	1.801460E+0
2.122498E+1	1.435000E-5	1.834750E+0
2.121999E+1	-1.215000E-5	1.868040E+0
2.121500E+1	1.225000E-5	1.901330E+0
2.120999E+1	3.900000E-5	1.934753E+0
2.120500E+1	1.090000E-5	1.968043E+0
2.119997E+1	-7.600000E-6	2.001600E+0
2.119500E+1	3.170000E-5	2.034756E+0
2.118999E+1	6.250000E-6	2.068180E+0
2.118500E+1	-2.030000E-5	2.101470E+0
2.117997E+1	-3.190000E-5	2.135026E+0
2.117500E+1	8.450000E-6	2.168183E+0
2.116999E+1	-3.440000E-5	2.201606E+0
2.116498E+1	4.835000E-5	2.235030E+0
2.115999E+1	-6.750000E-6	2.268320E+0
2.115500E+1	1.435000E-5	2.301610E+0
2.114999E+1	3.800000E-6	2.335033E+0
2.114498E+1	2.100000E-5	2.368456E+0
2.113997E+1	2.335000E-5	2.401880E+0
2.113498E+1	-1.080000E-5	2.435170E+0
2.112999E+1	-1.510000E-5	2.468460E+0
2.112499E+1	4.615000E-5	2.501816E+0
2.111999E+1	-5.090000E-5	2.535173E+0
2.111498E+1	-1.300000E-6	2.568596E+0
2.110997E+1	5.500000E-7	2.602020E+0
2.110499E+1	-2.215000E-5	2.635243E+0
2.109997E+1	-1.420000E-5	2.668733E+0
2.109499E+1	-3.910000E-5	2.701956E+0
2.108999E+1	-8.675000E-5	2.735313E+0
2.108499E+1	-8.015000E-5	2.768670E+0
2.107997E+1	-5.445000E-5	2.802160E+0
2.107498E+1	-7.555000E-5	2.835450E+0
2.107000E+1	-1.435000E-4	2.868673E+0
2.106499E+1	-1.980000E-4	2.902096E+0
2.105998E+1	-2.247000E-4	2.935519E+0
2.105498E+1	-1.772000E-4	2.968876E+0
2.104998E+1	-2.831500E-4	3.002233E+0
2.104499E+1	-3.333500E-4	3.035523E+0
2.103997E+1	-3.342000E-4	3.069013E+0
2.103498E+1	-3.144000E-4	3.102303E+0
2.102997E+1	-3.182500E-4	3.135726E+0
2.102498E+1	-2.318000E-4	3.169016E+0
2.101998E+1	-2.148500E-4	3.202373E+0
2.101499E+1	-9.830000E-5	3.235663E+0
2.100998E+1	5.545000E-5	3.269086E+0
2.100499E+1	1.976000E-4	3.302376E+0
2.099998E+1	3.518000E-4	3.335799E+0
2.099499E+1	4.420000E-4	3.369089E+0
2.098997E+1	5.688500E-4	3.402580E+0
2.098499E+1	6.508500E-4	3.435803E+0
2.097998E+1	6.338000E-4	3.469226E+0
2.097499E+1	6.077000E-4	3.502516E+0
2.096997E+1	5.230000E-4	3.536006E+0
2.096497E+1	4.564500E-4	3.569363E+0
2.095997E+1	3.414500E-4	3.602720E+0
2.095499E+1	1.810000E-4	3.635943E+0
2.094997E+1	9.095000E-5	3.669433E+0
2.094496E+1	2.645000E-5	3.702856E+0
2.093998E+1	-2.800000E-5	3.736079E+0
2.093497E+1	-6.195000E-5	3.769503E+0
2.092998E+1	-7.380000E-5	3.802793E+0
2.092497E+1	-8.765000E-5	3.836216E+0
2.092000E+1	-4.540000E-5	3.869373E+0
2.091499E+1	-6.360000E-5	3.902796E+0
2.091000E+1	-8.735000E-5	3.936086E+0
2.090497E+1	-1.088000E-4	3.969643E+0
2.090000E+1	-1.368000E-4	4.002800E+0
2.089499E+1	-1.264500E-4	4.036222E+0
2.088998E+1	-1.451000E-4	4.069646E+0
2.088497E+1	-1.449000E-4	4.103069E+0
2.088000E+1	-1.049000E-4	4.136226E+0
2.087497E+1	-8.745000E-5	4.169783E+0
2.087000E+1	-1.099000E-4	4.202939E+0
2.086497E+1	-3.650000E-5	4.236496E+0
2.086000E+1	-2.465000E-5	4.269652E+0
2.085497E+1	-4.060000E-5	4.303209E+0
2.085000E+1	-2.095000E-5	4.336366E+0
2.084494E+1	-1.450000E-5	4.370123E+0
2.084000E+1	-6.450000E-6	4.403079E+0
2.083499E+1	-1.585000E-5	4.436502E+0
2.082998E+1	2.225000E-5	4.469926E+0
2.082497E+1	-5.205000E-5	4.503349E+0
2.081998E+1	1.175000E-5	4.536639E+0
2.081497E+1	1.380000E-5	4.570063E+0
2.081000E+1	9.300000E-6	4.603219E+0
2.080495E+1	-1.730000E-5	4.636909E+0
2.080000E+1	-5.800000E-6	4.669932E+0
2.079497E+1	-3.890000E-5	4.703489E+0
2.078998E+1	-4.725000E-5	4.736779E+0
2.078499E+1	2.550000E-5	4.770069E+0
2.078000E+1	4.950000E-5	4.803359E+0
2.077497E+1	5.615000E-5	4.836916E+0
2.077000E+1	5.110000E-5	4.870072E+0
2.076497E+1	2.570000E-5	4.903629E+0
2.075998E+1	3.220000E-5	4.936919E+0
2.075499E+1	3.990000E-5	4.970209E+0
2.074998E+1	-3.250000E-6	5.003633E+0
2.074497E+1	2.975000E-5	5.037056E+0
2.074000E+1	7.600000E-6	5.070212E+0
2.073497E+1	1.270000E-5	5.103769E+0
2.072998E+1	-1.915000E-5	5.137059E+0
2.072499E+1	-4.810000E-5	5.170349E+0
2.071998E+1	-3.775000E-5	5.203773E+0
2.071499E+1	-7.920000E-5	5.237062E+0
2.071000E+1	-2.070000E-5	5.270352E+0
2.070499E+1	-5.105000E-5	5.303776E+0
2.069996E+1	-4.185000E-5	5.337333E+0
2.069497E+1	-2.495000E-5	5.370623E+0
2.068998E+1	5.150000E-6	5.403913E+0
2.068499E+1	6.950000E-6	5.437202E+0
2.067996E+1	4.775000E-5	5.470759E+0
2.067497E+1	-2.200000E-6	5.504049E+0
2.067000E+1	1.695000E-5	5.537206E+0
2.066499E+1	1.600000E-5	5.570629E+0
2.066000E+1	2.400000E-5	5.603919E+0
2.065497E+1	3.210000E-5	5.637476E+0
2.064998E+1	-1.170000E-5	5.670766E+0
2.064499E+1	2.250000E-6	5.704056E+0
2.064000E+1	-2.205000E-5	5.737346E+0
2.063499E+1	-4.800000E-6	5.770769E+0
2.062996E+1	2.575000E-5	5.804326E+0
2.062499E+1	7.900000E-6	5.837482E+0
2.061998E+1	2.340000E-5	5.870906E+0
2.061499E+1	-1.745000E-5	5.904196E+0
2.061000E+1	-3.050000E-5	5.937486E+0
2.060499E+1	5.600000E-6	5.970909E+0
2.060000E+1	-1.500000E-7	6.004199E+0
2.059497E+1	-2.100000E-6	6.037756E+0
2.058998E+1	5.450000E-6	6.071046E+0
2.058497E+1	1.300000E-5	6.104469E+0
2.057999E+1	-9.450000E-6	6.137692E+0
2.057497E+1	-1.495000E-5	6.171182E+0
2.056999E+1	2.925000E-5	6.204406E+0
2.056499E+1	7.300000E-6	6.237762E+0
2.055998E+1	-9.400000E-6	6.271186E+0
2.055497E+1	-1.245000E-5	6.304609E+0
2.054999E+1	1.900000E-5	6.337832E+0
2.054497E+1	3.550000E-6	6.371322E+0
2.053998E+1	2.300000E-5	6.404612E+0
2.053499E+1	-2.510000E-5	6.437902E+0
2.052996E+1	-2.200000E-6	6.471459E+0
2.052497E+1	1.290000E-5	6.504749E+0
2.051998E+1	2.150000E-5	6.538039E+0
2.051499E+1	-5.000000E-8	6.571329E+0
2.050999E+1	2.810000E-5	6.604685E+0
2.050498E+1	3.915000E-5	6.638109E+0
2.049998E+1	4.975000E-5	6.671465E+0
2.049498E+1	6.020000E-5	6.704822E+0
2.048998E+1	1.590000E-5	6.738179E+0
2.048498E+1	1.220000E-5	6.771535E+0
2.047996E+1	4.670000E-5	6.805026E+0
2.047497E+1	-1.180000E-5	6.838315E+0
2.046998E+1	4.050000E-6	6.871605E+0
2.046498E+1	4.580000E-5	6.904962E+0
2.045998E+1	-5.700000E-6	6.938319E+0
2.045498E+1	-1.645000E-5	6.971675E+0
2.044999E+1	-5.580000E-5	7.004965E+0
2.044498E+1	-3.315000E-5	7.038389E+0
2.043997E+1	-4.460000E-5	7.071812E+0
2.043498E+1	-4.180000E-5	7.105102E+0
2.042999E+1	-1.000000E-5	7.138392E+0
2.042498E+1	-3.290000E-5	7.171815E+0
2.041997E+1	4.710000E-5	7.205239E+0
2.041497E+1	4.895000E-5	7.238595E+0
2.040999E+1	4.525000E-5	7.271819E+0
2.040497E+1	2.810000E-5	7.305309E+0
2.039999E+1	3.455000E-5	7.338532E+0
2.039500E+1	1.815000E-5	7.371822E+0
2.038999E+1	6.440000E-5	7.405245E+0
2.038500E+1	3.365000E-5	7.438535E+0
2.037997E+1	2.460000E-5	7.472092E+0
2.037498E+1	1.780000E-5	7.505382E+0
2.036999E+1	3.110000E-5	7.538672E+0
2.036500E+1	-4.065000E-5	7.571962E+0
2.035999E+1	-3.695000E-5	7.605385E+0
2.035498E+1	-3.350000E-5	7.638809E+0
2.034999E+1	-3.650000E-5	7.672099E+0
2.034498E+1	-8.200000E-6	7.705522E+0
2.033997E+1	-7.950000E-6	7.738945E+0
2.033498E+1	-4.115000E-5	7.772235E+0
2.032999E+1	8.000000E-6	7.805525E+0
2.032500E+1	-4.150000E-6	7.838815E+0
2.031999E+1	5.550000E-6	7.872239E+0
2.031498E+1	-1.990000E-5	7.905662E+0
2.030999E+1	2.085000E-5	7.938952E+0
2.030500E+1	-1.295000E-5	7.972242E+0
2.029997E+1	3.060000E-5	8.005798E+0
2.029498E+1	6.700000E-6	8.039088E+0
2.028997E+1	1.950000E-5	8.072512E+0
2.028498E+1	1.840000E-5	8.105802E+0
2.027995E+1	1.750000E-6	8.139359E+0
2.027498E+1	4.900000E-5	8.172515E+0
2.026999E+1	1.020000E-5	8.205805E+0
2.026500E+1	1.985000E-5	8.239095E+0
2.025999E+1	-1.645000E-5	8.272518E+0
2.025500E+1	3.100000E-6	8.305808E+0
2.024999E+1	-5.200000E-6	8.339231E+0
2.024500E+1	2.690000E-5	8.372521E+0
2.023999E+1	2.080000E-5	8.405945E+0
2.023498E+1	-8.100000E-6	8.439368E+0
2.022997E+1	-1.595000E-5	8.472792E+0
2.022494E+1	-5.450000E-6	8.506349E+0
2.021995E+1	-2.315000E-5	8.539639E+0
2.021498E+1	-7.500000E-7	8.572795E+0
2.020999E+1	1.115000E-5	8.606085E+0
2.020498E+1	5.250000E-6	8.639508E+0
2.019997E+1	3.025000E-5	8.672932E+0
2.019498E+1	-2.195000E-5	8.706222E+0
2.018999E+1	2.710000E-5	8.739511E+0
2.018498E+1	-1.390000E-5	8.772935E+0
2.017997E+1	1.735000E-5	8.806358E+0
2.017500E+1	-1.745000E-5	8.839515E+0
2.016999E+1	-5.300000E-6	8.872938E+0
2.016498E+1	2.840000E-5	8.906362E+0
2.015997E+1	-1.650000E-6	8.939785E+0
2.015500E+1	7.650000E-6	8.972941E+0
2.014999E+1	2.720000E-5	9.006365E+0
2.014498E+1	5.900000E-6	9.039788E+0
2.013997E+1	-1.500000E-6	9.073212E+0
2.013498E+1	2.180000E-5	9.106502E+0
2.012997E+1	3.750000E-5	9.139925E+0
2.012498E+1	1.065000E-5	9.173215E+0
2.011999E+1	5.950000E-6	9.206505E+0
2.011498E+1	2.550000E-6	9.239928E+0
2.010997E+1	8.200000E-6	9.273352E+0
2.010498E+1	7.300000E-6	9.306642E+0
2.009999E+1	-1.905000E-5	9.339931E+0
2.009498E+1	-7.950000E-6	9.373355E+0
2.008999E+1	3.410000E-5	9.406645E+0
2.008498E+1	-9.400000E-6	9.440068E+0
2.007997E+1	5.000000E-8	9.473492E+0
2.007500E+1	3.140000E-5	9.506648E+0
2.006999E+1	4.345000E-5	9.540071E+0
2.006500E+1	3.860000E-5	9.573361E+0
2.005997E+1	2.185000E-5	9.606918E+0
2.005498E+1	3.200000E-5	9.640208E+0
2.004995E+1	4.600000E-6	9.673765E+0
2.004500E+1	3.905000E-5	9.706788E+0
2.003999E+1	-6.400000E-6	9.740211E+0
2.003500E+1	2.045000E-5	9.773501E+0
2.002999E+1	2.965000E-5	9.806925E+0
2.002498E+1	7.800000E-6	9.840348E+0
2.001997E+1	-3.175000E-5	9.873772E+0
2.001499E+1	3.500000E-7	9.906995E+0
2.000999E+1	-1.680000E-5	9.940351E+0
2.000499E+1	-2.495000E-5	9.973708E+0
1.999999E+1	2.460000E-5	1.000706E+1
1.999498E+1	4.500000E-7	1.004049E+1
1.998999E+1	3.535000E-5	1.007378E+1
1.998499E+1	4.505000E-5	1.010713E+1
1.997997E+1	3.950000E-6	1.014063E+1
1.997499E+1	8.845000E-5	1.017385E+1
1.996999E+1	1.365000E-5	1.020720E+1
1.996498E+1	4.690000E-5	1.024063E+1
1.995998E+1	1.010000E-5	1.027398E+1
1.995499E+1	1.375000E-5	1.030727E+1
1.994997E+1	1.010000E-5	1.034076E+1
1.994499E+1	-1.820000E-5	1.037399E+1
1.993998E+1	2.200000E-5	1.040741E+1
1.993499E+1	-6.800000E-6	1.044070E+1
1.992995E+1	2.260000E-5	1.047433E+1
1.992499E+1	3.390000E-5	1.050741E+1
1.991997E+1	4.850000E-6	1.054090E+1
1.991498E+1	-2.520000E-5	1.057419E+1
1.990998E+1	-1.055000E-5	1.060755E+1
1.990498E+1	-8.000000E-7	1.064091E+1
1.989998E+1	-8.850000E-6	1.067426E+1
1.989498E+1	-4.750000E-6	1.070762E+1
1.988998E+1	6.650000E-6	1.074098E+1
1.988499E+1	-9.500000E-6	1.077427E+1
1.987997E+1	3.450000E-6	1.080776E+1
1.987499E+1	1.595000E-5	1.084098E+1
1.986998E+1	2.950000E-6	1.087440E+1
1.986494E+1	4.110000E-5	1.090803E+1
1.985997E+1	9.200000E-6	1.094118E+1
1.985497E+1	3.760000E-5	1.097454E+1
1.984997E+1	2.805000E-5	1.100790E+1
1.984499E+1	1.425000E-5	1.104112E+1
1.983998E+1	-1.735000E-5	1.107454E+1
1.983499E+1	1.250000E-6	1.110783E+1
1.983000E+1	-1.900000E-6	1.114112E+1
1.982497E+1	8.000000E-7	1.117468E+1
1.982000E+1	1.565000E-5	1.120784E+1
1.981499E+1	6.000000E-7	1.124126E+1
1.980996E+1	1.525000E-5	1.127482E+1
1.980497E+1	1.400000E-6	1.130811E+1
1.979998E+1	2.700000E-6	1.134140E+1
1.979499E+1	-2.535000E-5	1.137469E+1
1.978998E+1	2.710000E-5	1.140811E+1
1.978499E+1	2.090000E-5	1.144140E+1
1.978000E+1	1.665000E-5	1.147469E+1
1.977499E+1	6.485000E-5	1.150811E+1
1.976998E+1	-1.330000E-5	1.154154E+1
1.976497E+1	4.985000E-5	1.157496E+1
1.976000E+1	7.500000E-7	1.160812E+1
1.975499E+1	2.145000E-5	1.164154E+1
1.975000E+1	-9.050000E-6	1.167483E+1
1.974499E+1	-3.440000E-5	1.170825E+1
1.974000E+1	1.800000E-6	1.174154E+1
1.973497E+1	-2.565000E-5	1.177510E+1
1.973000E+1	-3.640000E-5	1.180826E+1
1.972499E+1	-2.875000E-5	1.184168E+1
1.972000E+1	-1.820000E-5	1.187497E+1
1.971497E+1	-1.115000E-5	1.190853E+1
1.970998E+1	4.500000E-7	1.194182E+1
1.970497E+1	-1.020000E-5	1.197524E+1
1.970000E+1	-1.050000E-6	1.200840E+1
1.969499E+1	2.170000E-5	1.204182E+1
1.968998E+1	-1.405000E-5	1.207524E+1
1.968499E+1	1.455000E-5	1.210853E+1
1.967998E+1	-4.800000E-6	1.214196E+1
1.967497E+1	1.740000E-5	1.217538E+1
1.966998E+1	3.450000E-6	1.220867E+1
1.966497E+1	6.460000E-5	1.224209E+1
1.966000E+1	3.465000E-5	1.227525E+1
1.965499E+1	3.685000E-5	1.230867E+1
1.964998E+1	3.090000E-5	1.234210E+1
1.964499E+1	6.300000E-6	1.237539E+1
1.963998E+1	5.285000E-5	1.240881E+1
1.963494E+1	5.575000E-5	1.244243E+1
1.963000E+1	2.660000E-5	1.247539E+1
1.962499E+1	7.400000E-6	1.250881E+1
1.961998E+1	3.150000E-5	1.254224E+1
1.961497E+1	6.900000E-6	1.257566E+1
1.960998E+1	2.390000E-5	1.260895E+1
1.960499E+1	-2.990000E-5	1.264224E+1
1.960000E+1	-2.945000E-5	1.267553E+1
1.959499E+1	-5.000000E-8	1.270895E+1
1.958998E+1	8.700000E-6	1.274238E+1
1.958493E+1	1.945000E-5	1.277607E+1
1.958000E+1	1.740000E-5	1.280896E+1
1.957499E+1	2.130000E-5	1.284238E+1
1.956998E+1	1.200000E-5	1.287580E+1
1.956499E+1	3.000000E-6	1.290909E+1
1.956000E+1	1.940000E-5	1.294238E+1
1.955499E+1	1.510000E-5	1.297581E+1
1.955000E+1	2.370000E-5	1.300910E+1
1.954495E+1	-1.050000E-6	1.304279E+1
1.953998E+1	2.300000E-6	1.307594E+1
1.953497E+1	8.400000E-6	1.310937E+1
1.953000E+1	5.940000E-5	1.314252E+1
1.952497E+1	-3.260000E-5	1.317608E+1
1.951998E+1	1.370000E-5	1.320937E+1
1.951497E+1	-3.600000E-6	1.324279E+1
1.951000E+1	3.850000E-6	1.327595E+1
1.950495E+1	2.440000E-5	1.330964E+1
1.949998E+1	3.095000E-5	1.334280E+1
1.949493E+1	1.190000E-5	1.337649E+1
1.948996E+1	4.155000E-5	1.340964E+1
1.948497E+1	1.075000E-5	1.344293E+1
1.947998E+1	-2.820000E-5	1.347622E+1
1.947497E+1	-5.250000E-6	1.350965E+1
1.946999E+1	-3.145000E-5	1.354287E+1
1.946499E+1	-4.320000E-5	1.357623E+1
1.945998E+1	-1.000000E-6	1.360965E+1
1.945499E+1	4.435000E-5	1.364294E+1
1.944999E+1	6.050000E-6	1.367630E+1
1.944497E+1	5.110000E-5	1.370979E+1
1.943999E+1	1.500000E-6	1.374301E+1
1.943495E+1	3.150000E-5	1.377663E+1
1.942998E+1	-6.300000E-6	1.380979E+1
1.942497E+1	3.315000E-5	1.384321E+1
1.941999E+1	1.605000E-5	1.387644E+1
1.941493E+1	2.800000E-6	1.391019E+1
1.940999E+1	-3.315000E-5	1.394315E+1
1.940498E+1	-3.800000E-6	1.397657E+1
1.939999E+1	-2.325000E-5	1.400986E+1
1.939498E+1	-4.100000E-6	1.404329E+1
1.938999E+1	2.280000E-5	1.407658E+1
1.938498E+1	2.500000E-6	1.411000E+1
1.937999E+1	-9.450000E-6	1.414329E+1
1.937498E+1	1.655000E-5	1.417671E+1
1.936998E+1	3.755000E-5	1.421007E+1
1.936498E+1	1.420000E-5	1.424343E+1
1.935999E+1	3.630000E-5	1.427672E+1
1.935497E+1	1.440000E-5	1.431021E+1
1.934999E+1	2.540000E-5	1.434343E+1
1.934498E+1	-2.590000E-5	1.437685E+1
1.933999E+1	-7.850000E-6	1.441014E+1
1.933497E+1	1.400000E-6	1.444363E+1
1.932997E+1	3.500000E-7	1.447699E+1
1.932497E+1	-1.775000E-5	1.451035E+1
1.931999E+1	3.550000E-6	1.454357E+1
1.931498E+1	1.410000E-5	1.457699E+1
1.930997E+1	-5.100000E-6	1.461042E+1
1.930500E+1	2.350000E-5	1.464357E+1
1.929999E+1	1.005000E-5	1.467700E+1
1.929500E+1	1.205000E-5	1.471029E+1
1.928997E+1	-1.750000E-5	1.474384E+1
1.928498E+1	-3.795000E-5	1.477713E+1
1.927997E+1	2.805000E-5	1.481056E+1
1.927498E+1	-8.150000E-6	1.484385E+1
1.926999E+1	-3.455000E-5	1.487714E+1
1.926500E+1	-2.050000E-6	1.491043E+1
1.925997E+1	3.000000E-6	1.494398E+1
1.925500E+1	2.195000E-5	1.497714E+1
1.924999E+1	2.990000E-5	1.501056E+1
1.924500E+1	2.820000E-5	1.504385E+1
1.923997E+1	4.550000E-5	1.507741E+1
1.923496E+1	3.620000E-5	1.511083E+1
1.922999E+1	-6.900000E-6	1.514399E+1
1.922496E+1	3.195000E-5	1.517755E+1
1.921997E+1	2.945000E-5	1.521084E+1
1.921500E+1	-6.250000E-6	1.524399E+1
1.920999E+1	-3.500000E-6	1.527742E+1
1.920498E+1	2.885000E-5	1.531084E+1
1.919997E+1	-2.050000E-6	1.534426E+1
1.919500E+1	2.770000E-5	1.537742E+1
1.918997E+1	1.850000E-6	1.541098E+1
1.918500E+1	-2.855000E-5	1.544413E+1
1.917997E+1	-9.550000E-6	1.547769E+1
1.917500E+1	-6.800000E-6	1.551085E+1
1.916999E+1	-2.180000E-5	1.554427E+1
1.916498E+1	1.055000E-5	1.557769E+1
1.915999E+1	1.415000E-5	1.561098E+1
1.915498E+1	1.085000E-5	1.564441E+1
1.914997E+1	1.950000E-6	1.567783E+1
1.914500E+1	3.220000E-5	1.571099E+1
1.913997E+1	6.725000E-5	1.574454E+1
1.913498E+1	1.400000E-5	1.577783E+1
1.912997E+1	-1.500000E-7	1.581126E+1
1.912500E+1	3.030000E-5	1.584441E+1
1.911999E+1	-1.275000E-5	1.587784E+1
1.911500E+1	1.985000E-5	1.591113E+1
1.910999E+1	3.740000E-5	1.594455E+1
1.910500E+1	2.040000E-5	1.597784E+1
1.909997E+1	3.250000E-6	1.601140E+1
1.909498E+1	-9.500000E-6	1.604469E+1
1.908997E+1	9.800000E-6	1.607811E+1
1.908500E+1	-1.665000E-5	1.611127E+1
1.907999E+1	2.225000E-5	1.614469E+1
1.907500E+1	2.840000E-5	1.617798E+1
1.906997E+1	-2.205000E-5	1.621154E+1
1.906500E+1	-1.825000E-5	1.624469E+1
1.905997E+1	2.100000E-6	1.627825E+1
1.905500E+1	-2.615000E-5	1.631141E+1
1.904997E+1	3.075000E-5	1.634496E+1
1.904498E+1	4.800000E-6	1.637825E+1
1.903999E+1	-1.510000E-5	1.641154E+1
1.903498E+1	2.365000E-5	1.644497E+1
1.902999E+1	-7.500000E-6	1.647826E+1
1.902500E+1	5.750000E-6	1.651155E+1
1.901999E+1	3.390000E-5	1.654497E+1
1.901500E+1	4.405000E-5	1.657826E+1
1.900997E+1	-8.050000E-6	1.661182E+1
1.900500E+1	9.500000E-7	1.664497E+1
1.899995E+1	5.700000E-6	1.667866E+1
1.899498E+1	3.250000E-5	1.671182E+1
1.898997E+1	-5.000000E-7	1.674524E+1
1.898494E+1	-1.695000E-5	1.677880E+1
1.897995E+1	-2.865000E-5	1.681209E+1
1.897500E+1	-5.000000E-7	1.684511E+1
1.896995E+1	2.035000E-5	1.687880E+1
1.896500E+1	-2.640000E-5	1.691183E+1
1.895997E+1	4.550000E-6	1.694538E+1
1.895500E+1	8.050000E-6	1.697854E+1
1.894993E+1	1.045000E-5	1.701236E+1
1.894500E+1	6.180000E-5	1.704525E+1
1.893993E+1	4.410000E-5	1.707908E+1
1.893500E+1	1.820000E-5	1.711197E+1
1.892999E+1	3.350000E-6	1.714539E+1
1.892498E+1	-1.650000E-6	1.717881E+1
1.891997E+1	5.400000E-6	1.721224E+1
1.891499E+1	-9.350000E-6	1.724546E+1
1.890997E+1	6.000000E-6	1.727895E+1
1.890498E+1	-5.025000E-5	1.731224E+1
1.889997E+1	-3.470000E-5	1.734566E+1
1.889498E+1	-7.150000E-6	1.737895E+1
1.888995E+1	-1.855000E-5	1.741251E+1
1.888498E+1	3.245000E-5	1.744567E+1
1.887999E+1	-6.800000E-6	1.747896E+1
1.887499E+1	6.900000E-6	1.751231E+1
1.886999E+1	3.065000E-5	1.754567E+1
1.886492E+1	1.615000E-5	1.757949E+1
1.885998E+1	2.865000E-5	1.761245E+1
1.885498E+1	2.765000E-5	1.764581E+1
1.884995E+1	8.350000E-6	1.767936E+1
1.884498E+1	4.350000E-6	1.771252E+1
1.883998E+1	2.970000E-5	1.774588E+1
1.883499E+1	-9.850000E-6	1.777917E+1
1.882998E+1	1.435000E-5	1.781259E+1
1.882499E+1	-2.555000E-5	1.784588E+1
1.881998E+1	1.590000E-5	1.787930E+1
1.881499E+1	-4.360000E-5	1.791259E+1
1.880998E+1	-4.050000E-5	1.794602E+1
1.880499E+1	-1.000000E-7	1.797931E+1
1.879997E+1	-2.545000E-5	1.801280E+1
1.879499E+1	2.175000E-5	1.804602E+1
1.878997E+1	-2.170000E-5	1.807951E+1
1.878499E+1	-1.735000E-5	1.811273E+1
1.877995E+1	3.650000E-5	1.814636E+1
1.877499E+1	1.640000E-5	1.817945E+1
1.877000E+1	2.170000E-5	1.821274E+1
1.876497E+1	2.000000E-7	1.824629E+1
1.875998E+1	2.020000E-5	1.827958E+1
1.875499E+1	1.250000E-6	1.831287E+1
1.874997E+1	4.860000E-5	1.834636E+1
1.874499E+1	-5.550000E-6	1.837959E+1
1.874000E+1	-1.100000E-6	1.841288E+1
1.873499E+1	1.805000E-5	1.844630E+1
1.873000E+1	1.650000E-5	1.847959E+1
1.872497E+1	6.500000E-7	1.851315E+1
1.871998E+1	-5.900000E-6	1.854644E+1
1.871497E+1	3.950000E-6	1.857986E+1
1.870998E+1	2.830000E-5	1.861315E+1
1.870497E+1	2.745000E-5	1.864657E+1
1.869998E+1	4.040000E-5	1.867986E+1
1.869499E+1	3.745000E-5	1.871315E+1
1.868998E+1	4.330000E-5	1.874658E+1
1.868499E+1	1.980000E-5	1.877987E+1
1.868000E+1	4.140000E-5	1.881316E+1
1.867499E+1	3.545000E-5	1.884658E+1
1.866998E+1	7.250000E-6	1.888000E+1
1.866497E+1	1.065000E-5	1.891343E+1
1.866000E+1	1.320000E-5	1.894658E+1
1.865499E+1	1.520000E-5	1.898001E+1
1.864998E+1	1.600000E-5	1.901343E+1
1.864497E+1	-2.225000E-5	1.904685E+1
1.863998E+1	3.850000E-6	1.908014E+1
1.863499E+1	1.040000E-5	1.911343E+1
1.862998E+1	1.020000E-5	1.914686E+1
1.862497E+1	-1.795000E-5	1.918028E+1
1.861998E+1	1.900000E-6	1.921357E+1
1.861499E+1	2.745000E-5	1.924686E+1
1.860995E+1	4.570000E-5	1.928048E+1
1.860497E+1	2.900000E-5	1.931371E+1
1.860000E+1	3.995000E-5	1.934686E+1
1.859499E+1	2.375000E-5	1.938029E+1
1.859000E+1	6.015000E-5	1.941358E+1
1.858497E+1	4.430000E-5	1.944713E+1
1.858000E+1	3.065000E-5	1.948029E+1
1.857499E+1	4.500000E-6	1.951371E+1
1.856998E+1	1.305000E-5	1.954714E+1
1.856499E+1	3.185000E-5	1.958043E+1
1.855998E+1	2.305000E-5	1.961385E+1
1.855499E+1	3.050000E-6	1.964714E+1
1.854998E+1	-2.130000E-5	1.968056E+1
1.854497E+1	-3.085000E-5	1.971399E+1
1.854000E+1	-4.515000E-5	1.974714E+1
1.853495E+1	-1.080000E-5	1.978083E+1
1.853000E+1	-1.575000E-5	1.981386E+1
1.852497E+1	5.500000E-6	1.984741E+1
1.851998E+1	1.760000E-5	1.988070E+1
1.851497E+1	3.130000E-5	1.991413E+1
1.851000E+1	-4.200000E-6	1.994728E+1
1.850497E+1	3.000000E-7	1.998084E+1
1.850000E+1	5.500000E-6	2.001400E+1
1.849499E+1	1.815000E-5	2.004742E+1
1.849000E+1	2.570000E-5	2.008071E+1
1.848499E+1	-1.300000E-5	2.011413E+1
1.848000E+1	-1.215000E-5	2.014742E+1
1.847499E+1	3.795000E-5	2.018085E+1
1.847000E+1	-1.120000E-5	2.021414E+1
1.846497E+1	-2.535000E-5	2.024769E+1
1.846000E+1	9.700000E-6	2.028085E+1
1.845497E+1	7.950000E-6	2.031441E+1
1.844996E+1	1.035000E-5	2.034783E+1
1.844499E+1	5.000000E-6	2.038099E+1
1.844000E+1	6.395000E-5	2.041428E+1
1.843499E+1	3.040000E-5	2.044770E+1
1.843000E+1	4.000000E-6	2.048099E+1
1.842495E+1	1.245000E-5	2.051468E+1
1.842000E+1	-2.255000E-5	2.054770E+1
1.841497E+1	-2.410000E-5	2.058126E+1
1.840998E+1	4.080000E-5	2.061455E+1
1.840499E+1	2.815000E-5	2.064784E+1
1.839998E+1	3.000000E-5	2.068126E+1
1.839499E+1	-5.400000E-6	2.071455E+1
1.839000E+1	1.360000E-5	2.074784E+1
1.838499E+1	6.600000E-6	2.078127E+1
1.837999E+1	-2.690000E-5	2.081462E+1
1.837497E+1	-5.050000E-6	2.084811E+1
1.836998E+1	2.810000E-5	2.088140E+1
1.836497E+1	1.650000E-6	2.091483E+1
1.835999E+1	-1.450000E-6	2.094805E+1
1.835499E+1	-1.570000E-5	2.098141E+1
1.834994E+1	6.000000E-7	2.101510E+1
1.834499E+1	1.835000E-5	2.104812E+1
1.833998E+1	2.655000E-5	2.108154E+1
1.833497E+1	-6.300000E-6	2.111497E+1
1.832998E+1	2.535000E-5	2.114826E+1
1.832499E+1	3.690000E-5	2.118155E+1
1.831998E+1	5.995000E-5	2.121497E+1
1.831497E+1	1.220000E-5	2.124839E+1
1.830998E+1	2.830000E-5	2.128168E+1
1.830493E+1	1.350000E-6	2.131537E+1
1.829996E+1	-1.530000E-5	2.134853E+1
1.829498E+1	2.750000E-5	2.138175E+1
1.828999E+1	1.165000E-5	2.141504E+1
1.828498E+1	-2.255000E-5	2.144847E+1
1.827998E+1	-2.670000E-5	2.148182E+1
1.827498E+1	-6.600000E-6	2.151518E+1
1.826999E+1	-1.005000E-5	2.154847E+1
1.826498E+1	1.735000E-5	2.158189E+1
1.825998E+1	-4.525000E-5	2.161525E+1
1.825497E+1	6.450000E-6	2.164867E+1
1.824999E+1	-2.055000E-5	2.168190E+1
1.824498E+1	6.015000E-5	2.171532E+1
1.823997E+1	1.900000E-5	2.174874E+1
1.823498E+1	2.755000E-5	2.178203E+1
1.822999E+1	2.225000E-5	2.181532E+1
1.822498E+1	2.870000E-5	2.184875E+1
1.821997E+1	2.005000E-5	2.188217E+1
1.821497E+1	3.330000E-5	2.191553E+1
1.820997E+1	6.100000E-6	2.194888E+1
1.820497E+1	1.945000E-5	2.198224E+1
1.819997E+1	-1.660000E-5	2.201560E+1
1.819497E+1	-1.650000E-6	2.204895E+1
1.818999E+1	2.120000E-5	2.208218E+1
1.818493E+1	1.810000E-5	2.211593E+1
1.817999E+1	1.565000E-5	2.214889E+1
1.817497E+1	2.045000E-5	2.218238E+1
1.816997E+1	-1.300000E-5	2.221574E+1
1.816498E+1	6.600000E-6	2.224903E+1
1.815999E+1	5.700000E-6	2.228232E+1
1.815498E+1	3.715000E-5	2.231574E+1
1.814997E+1	-1.190000E-5	2.234916E+1
1.814500E+1	-6.100000E-6	2.238232E+1
1.813992E+1	2.735000E-5	2.241621E+1
1.813500E+1	2.760000E-5	2.244903E+1
1.812999E+1	5.150000E-6	2.248246E+1
1.812500E+1	-8.200000E-6	2.251575E+1
1.811999E+1	-3.950000E-5	2.254917E+1
1.811500E+1	-5.350000E-6	2.258246E+1
1.810999E+1	-1.730000E-5	2.261588E+1
1.810498E+1	-2.240000E-5	2.264931E+1
1.809999E+1	-9.400000E-6	2.268260E+1
1.809500E+1	1.380000E-5	2.271589E+1
1.808997E+1	-7.500000E-7	2.274944E+1
1.808500E+1	-9.650000E-6	2.278260E+1
1.807995E+1	-2.400000E-6	2.281629E+1
1.807500E+1	2.510000E-5	2.284931E+1
1.806997E+1	4.560000E-5	2.288287E+1
1.806498E+1	2.095000E-5	2.291616E+1
1.805999E+1	-3.750000E-6	2.294945E+1
1.805500E+1	1.590000E-5	2.298274E+1
1.804997E+1	8.100000E-6	2.301630E+1
1.804500E+1	7.950000E-6	2.304945E+1
1.803999E+1	3.245000E-5	2.308288E+1
1.803498E+1	-1.590000E-5	2.311630E+1
1.802997E+1	-2.030000E-5	2.314972E+1
1.802498E+1	-2.010000E-5	2.318301E+1
1.801997E+1	-1.725000E-5	2.321644E+1
1.801496E+1	-2.350000E-5	2.324986E+1
1.800997E+1	-5.400000E-6	2.328315E+1
1.800500E+1	-2.035000E-5	2.331631E+1
1.799997E+1	-3.350000E-5	2.334986E+1
1.799500E+1	-1.065000E-5	2.338302E+1
1.798997E+1	5.050000E-6	2.341658E+1
1.798500E+1	7.150000E-6	2.344973E+1
1.797999E+1	1.800000E-6	2.348316E+1
1.797500E+1	2.795000E-5	2.351645E+1
1.796997E+1	3.875000E-5	2.355000E+1
1.796498E+1	-7.800000E-6	2.358329E+1
1.795999E+1	9.150000E-6	2.361658E+1
1.795493E+1	2.960000E-5	2.365034E+1
1.794997E+1	-1.895000E-5	2.368343E+1
1.794498E+1	-1.300000E-5	2.371672E+1
1.793995E+1	5.150000E-6	2.375028E+1
1.793498E+1	-2.155000E-5	2.378343E+1
1.792999E+1	-2.940000E-5	2.381672E+1
1.792500E+1	-3.000000E-7	2.385001E+1
1.791995E+1	-8.400000E-6	2.388370E+1
1.791500E+1	1.050000E-6	2.391673E+1
1.790999E+1	5.400000E-6	2.395015E+1
1.790498E+1	-1.320000E-5	2.398357E+1
1.789999E+1	3.970000E-5	2.401686E+1
1.789500E+1	1.755000E-5	2.405015E+1
1.788997E+1	1.585000E-5	2.408371E+1
1.788494E+1	4.615000E-5	2.411727E+1
1.787997E+1	5.690000E-5	2.415042E+1
1.787498E+1	-1.055000E-5	2.418371E+1
1.786999E+1	2.920000E-5	2.421700E+1
1.786500E+1	2.380000E-5	2.425029E+1
1.785997E+1	6.800000E-6	2.428385E+1
1.785500E+1	4.575000E-5	2.431701E+1
1.784997E+1	2.840000E-5	2.435056E+1
1.784498E+1	3.860000E-5	2.438385E+1
1.783999E+1	6.350000E-5	2.441714E+1
1.783492E+1	3.800000E-5	2.445097E+1
1.782999E+1	3.425000E-5	2.448386E+1
1.782494E+1	7.345000E-5	2.451755E+1
1.781997E+1	3.175000E-5	2.455070E+1
1.781499E+1	4.390000E-5	2.458393E+1
1.780993E+1	2.445000E-5	2.461768E+1
1.780496E+1	7.000000E-6	2.465084E+1
1.779999E+1	4.285000E-5	2.468400E+1
1.779499E+1	2.030000E-5	2.471735E+1
1.778999E+1	3.700000E-6	2.475071E+1
1.778499E+1	1.475000E-5	2.478407E+1
1.777999E+1	-2.450000E-6	2.481742E+1
1.777496E+1	-2.780000E-5	2.485098E+1
1.776997E+1	8.050000E-6	2.488427E+1
1.776498E+1	-2.890000E-5	2.491756E+1
1.775998E+1	-3.155000E-5	2.495092E+1
1.775498E+1	-2.770000E-5	2.498427E+1
1.774997E+1	-1.530000E-5	2.501770E+1
1.774499E+1	-3.180000E-5	2.505092E+1
1.773997E+1	-2.855000E-5	2.508441E+1
1.773498E+1	-1.710000E-5	2.511770E+1
1.772998E+1	1.495000E-5	2.515106E+1
1.772498E+1	-9.850000E-6	2.518441E+1
1.771998E+1	2.400000E-6	2.521777E+1
1.771499E+1	5.035000E-5	2.525106E+1
1.770998E+1	4.350000E-5	2.528448E+1
1.770496E+1	7.000000E-6	2.531797E+1
1.769998E+1	2.570000E-5	2.535120E+1
1.769499E+1	-1.520000E-5	2.538449E+1
1.768998E+1	-7.450000E-6	2.541791E+1
1.768499E+1	-1.100000E-6	2.545120E+1
1.767998E+1	2.325000E-5	2.548462E+1
1.767499E+1	1.830000E-5	2.551791E+1
1.766998E+1	1.150000E-5	2.555134E+1
1.766499E+1	2.570000E-5	2.558463E+1
1.765998E+1	4.700000E-6	2.561805E+1
1.765497E+1	5.020000E-5	2.565147E+1
1.764995E+1	1.135000E-5	2.568496E+1
1.764499E+1	4.150000E-6	2.571805E+1
1.763997E+1	5.950000E-6	2.575154E+1
1.763497E+1	4.495000E-5	2.578490E+1
1.762997E+1	3.750000E-5	2.581826E+1
1.762497E+1	5.895000E-5	2.585161E+1
1.761998E+1	-1.900000E-6	2.588490E+1
1.761497E+1	2.010000E-5	2.591833E+1
1.760996E+1	-2.245000E-5	2.595175E+1
1.760494E+1	-8.950000E-6	2.598524E+1
1.759998E+1	-3.590000E-5	2.601833E+1
1.759499E+1	-1.350000E-6	2.605162E+1
1.759000E+1	-2.640000E-5	2.608491E+1
1.758497E+1	8.350000E-6	2.611847E+1
1.757998E+1	-7.350000E-6	2.615176E+1
1.757499E+1	-8.650000E-6	2.618505E+1
1.757000E+1	-2.450000E-6	2.621834E+1
1.756499E+1	9.150000E-6	2.625176E+1
1.755998E+1	-7.700000E-6	2.628518E+1
1.755497E+1	2.850000E-5	2.631861E+1
1.755000E+1	3.460000E-5	2.635176E+1
1.754499E+1	2.745000E-5	2.638519E+1
1.754000E+1	8.600000E-6	2.641848E+1
1.753499E+1	5.500000E-7	2.645190E+1
1.753000E+1	3.300000E-5	2.648519E+1
1.752499E+1	-1.535000E-5	2.651861E+1
1.752000E+1	1.260000E-5	2.655190E+1
1.751499E+1	6.850000E-6	2.658533E+1
1.751000E+1	2.475000E-5	2.661862E+1
1.750499E+1	-3.355000E-5	2.665204E+1
1.750000E+1	1.040000E-5	2.668533E+1
1.749497E+1	3.200000E-6	2.671889E+1
1.749000E+1	8.600000E-6	2.675204E+1
1.748499E+1	2.400000E-6	2.678547E+1
1.748000E+1	-2.560000E-5	2.681876E+1
1.747499E+1	-1.390000E-5	2.685218E+1
1.746998E+1	1.740000E-5	2.688560E+1
1.746497E+1	-1.910000E-5	2.691903E+1
1.746000E+1	3.850000E-6	2.695218E+1
1.745499E+1	-1.615000E-5	2.698561E+1
1.744994E+1	2.280000E-5	2.701929E+1
1.744497E+1	-1.175000E-5	2.705245E+1
1.743998E+1	-1.210000E-5	2.708574E+1
1.743499E+1	3.280000E-5	2.711903E+1
1.742998E+1	3.785000E-5	2.715245E+1
1.742499E+1	2.395000E-5	2.718575E+1
1.741998E+1	-1.405000E-5	2.721917E+1
1.741497E+1	3.850000E-5	2.725259E+1
1.740998E+1	-1.740000E-5	2.728588E+1
1.740499E+1	2.785000E-5	2.731917E+1
1.740000E+1	-2.050000E-5	2.735246E+1
1.739499E+1	1.210000E-5	2.738589E+1
1.739000E+1	-6.250000E-6	2.741917E+1
1.738497E+1	-2.275000E-5	2.745273E+1
1.738000E+1	-7.000000E-6	2.748589E+1
1.737499E+1	9.700000E-6	2.751931E+1
1.736998E+1	-4.175000E-5	2.755273E+1
1.736497E+1	-1.150000E-6	2.758616E+1
1.736000E+1	3.750000E-6	2.761931E+1
1.735499E+1	1.100000E-5	2.765274E+1
1.734998E+1	2.885000E-5	2.768616E+1
1.734499E+1	2.445000E-5	2.771945E+1
1.734000E+1	1.130000E-5	2.775274E+1
1.733497E+1	1.845000E-5	2.778630E+1
1.733000E+1	8.650000E-6	2.781945E+1
1.732499E+1	-1.485000E-5	2.785288E+1
1.732000E+1	3.295000E-5	2.788617E+1
1.731497E+1	-1.675000E-5	2.791973E+1
1.730996E+1	-1.350000E-5	2.795315E+1
1.730499E+1	2.360000E-5	2.798631E+1
1.729996E+1	2.155000E-5	2.801986E+1
1.729497E+1	-5.600000E-6	2.805315E+1
1.729000E+1	1.705000E-5	2.808631E+1
1.728499E+1	-1.260000E-5	2.811973E+1
1.727999E+1	1.345000E-5	2.815309E+1
1.727497E+1	-8.950000E-6	2.818658E+1
1.726999E+1	-1.300000E-5	2.821980E+1
1.726497E+1	3.500000E-6	2.825329E+1
1.725998E+1	1.280000E-5	2.828658E+1
1.725499E+1	5.950000E-6	2.831987E+1
1.724999E+1	4.950000E-6	2.835323E+1
1.724497E+1	2.100000E-5	2.838672E+1
1.723996E+1	2.325000E-5	2.842014E+1
1.723499E+1	1.230000E-5	2.845330E+1
1.722999E+1	-1.195000E-5	2.848665E+1
1.722499E+1	-2.395000E-5	2.852001E+1
1.721999E+1	1.135000E-5	2.855337E+1
1.721499E+1	3.400000E-6	2.858673E+1
1.720998E+1	-8.750000E-6	2.862015E+1
1.720497E+1	1.995000E-5	2.865357E+1
1.719999E+1	7.650000E-6	2.868679E+1
1.719497E+1	6.650000E-6	2.872029E+1
1.718999E+1	3.725000E-5	2.875351E+1
1.718497E+1	2.375000E-5	2.878700E+1
1.717998E+1	-9.350000E-6	2.882029E+1
1.717497E+1	2.460000E-5	2.885371E+1
1.716999E+1	2.150000E-5	2.888693E+1
1.716498E+1	-3.550000E-6	2.892036E+1
1.715999E+1	6.100000E-6	2.895365E+1
1.715495E+1	3.950000E-6	2.898727E+1
1.714996E+1	-1.420000E-5	2.902056E+1
1.714498E+1	-4.150000E-6	2.905379E+1
1.713999E+1	-2.445000E-5	2.908707E+1
1.713493E+1	-1.225000E-5	2.912083E+1
1.712999E+1	4.400000E-6	2.915379E+1
1.712498E+1	-1.005000E-5	2.918721E+1
1.711997E+1	1.415000E-5	2.922063E+1
1.711497E+1	1.315000E-5	2.925399E+1
1.710992E+1	2.685000E-5	2.928768E+1
1.710497E+1	9.000000E-7	2.932071E+1
1.709996E+1	-3.100000E-6	2.935413E+1
1.709497E+1	7.500000E-7	2.938742E+1
1.708999E+1	2.110000E-5	2.942064E+1
1.708497E+1	5.765000E-5	2.945413E+1
1.707997E+1	1.800000E-6	2.948749E+1
1.707498E+1	-5.450000E-6	2.952078E+1
1.706994E+1	1.775000E-5	2.955440E+1
1.706496E+1	1.675000E-5	2.958763E+1
1.705997E+1	-2.550000E-6	2.962091E+1
1.705500E+1	-9.100000E-6	2.965407E+1
1.704997E+1	4.850000E-6	2.968763E+1
1.704498E+1	4.380000E-5	2.972092E+1
1.703999E+1	2.325000E-5	2.975421E+1
1.703498E+1	6.500000E-6	2.978763E+1
1.702996E+1	-2.520000E-5	2.982112E+1
1.702498E+1	-6.050000E-6	2.985435E+1
1.701999E+1	1.040000E-5	2.988763E+1
1.701498E+1	-4.750000E-6	2.992106E+1
1.700997E+1	-1.315000E-5	2.995448E+1
1.700500E+1	1.565000E-5	2.998764E+1
1.699999E+1	5.300000E-6	3.002106E+1
1.699500E+1	3.285000E-5	3.005435E+1
1.698999E+1	2.340000E-5	3.008777E+1
1.698500E+1	3.265000E-5	3.012107E+1
1.697997E+1	1.310000E-5	3.015462E+1
1.697500E+1	-4.500000E-6	3.018778E+1
1.696995E+1	-3.380000E-5	3.022147E+1
1.696496E+1	-1.670000E-5	3.025476E+1
1.695995E+1	1.035000E-5	3.028818E+1
1.695496E+1	2.550000E-6	3.032147E+1
1.694999E+1	1.725000E-5	3.035463E+1
1.694500E+1	-1.075000E-5	3.038792E+1
1.693997E+1	1.150000E-6	3.042147E+1
1.693498E+1	9.000000E-6	3.045477E+1
1.692999E+1	-2.700000E-6	3.048805E+1
1.692498E+1	1.295000E-5	3.052148E+1
1.691999E+1	2.985000E-5	3.055477E+1
1.691500E+1	-7.450000E-6	3.058806E+1
1.690995E+1	-1.055000E-5	3.062175E+1
1.690500E+1	1.600000E-6	3.065477E+1
1.689997E+1	-1.035000E-5	3.068833E+1
1.689500E+1	0.000000E+0	3.072149E+1
1.688997E+1	-4.000000E-6	3.075504E+1
1.688498E+1	2.575000E-5	3.078833E+1
1.687999E+1	-1.650000E-5	3.082162E+1
1.687498E+1	-5.950000E-6	3.085505E+1
1.686999E+1	-3.565000E-5	3.088833E+1
1.686493E+1	1.030000E-5	3.092209E+1
1.685997E+1	-6.750000E-6	3.095518E+1
1.685496E+1	1.700000E-6	3.098861E+1
1.684988E+1	4.000000E-6	3.102250E+1
1.684498E+1	1.935000E-5	3.105519E+1
1.684001E+1	1.675000E-5	3.108834E+1
1.683500E+1	1.290000E-5	3.112177E+1
1.682999E+1	7.600000E-6	3.115519E+1
1.682496E+1	1.310000E-5	3.118875E+1
1.681997E+1	2.120000E-5	3.122203E+1
1.681500E+1	2.855000E-5	3.125519E+1
1.680990E+1	-5.500000E-6	3.128922E+1
1.680500E+1	1.970000E-5	3.132191E+1
1.679999E+1	6.300000E-6	3.135533E+1
1.679500E+1	9.350000E-6	3.138862E+1
1.678999E+1	2.360000E-5	3.142204E+1
1.678498E+1	1.425000E-5	3.145547E+1
1.677999E+1	4.655000E-5	3.148875E+1
1.677498E+1	6.625000E-5	3.152218E+1
1.676997E+1	2.450000E-5	3.155560E+1
1.676498E+1	-1.185000E-5	3.158889E+1
1.675997E+1	-1.115000E-5	3.162231E+1
1.675500E+1	2.625000E-5	3.165547E+1
1.674993E+1	8.250000E-6	3.168929E+1
1.674500E+1	1.800000E-6	3.172219E+1
1.673997E+1	1.155000E-5	3.175574E+1
1.673500E+1	5.450000E-6	3.178890E+1
1.672997E+1	-3.450000E-6	3.182245E+1
1.672499E+1	-1.270000E-5	3.185568E+1
1.671995E+1	2.285000E-5	3.188930E+1
1.671498E+1	3.290000E-5	3.192246E+1
1.670997E+1	2.500000E-5	3.195588E+1
1.670499E+1	-5.700000E-6	3.198911E+1
1.669997E+1	2.420000E-5	3.202259E+1
1.669498E+1	7.650000E-6	3.205589E+1
1.668999E+1	2.560000E-5	3.208918E+1
1.668494E+1	3.165000E-5	3.212286E+1
1.667997E+1	3.000000E-6	3.215602E+1
1.667496E+1	-7.700000E-6	3.218945E+1
1.666997E+1	6.100000E-6	3.222273E+1
1.666499E+1	7.050000E-6	3.225596E+1
1.665997E+1	3.860000E-5	3.228945E+1
1.665499E+1	3.390000E-5	3.232267E+1
1.664997E+1	1.845000E-5	3.235616E+1
1.664496E+1	3.435000E-5	3.238958E+1
1.663998E+1	4.995000E-5	3.242281E+1
1.663498E+1	2.605000E-5	3.245617E+1
1.662991E+1	-1.360000E-5	3.248999E+1
1.662499E+1	1.035000E-5	3.252281E+1
1.661998E+1	8.500000E-7	3.255623E+1
1.661498E+1	4.400000E-6	3.258959E+1
1.660997E+1	-1.260000E-5	3.262301E+1
1.660496E+1	-5.000000E-8	3.265644E+1
1.659998E+1	-1.340000E-5	3.268966E+1
1.659498E+1	-2.080000E-5	3.272302E+1
1.659000E+1	4.365000E-5	3.275624E+1
1.658499E+1	1.300000E-6	3.278967E+1
1.657995E+1	1.895000E-5	3.282329E+1
1.657499E+1	-1.935000E-5	3.285638E+1
1.656997E+1	4.265000E-5	3.288987E+1
1.656499E+1	2.655000E-5	3.292309E+1
1.655997E+1	1.095000E-5	3.295658E+1
1.655499E+1	1.570000E-5	3.298980E+1
1.654998E+1	2.795000E-5	3.302323E+1
1.654499E+1	-1.365000E-5	3.305652E+1
1.653998E+1	-2.155000E-5	3.308994E+1
1.653499E+1	-3.600000E-6	3.312323E+1
1.652993E+1	1.050000E-6	3.315699E+1
1.652499E+1	-4.000000E-7	3.318995E+1
1.651998E+1	3.810000E-5	3.322337E+1
1.651499E+1	2.750000E-5	3.325666E+1
1.651000E+1	4.660000E-5	3.328995E+1
1.650497E+1	-2.200000E-5	3.332351E+1
1.649998E+1	-3.810000E-5	3.335679E+1
1.649497E+1	-1.595000E-5	3.339022E+1
1.648996E+1	3.355000E-5	3.342364E+1
1.648497E+1	-4.295000E-5	3.345693E+1
1.647998E+1	7.800000E-6	3.349022E+1
1.647494E+1	-1.850000E-5	3.352385E+1
1.646996E+1	-2.925000E-5	3.355707E+1
1.646499E+1	-6.340000E-5	3.359023E+1
1.646000E+1	-1.630000E-5	3.362351E+1
1.645497E+1	3.630000E-5	3.365707E+1
1.644998E+1	3.735000E-5	3.369036E+1
1.644499E+1	6.550000E-6	3.372365E+1
1.644000E+1	3.070000E-5	3.375694E+1
1.643499E+1	-3.600000E-6	3.379036E+1
1.643000E+1	-2.020000E-5	3.382365E+1
1.642499E+1	-1.250000E-6	3.385708E+1
1.641998E+1	1.210000E-5	3.389050E+1
1.641499E+1	-2.480000E-5	3.392379E+1
1.641000E+1	-1.180000E-5	3.395708E+1
1.640499E+1	1.520000E-5	3.399051E+1
1.639998E+1	4.970000E-5	3.402393E+1
1.639499E+1	-1.085000E-5	3.405722E+1
1.638998E+1	2.655000E-5	3.409064E+1
1.638495E+1	5.590000E-5	3.412420E+1
1.637993E+1	1.265000E-5	3.415769E+1
1.637497E+1	1.550000E-5	3.419078E+1
