7.019995E+1	1.181520E-3	0.000000E+0
7.019295E+1	1.224320E-3	4.669933E-2
7.018595E+1	1.241280E-3	9.339865E-2
7.017895E+1	1.223960E-3	1.400980E-1
7.017195E+1	1.221320E-3	1.867973E-1
7.016495E+1	1.247840E-3	2.334966E-1
7.015795E+1	1.244720E-3	2.801960E-1
7.015095E+1	1.242240E-3	3.268953E-1
7.014395E+1	1.236440E-3	3.735946E-1
7.013695E+1	1.254600E-3	4.202939E-1
7.012995E+1	1.219400E-3	4.669932E-1
7.012295E+1	1.242000E-3	5.136926E-1
7.011595E+1	1.239760E-3	5.603919E-1
7.010895E+1	1.225120E-3	6.070912E-1
7.010195E+1	1.238800E-3	6.537905E-1
7.009495E+1	1.226520E-3	7.004899E-1
7.008795E+1	1.248600E-3	7.471892E-1
7.008095E+1	1.256760E-3	7.938885E-1
7.007395E+1	1.232840E-3	8.405879E-1
7.006695E+1	1.239560E-3	8.872872E-1
7.005995E+1	1.244400E-3	9.339865E-1
7.005295E+1	1.247880E-3	9.806858E-1
7.004595E+1	1.248360E-3	1.027385E+0
7.003895E+1	1.238560E-3	1.074085E+0
7.003195E+1	1.245640E-3	1.120784E+0
7.002495E+1	1.257480E-3	1.167483E+0
7.001795E+1	1.259120E-3	1.214182E+0
7.001095E+1	1.256000E-3	1.260882E+0
7.000395E+1	1.242120E-3	1.307581E+0
6.999695E+1	1.257280E-3	1.354280E+0
6.998995E+1	1.256640E-3	1.400980E+0
6.998295E+1	1.262080E-3	1.447679E+0
6.997595E+1	1.288280E-3	1.494378E+0
6.996895E+1	1.287600E-3	1.541078E+0
6.996195E+1	1.315880E-3	1.587777E+0
6.995495E+1	1.326600E-3	1.634476E+0
6.994795E+1	1.338200E-3	1.681176E+0
6.994095E+1	1.367080E-3	1.727875E+0
6.993395E+1	1.370000E-3	1.774574E+0
6.992695E+1	1.398000E-3	1.821274E+0
6.991995E+1	1.377880E-3	1.867973E+0
6.991295E+1	1.354480E-3	1.914672E+0
6.990595E+1	1.332080E-3	1.961372E+0
6.989895E+1	1.253640E-3	2.008071E+0
6.989195E+1	1.191920E-3	2.054770E+0
6.988495E+1	1.140440E-3	2.101470E+0
6.987795E+1	1.078160E-3	2.148169E+0
6.987095E+1	1.052160E-3	2.194868E+0
6.986395E+1	1.050600E-3	2.241568E+0
6.985695E+1	1.019080E-3	2.288267E+0
6.984995E+1	1.004560E-3	2.334966E+0
6.984295E+1	9.813200E-4	2.381665E+0
6.983595E+1	9.848400E-4	2.428365E+0
6.982895E+1	9.701200E-4	2.475064E+0
6.982195E+1	9.274000E-4	2.521764E+0
6.981495E+1	8.931600E-4	2.568463E+0
6.980795E+1	8.773600E-4	2.615162E+0
6.980095E+1	8.839200E-4	2.661861E+0
6.979395E+1	8.388400E-4	2.708561E+0
6.978695E+1	8.291600E-4	2.755260E+0
6.977995E+1	8.209600E-4	2.801960E+0
6.977295E+1	8.113200E-4	2.848659E+0
6.976595E+1	7.946800E-4	2.895358E+0
6.975895E+1	7.939600E-4	2.942057E+0
6.975195E+1	7.611600E-4	2.988757E+0
6.974495E+1	7.518000E-4	3.035456E+0
6.973795E+1	7.398000E-4	3.082155E+0
6.973095E+1	6.996800E-4	3.128855E+0
6.972395E+1	7.312000E-4	3.175554E+0
6.971695E+1	7.070000E-4	3.222253E+0
6.970995E+1	6.887600E-4	3.268953E+0
6.970295E+1	6.876000E-4	3.315652E+0
6.969595E+1	6.851600E-4	3.362351E+0
6.968895E+1	6.856400E-4	3.409051E+0
6.968195E+1	6.675600E-4	3.455750E+0
6.967495E+1	6.697600E-4	3.502449E+0
6.966795E+1	6.438800E-4	3.549149E+0
6.966095E+1	6.510000E-4	3.595848E+0
6.965395E+1	6.224800E-4	3.642547E+0
6.964695E+1	6.254800E-4	3.689247E+0
6.963995E+1	6.139200E-4	3.735946E+0
6.963295E+1	6.358400E-4	3.782645E+0
6.962595E+1	6.198800E-4	3.829345E+0
6.961895E+1	5.942000E-4	3.876044E+0
6.961195E+1	6.128400E-4	3.922743E+0
6.960495E+1	6.083200E-4	3.969443E+0
6.959795E+1	5.887600E-4	4.016142E+0
6.959095E+1	5.917200E-4	4.062841E+0
6.958395E+1	5.823200E-4	4.109540E+0
6.957695E+1	5.670800E-4	4.156240E+0
6.956995E+1	5.469200E-4	4.202939E+0
6.956295E+1	5.600000E-4	4.249639E+0
6.955595E+1	5.564800E-4	4.296338E+0
6.954895E+1	5.504800E-4	4.343037E+0
6.954195E+1	5.524800E-4	4.389737E+0
6.953495E+1	5.568000E-4	4.436436E+0
6.952795E+1	5.484000E-4	4.483135E+0
6.952095E+1	5.274000E-4	4.529835E+0
6.951395E+1	5.312800E-4	4.576534E+0
6.950695E+1	5.415600E-4	4.623233E+0
6.949995E+1	5.321200E-4	4.669932E+0
6.949295E+1	5.278400E-4	4.716632E+0
6.948595E+1	5.280800E-4	4.763331E+0
6.947895E+1	5.400000E-4	4.810030E+0
6.947195E+1	4.988800E-4	4.856730E+0
6.946495E+1	5.013600E-4	4.903429E+0
6.945795E+1	5.051600E-4	4.950129E+0
6.945095E+1	5.158400E-4	4.996828E+0
6.944395E+1	4.992400E-4	5.043527E+0
6.943695E+1	5.086400E-4	5.090227E+0
6.942995E+1	4.914400E-4	5.136926E+0
6.942295E+1	4.835600E-4	5.183625E+0
6.941595E+1	4.737600E-4	5.230324E+0
6.940895E+1	4.872400E-4	5.277024E+0
6.940195E+1	4.635600E-4	5.323723E+0
6.939495E+1	4.536400E-4	5.370422E+0
6.938795E+1	4.973200E-4	5.417122E+0
6.938095E+1	4.848400E-4	5.463821E+0
6.937395E+1	4.765600E-4	5.510520E+0
6.936695E+1	4.685600E-4	5.557220E+0
6.935995E+1	4.597600E-4	5.603919E+0
6.935295E+1	4.516800E-4	5.650619E+0
6.934595E+1	4.518400E-4	5.697318E+0
6.933895E+1	4.358400E-4	5.744017E+0
6.933195E+1	4.567200E-4	5.790716E+0
6.932495E+1	4.378400E-4	5.837416E+0
6.931795E+1	4.559200E-4	5.884115E+0
6.931095E+1	4.443200E-4	5.930814E+0
6.930395E+1	4.495200E-4	5.977514E+0
6.929695E+1	4.493200E-4	6.024213E+0
6.928995E+1	4.565200E-4	6.070912E+0
6.928295E+1	4.421200E-4	6.117611E+0
6.927595E+1	4.281600E-4	6.164311E+0
6.926895E+1	4.396400E-4	6.211010E+0
6.926195E+1	4.766800E-4	6.257710E+0
6.925495E+1	4.486800E-4	6.304409E+0
6.924795E+1	4.411600E-4	6.351108E+0
6.924095E+1	4.150800E-4	6.397808E+0
6.923395E+1	4.469200E-4	6.444507E+0
6.922695E+1	4.207600E-4	6.491206E+0
6.921995E+1	4.221600E-4	6.537906E+0
6.921295E+1	4.410400E-4	6.584605E+0
6.920595E+1	4.302000E-4	6.631304E+0
6.919895E+1	4.215600E-4	6.678003E+0
6.919195E+1	4.339600E-4	6.724703E+0
6.918495E+1	4.220000E-4	6.771402E+0
6.917795E+1	4.111600E-4	6.818101E+0
6.917095E+1	4.387200E-4	6.864801E+0
6.916395E+1	4.362400E-4	6.911500E+0
6.915695E+1	4.316800E-4	6.958200E+0
6.914995E+1	4.098400E-4	7.004899E+0
6.914295E+1	4.052000E-4	7.051598E+0
6.913595E+1	4.294000E-4	7.098298E+0
6.912895E+1	3.994400E-4	7.144997E+0
6.912195E+1	3.960800E-4	7.191696E+0
6.911495E+1	4.222000E-4	7.238395E+0
6.910795E+1	4.237600E-4	7.285095E+0
6.910095E+1	4.057200E-4	7.331794E+0
6.909395E+1	3.944800E-4	7.378493E+0
6.908695E+1	4.207200E-4	7.425193E+0
6.907995E+1	4.218800E-4	7.471892E+0
6.907295E+1	3.906400E-4	7.518591E+0
6.906595E+1	4.016800E-4	7.565290E+0
6.905895E+1	4.156000E-4	7.611990E+0
6.905195E+1	4.187600E-4	7.658689E+0
6.904495E+1	3.961200E-4	7.705389E+0
6.903795E+1	4.000000E-4	7.752088E+0
6.903095E+1	3.853200E-4	7.798787E+0
6.902395E+1	3.904800E-4	7.845487E+0
6.901695E+1	3.860000E-4	7.892186E+0
6.900995E+1	3.976000E-4	7.938885E+0
6.900295E+1	4.074800E-4	7.985585E+0
6.899595E+1	4.181600E-4	8.032284E+0
6.898895E+1	4.023600E-4	8.078983E+0
6.898195E+1	3.962800E-4	8.125683E+0
6.897495E+1	3.847200E-4	8.172382E+0
6.896795E+1	3.757200E-4	8.219081E+0
6.896095E+1	3.878400E-4	8.265780E+0
6.895395E+1	3.793200E-4	8.312480E+0
6.894695E+1	3.950800E-4	8.359179E+0
6.893995E+1	3.861600E-4	8.405878E+0
6.893295E+1	3.876800E-4	8.452578E+0
6.892595E+1	3.736400E-4	8.499277E+0
6.891895E+1	3.847600E-4	8.545977E+0
6.891195E+1	3.801200E-4	8.592676E+0
6.890495E+1	3.801200E-4	8.639375E+0
6.889795E+1	3.710400E-4	8.686074E+0
6.889095E+1	3.524400E-4	8.732774E+0
6.888395E+1	3.534800E-4	8.779473E+0
6.887695E+1	3.716800E-4	8.826173E+0
6.886995E+1	3.756800E-4	8.872871E+0
6.886295E+1	3.961200E-4	8.919571E+0
6.885595E+1	3.818000E-4	8.966270E+0
6.884895E+1	3.675200E-4	9.012970E+0
6.884195E+1	4.006000E-4	9.059669E+0
6.883495E+1	3.815600E-4	9.106368E+0
6.882795E+1	3.800400E-4	9.153068E+0
6.882095E+1	3.687600E-4	9.199767E+0
6.881395E+1	3.731200E-4	9.246467E+0
6.880695E+1	3.626000E-4	9.293166E+0
6.879995E+1	3.681600E-4	9.339865E+0
6.879295E+1	3.623600E-4	9.386564E+0
6.878595E+1	3.402400E-4	9.433264E+0
6.877895E+1	3.634400E-4	9.479963E+0
6.877195E+1	3.875200E-4	9.526662E+0
6.876495E+1	3.639200E-4	9.573361E+0
6.875795E+1	3.635600E-4	9.620061E+0
6.875095E+1	3.583600E-4	9.666760E+0
6.874395E+1	3.635200E-4	9.713460E+0
6.873695E+1	3.682000E-4	9.760159E+0
6.872995E+1	3.736000E-4	9.806858E+0
6.872295E+1	3.541200E-4	9.853558E+0
6.871595E+1	3.742800E-4	9.900257E+0
6.870895E+1	3.697200E-4	9.946957E+0
6.870195E+1	3.611600E-4	9.993655E+0
6.869495E+1	3.656000E-4	1.004035E+1
6.868795E+1	3.758800E-4	1.008705E+1
6.868095E+1	3.741200E-4	1.013375E+1
6.867395E+1	3.758000E-4	1.018045E+1
6.866695E+1	3.525600E-4	1.022715E+1
6.865995E+1	3.776400E-4	1.027385E+1
6.865295E+1	3.665600E-4	1.032055E+1
6.864595E+1	3.418800E-4	1.036725E+1
6.863895E+1	3.539600E-4	1.041395E+1
6.863195E+1	3.676800E-4	1.046065E+1
6.862495E+1	3.458400E-4	1.050735E+1
6.861795E+1	3.621200E-4	1.055405E+1
6.861095E+1	3.613600E-4	1.060075E+1
6.860395E+1	3.675200E-4	1.064745E+1
6.859695E+1	3.884000E-4	1.069415E+1
6.858995E+1	3.771200E-4	1.074084E+1
6.858295E+1	3.745600E-4	1.078754E+1
6.857595E+1	3.716400E-4	1.083424E+1
6.856895E+1	3.642400E-4	1.088094E+1
6.856195E+1	3.561200E-4	1.092764E+1
6.855495E+1	3.614400E-4	1.097434E+1
6.854795E+1	3.721200E-4	1.102104E+1
6.854095E+1	3.870800E-4	1.106774E+1
6.853395E+1	3.981200E-4	1.111444E+1
6.852695E+1	3.502400E-4	1.116114E+1
6.851995E+1	3.618800E-4	1.120784E+1
6.851295E+1	3.740400E-4	1.125454E+1
6.850595E+1	3.766400E-4	1.130124E+1
6.849895E+1	3.646000E-4	1.134794E+1
6.849195E+1	3.458000E-4	1.139464E+1
6.848495E+1	3.759200E-4	1.144133E+1
6.847795E+1	3.638000E-4	1.148803E+1
6.847095E+1	3.666400E-4	1.153473E+1
6.846395E+1	3.690000E-4	1.158143E+1
6.845695E+1	3.699200E-4	1.162813E+1
6.844995E+1	3.369200E-4	1.167483E+1
6.844295E+1	3.818800E-4	1.172153E+1
6.843595E+1	3.546000E-4	1.176823E+1
6.842895E+1	3.498000E-4	1.181493E+1
6.842195E+1	3.684000E-4	1.186163E+1
6.841495E+1	3.734400E-4	1.190833E+1
