2.129999E+1	-1.220000E-5	6.671332E-5
2.129999E+1	-2.000000E-6	6.671332E-5
2.129500E+1	-4.500000E-6	3.335666E-2
2.128999E+1	-5.175000E-5	6.678004E-2
2.128500E+1	3.915000E-5	1.000700E-1
2.127997E+1	2.900000E-5	1.336268E-1
2.127500E+1	2.330000E-5	1.667833E-1
2.126999E+1	4.110000E-5	2.002067E-1
2.126500E+1	-1.155000E-5	2.334966E-1
2.125999E+1	2.575000E-5	2.669200E-1
2.125500E+1	-2.780000E-5	3.002099E-1
2.124999E+1	-3.585000E-5	3.336333E-1
2.124498E+1	-1.150000E-6	3.670567E-1
2.123997E+1	1.950000E-5	4.004801E-1
2.123500E+1	-3.190000E-5	4.336366E-1
2.122997E+1	1.780000E-5	4.671934E-1
2.122500E+1	1.170000E-5	5.003499E-1
2.121997E+1	3.965000E-5	5.339067E-1
2.121500E+1	1.810000E-5	5.670632E-1
2.120999E+1	1.085000E-5	6.004866E-1
2.120498E+1	-2.450000E-5	6.339100E-1
2.119999E+1	-4.250000E-6	6.671999E-1
2.119500E+1	-2.630000E-5	7.004899E-1
2.118997E+1	-2.435000E-5	7.340467E-1
2.118500E+1	-3.755000E-5	7.672032E-1
2.117999E+1	3.760000E-5	8.006266E-1
2.117498E+1	1.350000E-6	8.340499E-1
2.116997E+1	-1.775000E-5	8.674733E-1
2.116500E+1	-1.865000E-5	9.006298E-1
2.115999E+1	-6.000000E-7	9.340532E-1
2.115498E+1	8.000000E-7	9.674766E-1
2.114997E+1	-2.480000E-5	1.000900E+0
2.114500E+1	-5.705000E-5	1.034056E+0
2.113997E+1	-1.720000E-5	1.067613E+0
2.113500E+1	-1.045000E-5	1.100770E+0
2.112999E+1	-1.995000E-5	1.134193E+0
2.112499E+1	-4.910000E-5	1.167550E+0
2.111997E+1	-6.295000E-5	1.201040E+0
2.111498E+1	-3.925000E-5	1.234330E+0
2.110997E+1	-9.860000E-5	1.267753E+0
2.110496E+1	-3.560000E-5	1.301177E+0
2.109997E+1	-6.345000E-5	1.334467E+0
2.109499E+1	-1.338000E-4	1.367690E+0
2.108997E+1	-1.482000E-4	1.401180E+0
2.108498E+1	-1.812000E-4	1.434470E+0
2.107999E+1	-2.267500E-4	1.467760E+0
2.107498E+1	-2.671000E-4	1.501183E+0
2.106997E+1	-3.926000E-4	1.534607E+0
2.106499E+1	-3.971000E-4	1.567830E+0
2.105998E+1	-4.544000E-4	1.601253E+0
2.105498E+1	-5.600000E-4	1.634610E+0
2.104997E+1	-5.098500E-4	1.668033E+0
2.104498E+1	-5.037000E-4	1.701323E+0
2.103997E+1	-1.272100E-3	1.734746E+0
2.103499E+1	-2.296000E-4	1.767970E+0
2.102997E+1	-3.360000E-5	1.801460E+0
2.102499E+1	2.822000E-4	1.834683E+0
2.101997E+1	5.189500E-4	1.868173E+0
2.101499E+1	7.884000E-4	1.901396E+0
2.100998E+1	1.048000E-3	1.934820E+0
2.100499E+1	1.225650E-3	1.968110E+0
2.099998E+1	1.281600E-3	2.001533E+0
2.099496E+1	1.242350E-3	2.035023E+0
2.098998E+1	1.095750E-3	2.068246E+0
2.098499E+1	7.843000E-4	2.101536E+0
2.097997E+1	5.416000E-4	2.135026E+0
2.097497E+1	2.185500E-4	2.168383E+0
2.096998E+1	-4.250000E-6	2.201673E+0
2.096499E+1	-1.403000E-4	2.234963E+0
2.095998E+1	-3.495000E-4	2.268386E+0
2.095499E+1	-4.411000E-4	2.301676E+0
2.094998E+1	-3.810500E-4	2.335100E+0
2.094497E+1	-3.577500E-4	2.368523E+0
2.093997E+1	-2.952000E-4	2.401880E+0
2.093499E+1	-2.657500E-4	2.435103E+0
2.092998E+1	-1.683500E-4	2.468526E+0
2.092499E+1	-2.091500E-4	2.501816E+0
2.092000E+1	-1.849000E-4	2.535106E+0
2.091497E+1	-1.285500E-4	2.568663E+0
2.091000E+1	-1.573500E-4	2.601820E+0
2.090497E+1	-1.471000E-4	2.635376E+0
2.090000E+1	-1.106000E-4	2.668533E+0
2.089496E+1	-9.465000E-5	2.702156E+0
2.089000E+1	-9.960000E-5	2.735246E+0
2.088497E+1	-8.030000E-5	2.768803E+0
2.087998E+1	-3.210000E-5	2.802093E+0
2.087497E+1	-1.220000E-5	2.835516E+0
2.087000E+1	6.820000E-5	2.868673E+0
2.086499E+1	3.245000E-5	2.902096E+0
2.085998E+1	6.235000E-5	2.935519E+0
2.085497E+1	2.070000E-5	2.968943E+0
2.084996E+1	-1.600000E-6	3.002366E+0
2.084497E+1	-2.525000E-5	3.035656E+0
2.084000E+1	3.750000E-5	3.068813E+0
2.083497E+1	-7.515000E-5	3.102370E+0
2.082998E+1	-8.280000E-5	3.135659E+0
2.082497E+1	-7.140000E-5	3.169083E+0
2.081998E+1	-2.740000E-5	3.202373E+0
2.081499E+1	-4.970000E-5	3.235663E+0
2.080998E+1	-1.480000E-5	3.269086E+0
2.080499E+1	-2.580000E-5	3.302376E+0
2.080000E+1	3.995000E-5	3.335666E+0
2.079499E+1	4.620000E-5	3.369089E+0
2.079000E+1	5.035000E-5	3.402380E+0
2.078499E+1	6.865000E-5	3.435803E+0
2.078000E+1	4.590000E-5	3.469093E+0
2.077499E+1	-1.395000E-5	3.502516E+0
2.076998E+1	4.350000E-5	3.535939E+0
2.076497E+1	-1.550000E-6	3.569363E+0
2.075998E+1	-1.825000E-5	3.602653E+0
2.075497E+1	-1.890000E-5	3.636076E+0
2.075000E+1	4.850000E-6	3.669233E+0
2.074499E+1	-1.049500E-4	3.702656E+0
2.074000E+1	-1.341500E-4	3.735946E+0
2.073499E+1	-1.318500E-4	3.769369E+0
2.073000E+1	-1.324000E-4	3.802659E+0
2.072499E+1	-8.635000E-5	3.836083E+0
2.071996E+1	-1.015500E-4	3.869639E+0
2.071499E+1	-2.430000E-5	3.902796E+0
2.071000E+1	-5.705000E-5	3.936086E+0
2.070497E+1	5.705000E-5	3.969643E+0
2.069998E+1	2.795000E-5	4.002933E+0
2.069497E+1	4.460000E-5	4.036356E+0
2.069000E+1	9.775000E-5	4.069513E+0
2.068497E+1	1.098500E-4	4.103069E+0
2.068000E+1	6.025000E-5	4.136226E+0
2.067499E+1	4.235000E-5	4.169649E+0
2.067000E+1	3.190000E-5	4.202939E+0
2.066499E+1	1.420000E-5	4.236362E+0
2.066000E+1	-5.860000E-5	4.269652E+0
