2.099998E+1	-3.300000E-6	1.334266E-4
2.099998E+1	-5.000000E-6	1.334266E-4
2.099498E+1	2.800000E-6	3.349009E-2
2.098998E+1	-1.733333E-6	6.684675E-2
2.098497E+1	6.500000E-6	1.002701E-1
2.097998E+1	1.330000E-5	1.335601E-1
2.097497E+1	2.166667E-6	1.669834E-1
2.096998E+1	-1.453333E-5	2.002734E-1
2.096494E+1	6.500000E-6	2.338969E-1
2.095997E+1	-8.900000E-6	2.670534E-1
2.095496E+1	1.966667E-6	3.004768E-1
2.094998E+1	1.260000E-5	3.337000E-1
2.094497E+1	5.400000E-6	3.671234E-1
2.093997E+1	-9.400000E-6	4.004801E-1
2.093499E+1	2.383333E-5	4.337033E-1
2.092998E+1	-1.393333E-5	4.671267E-1
2.092499E+1	6.666667E-6	5.004166E-1
2.091998E+1	-1.933333E-6	5.338400E-1
2.091499E+1	-6.000000E-7	5.671300E-1
2.091000E+1	-5.033333E-6	6.004199E-1
2.090499E+1	6.733334E-6	6.338432E-1
2.090000E+1	-1.686667E-5	6.671332E-1
2.089497E+1	-2.200000E-6	7.006900E-1
2.088996E+1	-2.596667E-5	7.341134E-1
2.088496E+1	-4.510000E-5	7.674701E-1
2.088000E+1	-4.593334E-5	8.005599E-1
2.087499E+1	-5.126667E-5	8.339832E-1
2.087000E+1	-7.476666E-5	8.672732E-1
2.086497E+1	-1.040000E-4	9.008300E-1
2.085998E+1	-1.122667E-4	9.341199E-1
2.085497E+1	-1.506667E-4	9.675433E-1
2.085000E+1	-1.850333E-4	1.000700E+0
2.084499E+1	-2.233667E-4	1.034123E+0
2.083998E+1	-2.503333E-4	1.067547E+0
2.083497E+1	-2.776333E-4	1.100970E+0
2.083000E+1	-3.184000E-4	1.134126E+0
2.082497E+1	-3.234667E-4	1.167683E+0
2.082000E+1	-3.501667E-4	1.200840E+0
2.081497E+1	-3.150667E-4	1.234397E+0
2.080998E+1	-2.210000E-4	1.267686E+0
2.080499E+1	-9.100000E-5	1.300977E+0
2.079996E+1	1.045667E-4	1.334533E+0
2.079495E+1	3.549667E-4	1.367957E+0
2.078996E+1	6.229333E-4	1.401247E+0
2.078499E+1	8.111334E-4	1.434403E+0
2.077996E+1	1.026233E-3	1.467960E+0
2.077499E+1	1.136733E-3	1.501116E+0
2.076996E+1	1.140700E-3	1.534673E+0
2.076495E+1	1.054700E-3	1.568097E+0
2.076000E+1	8.264334E-4	1.601120E+0
2.075499E+1	4.666000E-4	1.634543E+0
2.074996E+1	4.506667E-5	1.668100E+0
2.074499E+1	-3.193000E-4	1.701256E+0
2.073994E+1	-5.895000E-4	1.734947E+0
2.073499E+1	-6.789667E-4	1.767970E+0
2.072998E+1	-6.393333E-4	1.801393E+0
2.072497E+1	-5.039333E-4	1.834816E+0
2.071998E+1	-3.115000E-4	1.868106E+0
2.071497E+1	-1.442333E-4	1.901530E+0
2.071000E+1	5.800000E-6	1.934686E+0
2.070495E+1	9.786666E-5	1.968377E+0
2.069998E+1	1.449000E-4	2.001533E+0
2.069497E+1	1.384333E-4	2.034956E+0
2.069000E+1	6.273334E-5	2.068113E+0
2.068495E+1	-4.613333E-5	2.101803E+0
2.067998E+1	-1.137667E-4	2.134960E+0
2.067499E+1	-1.604333E-4	2.168250E+0
2.067000E+1	-1.607000E-4	2.201540E+0
2.066497E+1	-1.280000E-4	2.235096E+0
2.065998E+1	-7.136667E-5	2.268386E+0
2.065495E+1	-2.440000E-5	2.301943E+0
2.064994E+1	4.670000E-5	2.335366E+0
2.064499E+1	1.005667E-4	2.368390E+0
2.063998E+1	1.444000E-4	2.401813E+0
2.063495E+1	1.420000E-4	2.435370E+0
2.062998E+1	1.173667E-4	2.468526E+0
2.062499E+1	7.576666E-5	2.501816E+0
2.061996E+1	1.903333E-5	2.535373E+0
2.061499E+1	-3.376667E-5	2.568530E+0
2.061000E+1	-4.553333E-5	2.601820E+0
2.060495E+1	-6.020000E-5	2.635510E+0
2.059996E+1	-3.410000E-5	2.668800E+0
2.059499E+1	1.383333E-5	2.701956E+0
2.059000E+1	4.860000E-5	2.735246E+0
2.058497E+1	8.866667E-5	2.768803E+0
2.057996E+1	1.456000E-4	2.802226E+0
2.057493E+1	1.650333E-4	2.835783E+0
2.056994E+1	1.947333E-4	2.869073E+0
2.056499E+1	2.331000E-4	2.902096E+0
2.055998E+1	2.533667E-4	2.935519E+0
2.055499E+1	2.946667E-4	2.968810E+0
2.054999E+1	3.521000E-4	3.002166E+0
2.054499E+1	3.805667E-4	3.035523E+0
2.053998E+1	4.137667E-4	3.068946E+0
2.053499E+1	4.165667E-4	3.102236E+0
2.052996E+1	4.013333E-4	3.135793E+0
2.052495E+1	3.505000E-4	3.169216E+0
2.051999E+1	2.076333E-4	3.202306E+0
2.051499E+1	1.693333E-5	3.235663E+0
2.050998E+1	-2.758667E-4	3.269086E+0
2.050497E+1	-6.062667E-4	3.302510E+0
2.049999E+1	-9.276667E-4	3.335733E+0
2.049497E+1	-1.226133E-3	3.369223E+0
2.048999E+1	-1.439033E-3	3.402446E+0
2.048497E+1	-1.487367E-3	3.435936E+0
2.047998E+1	-1.321533E-3	3.469226E+0
2.047495E+1	-8.757000E-4	3.502783E+0
2.046998E+1	-4.267000E-4	3.535939E+0
2.046498E+1	4.646667E-5	3.569296E+0
2.045999E+1	4.681000E-4	3.602586E+0
2.045497E+1	7.692333E-4	3.636076E+0
2.044999E+1	8.733667E-4	3.669299E+0
2.044495E+1	8.914667E-4	3.702923E+0
2.043987E+1	7.523333E-4	3.736813E+0
2.043495E+1	5.056667E-4	3.769636E+0
2.042999E+1	2.818000E-4	3.802726E+0
2.042497E+1	5.830000E-5	3.836216E+0
2.041997E+1	-1.095667E-4	3.869573E+0
2.041498E+1	-1.681333E-4	3.902863E+0
2.040999E+1	-1.753000E-4	3.936153E+0
2.040498E+1	-6.156666E-5	3.969576E+0
2.039999E+1	4.093333E-5	4.002866E+0
2.039497E+1	1.353667E-4	4.036356E+0
2.038997E+1	2.010000E-4	4.069713E+0
2.038500E+1	2.102667E-4	4.102870E+0
2.037999E+1	2.270333E-4	4.136292E+0
2.037500E+1	1.732333E-4	4.169582E+0
2.036999E+1	9.146667E-5	4.203006E+0
2.036496E+1	9.200000E-6	4.236563E+0
2.035994E+1	-1.152667E-4	4.270053E+0
2.035496E+1	-1.409667E-4	4.303276E+0
2.034996E+1	-1.639667E-4	4.336633E+0
2.034498E+1	-1.031333E-4	4.369856E+0
2.033999E+1	-4.246667E-5	4.403146E+0
2.033496E+1	2.733333E-5	4.436703E+0
2.032996E+1	8.190000E-5	4.470059E+0
2.032498E+1	1.078667E-4	4.503283E+0
2.031999E+1	9.910000E-5	4.536572E+0
2.031498E+1	9.590000E-5	4.569996E+0
2.030997E+1	9.543333E-5	4.603419E+0
2.030498E+1	6.490000E-5	4.636709E+0
2.029997E+1	4.556667E-5	4.670133E+0
2.029500E+1	4.213333E-5	4.703289E+0
2.028999E+1	2.143333E-5	4.736712E+0
2.028498E+1	8.000000E-6	4.770136E+0
2.027997E+1	-3.610000E-5	4.803559E+0
2.027500E+1	-2.160000E-5	4.836716E+0
2.026995E+1	-4.506667E-5	4.870406E+0
2.026496E+1	-6.693333E-5	4.903696E+0
2.025999E+1	-6.463334E-5	4.936852E+0
