2.099998E+1	-2.180000E-5	1.334266E-4
2.099998E+1	-2.446667E-5	1.334266E-4
2.099498E+1	-1.810000E-5	3.349009E-2
2.098998E+1	-1.346667E-5	6.684675E-2
2.098499E+1	-2.966667E-6	1.001367E-1
2.097997E+1	-1.440000E-5	1.336268E-1
2.097499E+1	-1.673333E-5	1.668500E-1
2.096997E+1	-1.443333E-5	2.003401E-1
2.096499E+1	2.433333E-6	2.335633E-1
2.095998E+1	-1.726667E-5	2.669867E-1
2.095499E+1	-1.716667E-5	3.002767E-1
2.094998E+1	-5.333333E-7	3.337000E-1
2.094497E+1	1.133333E-6	3.671234E-1
2.093997E+1	3.766667E-6	4.004801E-1
2.093499E+1	5.333333E-7	4.337033E-1
2.092998E+1	-4.600000E-6	4.671267E-1
2.092499E+1	3.700000E-6	5.004166E-1
2.091997E+1	1.073333E-5	5.339067E-1
2.091496E+1	1.906667E-5	5.673301E-1
2.090998E+1	1.860000E-5	6.005533E-1
2.090497E+1	1.396667E-5	6.339767E-1
2.090000E+1	2.216667E-5	6.671332E-1
2.089499E+1	2.626667E-5	7.005566E-1
2.089000E+1	1.940000E-5	7.338465E-1
2.088499E+1	4.990000E-5	7.672699E-1
2.087998E+1	5.913333E-5	8.006933E-1
2.087497E+1	5.376667E-5	8.341166E-1
2.087000E+1	7.593333E-5	8.672732E-1
2.086499E+1	8.080000E-5	9.006966E-1
2.085998E+1	7.530000E-5	9.341199E-1
2.085497E+1	5.183333E-5	9.675433E-1
2.084998E+1	9.400000E-6	1.000833E+0
2.084499E+1	-6.186667E-5	1.034123E+0
2.083998E+1	-1.357000E-4	1.067547E+0
2.083495E+1	-2.662333E-4	1.101103E+0
2.083000E+1	-3.747000E-4	1.134126E+0
2.082499E+1	-4.310667E-4	1.167550E+0
2.081998E+1	-4.802000E-4	1.200973E+0
2.081499E+1	-4.676667E-4	1.234263E+0
2.080998E+1	-4.039000E-4	1.267686E+0
2.080495E+1	-2.928667E-4	1.301243E+0
2.080000E+1	-1.578333E-4	1.334266E+0
2.079494E+1	1.313333E-5	1.368023E+0
2.079000E+1	1.837333E-4	1.400980E+0
2.078499E+1	3.124333E-4	1.434403E+0
2.078000E+1	4.355333E-4	1.467693E+0
2.077499E+1	4.503333E-4	1.501116E+0
2.076996E+1	4.233667E-4	1.534673E+0
2.076495E+1	3.247333E-4	1.568097E+0
2.075996E+1	2.016333E-4	1.601387E+0
2.075495E+1	6.950000E-5	1.634810E+0
2.075000E+1	-3.556667E-5	1.667833E+0
2.074499E+1	-1.086000E-4	1.701256E+0
2.074000E+1	-1.400667E-4	1.734546E+0
2.073497E+1	-1.349333E-4	1.768103E+0
2.072996E+1	-1.026000E-4	1.801527E+0
2.072499E+1	-4.970000E-5	1.834683E+0
2.071998E+1	-3.320000E-5	1.868106E+0
2.071497E+1	8.633333E-6	1.901530E+0
2.071000E+1	3.170000E-5	1.934686E+0
2.070494E+1	1.353333E-5	1.968443E+0
2.070000E+1	-1.000000E-6	2.001400E+0
2.069499E+1	-3.593333E-5	2.034823E+0
2.068998E+1	-4.133333E-5	2.068246E+0
2.068499E+1	-7.523334E-5	2.101536E+0
2.067996E+1	-7.960000E-5	2.135093E+0
2.067499E+1	-8.023333E-5	2.168250E+0
2.067000E+1	-7.563333E-5	2.201540E+0
2.066497E+1	-4.656667E-5	2.235096E+0
2.065998E+1	-1.746667E-5	2.268386E+0
2.065499E+1	1.590000E-5	2.301676E+0
2.064998E+1	2.060000E-5	2.335100E+0
2.064495E+1	2.636667E-5	2.368656E+0
2.063998E+1	3.693333E-5	2.401813E+0
2.063499E+1	2.226667E-5	2.435103E+0
2.063000E+1	6.233333E-6	2.468393E+0
2.062497E+1	-7.966667E-6	2.501950E+0
2.061998E+1	-2.323333E-5	2.535240E+0
2.061495E+1	-1.990000E-5	2.568796E+0
2.061000E+1	-3.386667E-5	2.601820E+0
2.060497E+1	-1.536667E-5	2.635376E+0
2.060000E+1	-1.566667E-5	2.668533E+0
2.059499E+1	-2.983333E-5	2.701956E+0
2.059000E+1	-3.123333E-5	2.735246E+0
2.058497E+1	-2.200000E-5	2.768803E+0
2.057996E+1	-1.750000E-5	2.802226E+0
2.057499E+1	7.166667E-6	2.835383E+0
2.056996E+1	8.500000E-6	2.868940E+0
2.056499E+1	1.670000E-5	2.902096E+0
2.055998E+1	1.780000E-5	2.935519E+0
2.055495E+1	2.053333E-5	2.969076E+0
2.054998E+1	2.846667E-5	3.002233E+0
2.054499E+1	1.020000E-5	3.035523E+0
2.053998E+1	2.753333E-5	3.068946E+0
2.053495E+1	-2.666667E-7	3.102503E+0
2.052999E+1	-5.800000E-6	3.135593E+0
2.052499E+1	-3.446667E-5	3.168950E+0
2.051998E+1	-3.326667E-5	3.202373E+0
2.051497E+1	-5.400000E-5	3.235796E+0
2.050998E+1	-5.723333E-5	3.269086E+0
2.050498E+1	-5.846667E-5	3.302443E+0
2.049998E+1	-7.486666E-5	3.335799E+0
2.049495E+1	-4.690000E-5	3.369356E+0
2.048999E+1	-6.466666E-6	3.402446E+0
2.048498E+1	-1.000000E-6	3.435869E+0
2.047999E+1	2.110000E-5	3.469159E+0
2.047495E+1	5.226667E-5	3.502783E+0
2.046999E+1	2.300000E-5	3.535873E+0
2.046498E+1	2.340000E-5	3.569296E+0
2.045998E+1	1.286667E-5	3.602653E+0
2.045498E+1	-4.166667E-6	3.636009E+0
2.044998E+1	-1.800000E-5	3.669366E+0
2.044495E+1	-1.466667E-5	3.702923E+0
2.043997E+1	-4.566667E-5	3.736146E+0
2.043498E+1	-4.593334E-5	3.769436E+0
2.042997E+1	-3.486667E-5	3.802860E+0
2.042498E+1	-2.496667E-5	3.836149E+0
2.041997E+1	-2.293333E-5	3.869573E+0
2.041498E+1	2.533333E-6	3.902863E+0
2.040996E+1	-1.480000E-5	3.936353E+0
2.040498E+1	-2.066667E-5	3.969576E+0
2.039996E+1	-6.900000E-6	4.003066E+0
2.039500E+1	-1.096667E-5	4.036156E+0
2.038997E+1	-8.766667E-6	4.069713E+0
2.038498E+1	-1.576667E-5	4.103003E+0
2.037999E+1	-1.456667E-5	4.136292E+0
2.037500E+1	-9.766667E-6	4.169582E+0
2.036997E+1	-2.646667E-5	4.203139E+0
2.036500E+1	-1.666667E-6	4.236296E+0
2.035997E+1	-2.093333E-5	4.269853E+0
2.035500E+1	-3.063333E-5	4.303009E+0
2.034999E+1	-1.676667E-5	4.336432E+0
2.034498E+1	-2.213333E-5	4.369856E+0
2.033997E+1	-3.463333E-5	4.403279E+0
2.033500E+1	-2.446667E-5	4.436436E+0
2.032996E+1	-2.830000E-5	4.470059E+0
2.032496E+1	-1.876667E-5	4.503416E+0
2.031996E+1	-2.003333E-5	4.536773E+0
2.031500E+1	4.800000E-6	4.569862E+0
2.030999E+1	-4.233333E-6	4.603286E+0
2.030498E+1	6.233333E-6	4.636709E+0
2.029999E+1	2.633333E-6	4.669999E+0
2.029496E+1	2.400000E-6	4.703556E+0
2.028997E+1	1.553333E-5	4.736846E+0
2.028498E+1	1.663333E-5	4.770136E+0
2.027995E+1	2.023333E-5	4.803693E+0
2.027500E+1	2.800000E-6	4.836716E+0
2.026997E+1	7.333333E-7	4.870273E+0
2.026500E+1	-2.033333E-6	4.903429E+0
2.025999E+1	-1.100000E-5	4.936852E+0
2.025496E+1	-1.760000E-5	4.970409E+0
2.024999E+1	-2.743333E-5	5.003566E+0
2.024500E+1	-1.536667E-5	5.036856E+0
2.023999E+1	-4.156667E-5	5.070279E+0
2.023498E+1	-4.183333E-5	5.103703E+0
2.022997E+1	-3.500000E-5	5.137126E+0
2.022500E+1	-4.003333E-5	5.170282E+0
2.021999E+1	-2.726667E-5	5.203706E+0
2.021500E+1	-1.383333E-5	5.236996E+0
2.020995E+1	-1.933333E-6	5.270686E+0
2.020496E+1	3.666667E-6	5.303976E+0
2.019999E+1	1.560000E-5	5.337132E+0
2.019494E+1	4.290000E-5	5.370822E+0
2.018999E+1	4.303333E-5	5.403846E+0
2.018498E+1	3.416667E-5	5.437269E+0
2.017997E+1	2.723333E-5	5.470693E+0
2.017498E+1	-9.400000E-6	5.503983E+0
2.016995E+1	-1.500000E-5	5.537539E+0
2.016496E+1	-1.026667E-5	5.570829E+0
2.015997E+1	-4.876667E-5	5.604119E+0
2.015500E+1	-4.050000E-5	5.637276E+0
2.014997E+1	-3.070000E-5	5.670833E+0
2.014500E+1	-5.190000E-5	5.703989E+0
2.013997E+1	-2.686667E-5	5.737546E+0
2.013500E+1	-2.450000E-5	5.770702E+0
2.012999E+1	-8.933333E-6	5.804126E+0
2.012500E+1	-2.733333E-5	5.837416E+0
2.011997E+1	-2.900000E-6	5.870973E+0
2.011498E+1	1.783333E-5	5.904263E+0
2.010995E+1	-6.333333E-7	5.937819E+0
2.010498E+1	2.763333E-5	5.970976E+0
2.009995E+1	-3.310000E-5	6.004532E+0
2.009500E+1	-1.906667E-5	6.037556E+0
2.008995E+1	-1.203333E-5	6.071246E+0
2.008494E+1	-2.650000E-5	6.104669E+0
2.007997E+1	-1.136667E-5	6.137825E+0
2.007500E+1	1.313333E-5	6.170982E+0
2.006997E+1	3.500000E-6	6.204539E+0
2.006496E+1	-5.066667E-6	6.237962E+0
2.005999E+1	-1.100000E-5	6.271119E+0
2.005498E+1	-2.090000E-5	6.304543E+0
2.004999E+1	-1.556667E-5	6.337832E+0
2.004500E+1	3.500000E-6	6.371122E+0
2.003999E+1	-1.983333E-5	6.404546E+0
2.003496E+1	-1.350000E-5	6.438102E+0
2.002999E+1	-3.033333E-5	6.471259E+0
2.002499E+1	-1.706667E-5	6.504616E+0
2.001999E+1	7.766666E-6	6.537972E+0
2.001499E+1	2.743333E-5	6.571329E+0
2.000997E+1	-7.766666E-6	6.604819E+0
2.000496E+1	2.440000E-5	6.638242E+0
1.999995E+1	1.360000E-5	6.671666E+0
1.999498E+1	-4.000000E-6	6.704822E+0
1.998997E+1	-1.153333E-5	6.738245E+0
1.998496E+1	-3.520000E-5	6.771669E+0
1.997997E+1	-2.483333E-5	6.804959E+0
1.997499E+1	-4.046667E-5	6.838182E+0
1.996991E+1	-4.006666E-5	6.872073E+0
1.996498E+1	-4.353333E-5	6.904962E+0
1.995995E+1	-3.480000E-5	6.938519E+0
1.995494E+1	-6.633333E-6	6.971942E+0
1.994998E+1	-7.766666E-6	7.005032E+0
1.994498E+1	2.000000E-6	7.038389E+0
1.993998E+1	1.523333E-5	7.071745E+0
1.993498E+1	-1.133333E-6	7.105102E+0
1.992998E+1	3.516667E-5	7.138459E+0
1.992496E+1	-1.393333E-5	7.171949E+0
1.991995E+1	-1.233333E-5	7.205372E+0
1.991498E+1	-2.020000E-5	7.238529E+0
1.990997E+1	-1.466667E-5	7.271952E+0
1.990496E+1	-7.533333E-6	7.305376E+0
1.989997E+1	-5.633333E-6	7.338665E+0
1.989498E+1	-9.233333E-6	7.371955E+0
1.988997E+1	-5.933333E-6	7.405379E+0
1.988499E+1	-2.700000E-5	7.438602E+0
1.987998E+1	-2.343333E-5	7.472025E+0
1.987499E+1	1.466667E-6	7.505315E+0
1.986998E+1	-4.533333E-6	7.538739E+0
1.986499E+1	-1.503333E-5	7.572029E+0
1.985998E+1	-1.386667E-5	7.605452E+0
1.985496E+1	-1.623333E-5	7.638942E+0
1.985000E+1	-9.000000E-7	7.672032E+0
1.984499E+1	4.100000E-6	7.705455E+0
1.984000E+1	7.166667E-6	7.738745E+0
1.983497E+1	-2.486667E-5	7.772302E+0
1.982997E+1	1.666667E-7	7.805659E+0
1.982499E+1	-2.046667E-5	7.838882E+0
1.981998E+1	-2.440000E-5	7.872305E+0
1.981499E+1	-2.613333E-5	7.905595E+0
