-1.057501E+2	-1.088889E-4	9.480533E-14
-1.057551E+2	-3.417778E-4	3.335666E-2
-1.057601E+2	3.367778E-4	6.671332E-2
-1.057651E+2	-1.258889E-4	1.000700E-1
-1.057701E+2	-5.433333E-5	1.334266E-1
-1.057751E+2	-2.458889E-4	1.667833E-1
-1.057801E+2	-1.230000E-4	2.001400E-1
-1.057851E+2	2.622222E-4	2.334966E-1
-1.057901E+2	5.855556E-5	2.668533E-1
-1.057951E+2	1.557778E-4	3.002099E-1
-1.058001E+2	-2.993333E-4	3.335666E-1
-1.058051E+2	2.372222E-4	3.669233E-1
-1.058101E+2	-2.185555E-4	4.002799E-1
-1.058151E+2	7.088889E-5	4.336366E-1
-1.058201E+2	1.670000E-4	4.669932E-1
-1.058251E+2	2.022222E-4	5.003499E-1
-1.058301E+2	1.517778E-4	5.337065E-1
-1.058351E+2	9.933333E-5	5.670632E-1
-1.058401E+2	-1.186667E-4	6.004199E-1
-1.058451E+2	-4.833334E-5	6.337765E-1
-1.058501E+2	-6.633333E-5	6.671332E-1
-1.058551E+2	1.503333E-4	7.004899E-1
-1.058601E+2	7.214444E-4	7.338465E-1
-1.058651E+2	4.455555E-4	7.672032E-1
-1.058701E+2	6.176667E-4	8.005599E-1
-1.058751E+2	-1.588889E-5	8.339165E-1
-1.058801E+2	-1.600000E-5	8.672732E-1
-1.058851E+2	1.714445E-4	9.006298E-1
-1.058901E+2	1.335556E-4	9.339865E-1
-1.058951E+2	-1.566667E-5	9.673432E-1
-1.059001E+2	2.414444E-4	1.000700E+0
-1.059051E+2	3.858889E-4	1.034056E+0
-1.059101E+2	2.872222E-4	1.067413E+0
-1.059151E+2	9.877777E-5	1.100770E+0
-1.059201E+2	-4.497778E-4	1.134126E+0
-1.059251E+2	3.886667E-4	1.167483E+0
-1.059301E+2	2.358889E-4	1.200840E+0
-1.059351E+2	2.788889E-4	1.234196E+0
-1.059401E+2	4.588889E-5	1.267553E+0
-1.059451E+2	4.312222E-4	1.300910E+0
-1.059501E+2	3.772222E-4	1.334266E+0
-1.059551E+2	-3.000000E-6	1.367623E+0
-1.059601E+2	-7.985556E-4	1.400980E+0
-1.059651E+2	-1.600000E-4	1.434336E+0
-1.059701E+2	3.955555E-5	1.467693E+0
-1.059751E+2	2.714444E-4	1.501050E+0
-1.059801E+2	6.588889E-5	1.534406E+0
-1.059851E+2	2.283333E-4	1.567763E+0
-1.059901E+2	2.927778E-4	1.601120E+0
-1.059951E+2	7.588889E-5	1.634476E+0
-1.060001E+2	1.566667E-4	1.667833E+0
-1.060051E+2	2.702222E-4	1.701190E+0
-1.060101E+2	-1.246667E-4	1.734546E+0
-1.060151E+2	4.467778E-4	1.767903E+0
-1.060201E+2	-4.865556E-4	1.801260E+0
-1.060251E+2	4.480000E-4	1.834616E+0
-1.060301E+2	6.300000E-5	1.867973E+0
-1.060351E+2	1.611111E-4	1.901330E+0
-1.060401E+2	1.668889E-4	1.934686E+0
-1.060451E+2	1.211111E-5	1.968043E+0
-1.060501E+2	-8.255555E-5	2.001400E+0
-1.060551E+2	2.544444E-5	2.034756E+0
-1.060601E+2	1.195556E-4	2.068113E+0
-1.060651E+2	1.514444E-4	2.101470E+0
-1.060701E+2	2.723333E-4	2.134826E+0
-1.060751E+2	2.761111E-4	2.168183E+0
-1.060801E+2	3.843333E-4	2.201540E+0
-1.060851E+2	2.020000E-4	2.234896E+0
-1.060901E+2	3.636667E-4	2.268253E+0
-1.060951E+2	-3.544445E-5	2.301610E+0
-1.061001E+2	-2.400000E-5	2.334966E+0
-1.061051E+2	4.933333E-4	2.368323E+0
-1.061101E+2	7.160000E-4	2.401680E+0
-1.061151E+2	3.623333E-4	2.435036E+0
-1.061201E+2	-5.142223E-4	2.468393E+0
-1.061251E+2	-4.390000E-4	2.501750E+0
-1.061301E+2	1.044444E-5	2.535106E+0
-1.061351E+2	-3.382222E-4	2.568463E+0
-1.061401E+2	9.688889E-5	2.601820E+0
-1.061451E+2	-2.197778E-4	2.635176E+0
-1.061501E+2	-2.671111E-4	2.668533E+0
-1.061551E+2	-4.475556E-4	2.701890E+0
-1.061601E+2	-8.744444E-5	2.735246E+0
-1.061651E+2	-3.118889E-4	2.768603E+0
-1.061701E+2	-2.073333E-4	2.801960E+0
-1.061751E+2	1.192222E-4	2.835316E+0
-1.061801E+2	-4.170000E-4	2.868673E+0
-1.061851E+2	-1.374444E-4	2.902030E+0
-1.061901E+2	-3.695555E-4	2.935386E+0
-1.061951E+2	-6.297778E-4	2.968743E+0
-1.062001E+2	-1.354444E-4	3.002100E+0
-1.062051E+2	-7.111111E-5	3.035456E+0
-1.062101E+2	-2.170000E-4	3.068813E+0
-1.062151E+2	-1.882222E-4	3.102170E+0
-1.062201E+2	2.177778E-5	3.135526E+0
-1.062251E+2	-3.785556E-4	3.168883E+0
-1.062301E+2	-5.883334E-4	3.202240E+0
-1.062351E+2	2.047778E-4	3.235596E+0
-1.062401E+2	-6.276667E-4	3.268953E+0
-1.062451E+2	1.170000E-4	3.302310E+0
-1.062501E+2	2.190000E-4	3.335666E+0
-1.062551E+2	2.603333E-4	3.369023E+0
-1.062601E+2	-1.600000E-4	3.402380E+0
-1.062651E+2	-2.242222E-4	3.435736E+0
-1.062701E+2	9.611111E-5	3.469093E+0
-1.062751E+2	-2.873333E-4	3.502449E+0
-1.062801E+2	1.520000E-4	3.535806E+0
-1.062851E+2	-2.577778E-4	3.569163E+0
-1.062901E+2	-2.504445E-4	3.602519E+0
-1.062951E+2	1.903333E-4	3.635876E+0
-1.063001E+2	1.391111E-4	3.669233E+0
-1.063051E+2	-3.011111E-5	3.702589E+0
-1.063101E+2	2.630000E-4	3.735946E+0
-1.063151E+2	-3.772222E-4	3.769303E+0
-1.063201E+2	-3.836667E-4	3.802659E+0
-1.063251E+2	1.122222E-4	3.836016E+0
-1.063301E+2	8.566667E-5	3.869373E+0
-1.063351E+2	-1.864444E-4	3.902729E+0
-1.063401E+2	-3.201111E-4	3.936086E+0
-1.063451E+2	-2.972222E-4	3.969443E+0
-1.063501E+2	-5.893334E-4	4.002800E+0
-1.063551E+2	-5.355556E-5	4.036156E+0
-1.063601E+2	2.362222E-4	4.069513E+0
-1.063651E+2	1.267778E-4	4.102870E+0
-1.063701E+2	-2.970000E-4	4.136226E+0
-1.063751E+2	1.152222E-4	4.169582E+0
-1.063801E+2	-7.277778E-5	4.202939E+0
-1.063851E+2	-5.666667E-5	4.236296E+0
-1.063901E+2	-1.005556E-4	4.269652E+0
-1.063951E+2	1.791111E-4	4.303009E+0
-1.064001E+2	-1.444444E-6	4.336366E+0
-1.064051E+2	-3.452222E-4	4.369722E+0
-1.064101E+2	-6.933333E-5	4.403079E+0
-1.064151E+2	-5.485556E-4	4.436436E+0
-1.064201E+2	1.888889E-6	4.469792E+0
-1.064251E+2	1.716667E-4	4.503149E+0
-1.064301E+2	2.981111E-4	4.536506E+0
-1.064351E+2	1.092222E-4	4.569862E+0
-1.064401E+2	-1.533333E-5	4.603219E+0
-1.064451E+2	-5.022222E-5	4.636576E+0
-1.064501E+2	2.266667E-4	4.669932E+0
-1.064551E+2	-4.833334E-5	4.703289E+0
-1.064601E+2	-1.676667E-4	4.736646E+0
-1.064651E+2	1.973333E-4	4.770002E+0
-1.064701E+2	-4.455556E-5	4.803359E+0
-1.064751E+2	1.933333E-5	4.836716E+0
-1.064801E+2	1.122222E-5	4.870072E+0
-1.064851E+2	-2.466667E-5	4.903429E+0
-1.064901E+2	7.744444E-5	4.936786E+0
-1.064951E+2	1.022222E-5	4.970142E+0
-1.065001E+2	6.444444E-5	5.003499E+0
-1.065051E+2	-6.022222E-5	5.036856E+0
-1.065101E+2	-4.556667E-4	5.070212E+0
-1.065151E+2	3.613333E-4	5.103569E+0
-1.065201E+2	-4.074445E-4	5.136926E+0
-1.065251E+2	-1.296667E-4	5.170282E+0
