6.929993E+1	4.681905E-4	0.000000E+0
6.829993E+1	3.125714E-4	6.671332E+0
6.729993E+1	1.625714E-4	1.334266E+1
6.629993E+1	1.649524E-4	2.001400E+1
6.529993E+1	1.574762E-4	2.668533E+1
6.429993E+1	1.706667E-4	3.335666E+1
6.329993E+1	1.891429E-4	4.002799E+1
6.229993E+1	1.866667E-4	4.669933E+1
6.129993E+1	2.062857E-4	5.337066E+1
6.029993E+1	2.020476E-4	6.004199E+1
5.929993E+1	2.081905E-4	6.671332E+1
5.829993E+1	2.176190E-4	7.338465E+1
5.729993E+1	2.125714E-4	8.005598E+1
5.629993E+1	2.312381E-4	8.672732E+1
5.529993E+1	2.280952E-4	9.339865E+1
5.429993E+1	2.208571E-4	1.000700E+2
5.329993E+1	2.293810E-4	1.067413E+2
5.229993E+1	2.409048E-4	1.134126E+2
5.129993E+1	2.418571E-4	1.200840E+2
5.029993E+1	2.399048E-4	1.267553E+2
4.929993E+1	2.479524E-4	1.334266E+2
4.829993E+1	2.526667E-4	1.400980E+2
4.729993E+1	2.598571E-4	1.467693E+2
4.629993E+1	2.543333E-4	1.534406E+2
4.529993E+1	2.537143E-4	1.601120E+2
4.429993E+1	2.669048E-4	1.667833E+2
4.329993E+1	2.452381E-4	1.734546E+2
4.229993E+1	2.715238E-4	1.801260E+2
4.129993E+1	2.736667E-4	1.867973E+2
4.029993E+1	2.710952E-4	1.934686E+2
3.929993E+1	2.684762E-4	2.001400E+2
3.829993E+1	2.647143E-4	2.068113E+2
3.729993E+1	2.743333E-4	2.134826E+2
3.629993E+1	2.778095E-4	2.201540E+2
3.529993E+1	2.627143E-4	2.268253E+2
3.429993E+1	2.683333E-4	2.334966E+2
3.329993E+1	2.804762E-4	2.401680E+2
3.229993E+1	2.771905E-4	2.468393E+2
3.129993E+1	2.847619E-4	2.535106E+2
3.029993E+1	2.895238E-4	2.601819E+2
2.929993E+1	2.939048E-4	2.668533E+2
2.829993E+1	2.950000E-4	2.735246E+2
2.729993E+1	2.893333E-4	2.801960E+2
2.629993E+1	2.994762E-4	2.868673E+2
2.529993E+1	2.850476E-4	2.935386E+2
2.429993E+1	2.803333E-4	3.002100E+2
2.329993E+1	2.895714E-4	3.068813E+2
2.229993E+1	3.037619E-4	3.135526E+2
2.129993E+1	3.010952E-4	3.202239E+2
2.029993E+1	2.996667E-4	3.268953E+2
1.929993E+1	3.098571E-4	3.335666E+2
1.829993E+1	3.010000E-4	3.402379E+2
1.729993E+1	2.952381E-4	3.469093E+2
1.629993E+1	3.109048E-4	3.535806E+2
1.529994E+1	3.103809E-4	3.602519E+2
1.429994E+1	3.052857E-4	3.669233E+2
1.329994E+1	3.040952E-4	3.735946E+2
1.229994E+1	3.134286E-4	3.802659E+2
1.129994E+1	3.205714E-4	3.869373E+2
1.029994E+1	3.182857E-4	3.936086E+2
9.299935E+0	3.210476E-4	4.002799E+2
8.299935E+0	3.122857E-4	4.069513E+2
7.299935E+0	3.084762E-4	4.136226E+2
6.299935E+0	3.204286E-4	4.202939E+2
5.299935E+0	3.226190E-4	4.269653E+2
4.299935E+0	3.034762E-4	4.336366E+2
3.299935E+0	3.306667E-4	4.403079E+2
2.299935E+0	3.168095E-4	4.469792E+2
1.299935E+0	3.176190E-4	4.536506E+2
2.999350E-1	3.208095E-4	4.603219E+2
-7.000650E-1	3.218571E-4	4.669933E+2
-1.700065E+0	3.272381E-4	4.736646E+2
-2.700065E+0	3.269048E-4	4.803359E+2
-3.700065E+0	3.219524E-4	4.870072E+2
-4.700065E+0	3.275714E-4	4.936786E+2
-5.700065E+0	3.300000E-4	5.003499E+2
-6.700065E+0	3.291428E-4	5.070212E+2
-7.700065E+0	3.348095E-4	5.136926E+2
-8.700065E+0	3.430952E-4	5.203639E+2
-9.700065E+0	3.324286E-4	5.270352E+2
-1.070006E+1	3.370952E-4	5.337065E+2
-1.170006E+1	3.438095E-4	5.403779E+2
-1.270006E+1	3.433810E-4	5.470493E+2
-1.370006E+1	3.466667E-4	5.537206E+2
-1.470006E+1	3.374286E-4	5.603919E+2
-1.570006E+1	3.422381E-4	5.670632E+2
-1.670007E+1	3.420476E-4	5.737346E+2
-1.770007E+1	3.356191E-4	5.804059E+2
-1.870007E+1	3.421429E-4	5.870772E+2
-1.970007E+1	3.397143E-4	5.937485E+2
-2.070007E+1	3.461429E-4	6.004199E+2
-2.170007E+1	3.428572E-4	6.070912E+2
-2.270007E+1	3.374286E-4	6.137626E+2
-2.370007E+1	3.345238E-4	6.204339E+2
-2.470007E+1	3.377619E-4	6.271052E+2
-2.570007E+1	3.519524E-4	6.337766E+2
-2.670007E+1	3.420476E-4	6.404479E+2
-2.770007E+1	3.517619E-4	6.471192E+2
-2.870007E+1	3.446190E-4	6.537905E+2
-2.970007E+1	3.402381E-4	6.604619E+2
-3.070007E+1	3.481905E-4	6.671332E+2
-3.170007E+1	3.446667E-4	6.738046E+2
-3.270007E+1	3.444286E-4	6.804759E+2
-3.370007E+1	3.403333E-4	6.871472E+2
-3.470007E+1	3.375714E-4	6.938185E+2
-3.570007E+1	3.564286E-4	7.004899E+2
-3.670007E+1	3.510000E-4	7.071612E+2
-3.770007E+1	3.556190E-4	7.138325E+2
-3.870007E+1	3.603333E-4	7.205038E+2
-3.970007E+1	3.395238E-4	7.271752E+2
-4.070007E+1	3.485714E-4	7.338466E+2
-4.170007E+1	3.634762E-4	7.405179E+2
-4.270007E+1	3.539524E-4	7.471892E+2
-4.370007E+1	3.519524E-4	7.538605E+2
-4.470007E+1	3.551905E-4	7.605319E+2
-4.570007E+1	3.560476E-4	7.672032E+2
-4.670007E+1	3.564762E-4	7.738745E+2
-4.770007E+1	3.534762E-4	7.805458E+2
-4.870007E+1	3.650000E-4	7.872172E+2
-4.970007E+1	3.675714E-4	7.938885E+2
-5.070007E+1	3.653333E-4	8.005599E+2
-5.170007E+1	3.662857E-4	8.072312E+2
-5.270007E+1	3.609048E-4	8.139025E+2
-5.370007E+1	3.656191E-4	8.205739E+2
-5.470007E+1	3.598095E-4	8.272452E+2
-5.570007E+1	3.613810E-4	8.339165E+2
-5.670007E+1	3.627619E-4	8.405878E+2
-5.770007E+1	3.592381E-4	8.472592E+2
-5.870007E+1	3.606190E-4	8.539305E+2
-5.970007E+1	3.649524E-4	8.606019E+2
-6.070007E+1	3.678095E-4	8.672732E+2
-6.170007E+1	3.585238E-4	8.739445E+2
-6.270007E+1	3.644762E-4	8.806158E+2
-6.370007E+1	3.610476E-4	8.872872E+2
-6.470007E+1	3.667143E-4	8.939585E+2
-6.570007E+1	3.558571E-4	9.006298E+2
-6.670007E+1	3.732857E-4	9.073011E+2
-6.770007E+1	3.709524E-4	9.139725E+2
-6.870007E+1	3.603809E-4	9.206439E+2
-6.970007E+1	3.595714E-4	9.273152E+2
-7.070007E+1	3.647619E-4	9.339865E+2
-7.170007E+1	3.732857E-4	9.406578E+2
-7.270007E+1	3.669524E-4	9.473292E+2
-7.370007E+1	3.769524E-4	9.540005E+2
-7.470007E+1	3.667619E-4	9.606718E+2
-7.570007E+1	3.690952E-4	9.673431E+2
-7.670007E+1	3.715714E-4	9.740145E+2
-7.770007E+1	3.699524E-4	9.806859E+2
-7.870007E+1	3.697619E-4	9.873572E+2
-7.970007E+1	3.625714E-4	9.940285E+2
-8.070007E+1	3.730476E-4	1.000700E+3
-8.170007E+1	3.800952E-4	1.007371E+3
-8.270007E+1	3.601428E-4	1.014042E+3
-8.370007E+1	3.826667E-4	1.020714E+3
-8.470007E+1	3.775714E-4	1.027385E+3
-8.570007E+1	3.740000E-4	1.034057E+3
-8.670007E+1	3.826667E-4	1.040728E+3
-8.770007E+1	3.795714E-4	1.047399E+3
-8.870007E+1	3.822381E-4	1.054070E+3
-8.970007E+1	3.786667E-4	1.060742E+3
-9.070007E+1	3.808095E-4	1.067413E+3
-9.170007E+1	3.704762E-4	1.074084E+3
-9.270007E+1	3.894286E-4	1.080756E+3
-9.370007E+1	3.733810E-4	1.087427E+3
-9.470007E+1	3.732381E-4	1.094099E+3
-9.570007E+1	3.785238E-4	1.100770E+3
-9.670007E+1	3.791428E-4	1.107441E+3
-9.770007E+1	3.753809E-4	1.114112E+3
-9.870007E+1	3.780952E-4	1.120784E+3
-9.970007E+1	3.846667E-4	1.127455E+3
-1.007001E+2	3.750476E-4	1.134126E+3
-1.017001E+2	3.937143E-4	1.140798E+3
-1.027001E+2	3.800952E-4	1.147469E+3
-1.037001E+2	3.771905E-4	1.154141E+3
-1.047001E+2	3.840952E-4	1.160812E+3
-1.057001E+2	3.978095E-4	1.167483E+3
-1.067001E+2	3.880000E-4	1.174154E+3
-1.077001E+2	3.850476E-4	1.180826E+3
-1.087001E+2	3.800000E-4	1.187497E+3
-1.097001E+2	3.851429E-4	1.194168E+3
-1.107001E+2	3.886191E-4	1.200840E+3
-1.117001E+2	3.762381E-4	1.207511E+3
-1.127001E+2	3.795714E-4	1.214182E+3
-1.137001E+2	3.897143E-4	1.220854E+3
-1.147001E+2	3.726667E-4	1.227525E+3
-1.157001E+2	3.746667E-4	1.234196E+3
-1.167001E+2	3.902857E-4	1.240868E+3
-1.177001E+2	3.930000E-4	1.247539E+3
-1.187001E+2	3.786190E-4	1.254210E+3
-1.197001E+2	3.797143E-4	1.260882E+3
-1.207001E+2	3.846667E-4	1.267553E+3
-1.217001E+2	3.897619E-4	1.274224E+3
-1.227001E+2	3.907143E-4	1.280896E+3
-1.237001E+2	3.880952E-4	1.287567E+3
-1.247001E+2	3.851429E-4	1.294238E+3
-1.257001E+2	3.895714E-4	1.300910E+3
-1.267001E+2	3.961429E-4	1.307581E+3
-1.277001E+2	3.934286E-4	1.314252E+3
-1.287001E+2	3.869048E-4	1.320924E+3
-1.297001E+2	3.879048E-4	1.327595E+3
-1.307001E+2	3.957143E-4	1.334266E+3
-1.317001E+2	3.877619E-4	1.340938E+3
-1.327001E+2	3.843333E-4	1.347609E+3
-1.337001E+2	3.876667E-4	1.354280E+3
-1.347001E+2	3.932381E-4	1.360952E+3
-1.357001E+2	3.821429E-4	1.367623E+3
-1.367001E+2	3.793809E-4	1.374294E+3
-1.377001E+2	3.797619E-4	1.380966E+3
-1.387001E+2	3.883333E-4	1.387637E+3
-1.397001E+2	3.799048E-4	1.394308E+3
-1.407001E+2	3.896191E-4	1.400980E+3
-1.417001E+2	4.001429E-4	1.407651E+3
-1.427001E+2	3.920476E-4	1.414322E+3
-1.437001E+2	3.839048E-4	1.420994E+3
-1.447001E+2	3.913809E-4	1.427665E+3
-1.457001E+2	3.908571E-4	1.434336E+3
-1.467001E+2	3.923333E-4	1.441008E+3
-1.477001E+2	3.896667E-4	1.447679E+3
-1.487001E+2	3.894286E-4	1.454350E+3
-1.497001E+2	3.920476E-4	1.461022E+3
-1.507001E+2	4.024762E-4	1.467693E+3
-1.517001E+2	3.959524E-4	1.474364E+3
-1.527001E+2	4.019524E-4	1.481036E+3
-1.537001E+2	3.986667E-4	1.487707E+3
-1.547001E+2	4.008572E-4	1.494378E+3
-1.557001E+2	3.894286E-4	1.501050E+3
-1.567001E+2	4.038571E-4	1.507721E+3
-1.577001E+2	3.975714E-4	1.514392E+3
-1.587001E+2	3.935238E-4	1.521064E+3
-1.597001E+2	4.020952E-4	1.527735E+3
-1.607001E+2	3.891429E-4	1.534406E+3
-1.617001E+2	3.962381E-4	1.541078E+3
-1.627001E+2	3.826667E-4	1.547749E+3
-1.637001E+2	3.942381E-4	1.554420E+3
-1.647001E+2	3.899048E-4	1.561092E+3
-1.657001E+2	4.039524E-4	1.567763E+3
-1.667001E+2	4.007619E-4	1.574434E+3
-1.677001E+2	3.951905E-4	1.581106E+3
-1.687001E+2	3.973810E-4	1.587777E+3
-1.697001E+2	3.975714E-4	1.594448E+3
-1.707001E+2	3.818572E-4	1.601120E+3
-1.717001E+2	3.883333E-4	1.607791E+3
-1.727001E+2	3.869048E-4	1.614462E+3
-1.737001E+2	3.914286E-4	1.621134E+3
-1.747001E+2	3.963333E-4	1.627805E+3
-1.757001E+2	3.850476E-4	1.634476E+3
-1.767001E+2	3.916667E-4	1.641148E+3
-1.777001E+2	3.937143E-4	1.647819E+3
-1.787001E+2	3.939048E-4	1.654490E+3
-1.797001E+2	3.910952E-4	1.661162E+3
-1.807001E+2	4.038571E-4	1.667833E+3
-1.817001E+2	3.982857E-4	1.674504E+3
-1.827001E+2	3.957143E-4	1.681176E+3
-1.837001E+2	3.972857E-4	1.687847E+3
-1.847001E+2	4.180000E-4	1.694518E+3
-1.857001E+2	4.020952E-4	1.701190E+3
-1.867001E+2	3.966191E-4	1.707861E+3
-1.877001E+2	3.952381E-4	1.714532E+3
-1.887001E+2	3.990476E-4	1.721204E+3
