6.649995E+1	-4.900000E-5	-2.025000E-5	0.000000E+0	-6.649995E+1
6.649296E+1	-6.200000E-5	7.500000E-7	4.669933E-2	-6.649296E+1
6.648595E+1	-1.000000E-6	-2.500000E-7	9.339865E-2	-6.648595E+1
6.647896E+1	-6.950000E-5	4.750000E-6	1.400980E-1	-6.647896E+1
6.647195E+1	-4.550000E-5	-1.400000E-5	1.867973E-1	-6.647195E+1
6.646496E+1	-3.550000E-5	-5.000000E-7	2.334966E-1	-6.646496E+1
6.645795E+1	-2.550000E-5	-8.250000E-6	2.801960E-1	-6.645795E+1
6.645096E+1	-1.725000E-5	-7.250000E-6	3.268953E-1	-6.645096E+1
6.644395E+1	-5.275000E-5	-2.350000E-5	3.735946E-1	-6.644395E+1
6.643696E+1	-3.675000E-5	4.750000E-6	4.202939E-1	-6.643696E+1
6.642995E+1	-3.025000E-5	-2.750000E-6	4.669932E-1	-6.642995E+1
6.642296E+1	-2.750000E-6	-3.750000E-6	5.136926E-1	-6.642296E+1
6.641595E+1	7.750000E-6	-5.525000E-5	5.603919E-1	-6.641595E+1
6.640896E+1	-1.150000E-5	-1.825000E-5	6.070912E-1	-6.640896E+1
6.640195E+1	8.500000E-6	-3.075000E-5	6.537905E-1	-6.640195E+1
6.639496E+1	-4.225000E-5	-8.250000E-6	7.004899E-1	-6.639496E+1
6.638795E+1	-3.200000E-5	3.325000E-5	7.471892E-1	-6.638795E+1
6.638096E+1	-6.250000E-6	2.000000E-5	7.938885E-1	-6.638096E+1
6.637395E+1	-3.000000E-5	-1.050000E-5	8.405879E-1	-6.637395E+1
6.636696E+1	-1.550000E-5	-2.425000E-5	8.872872E-1	-6.636696E+1
6.635995E+1	-4.400000E-5	-1.325000E-5	9.339865E-1	-6.635995E+1
6.635296E+1	-1.900000E-5	2.400000E-5	9.806858E-1	-6.635296E+1
6.634595E+1	-1.075000E-5	-2.575000E-5	1.027385E+0	-6.634595E+1
6.633896E+1	-5.450000E-5	-1.425000E-5	1.074085E+0	-6.633896E+1
6.633195E+1	-3.200000E-5	-2.525000E-5	1.120784E+0	-6.633195E+1
6.632496E+1	-2.600000E-5	-3.950000E-5	1.167483E+0	-6.632496E+1
6.631796E+1	-4.250000E-6	-9.000000E-6	1.214182E+0	-6.631796E+1
6.631095E+1	-1.700000E-5	2.750000E-6	1.260882E+0	-6.631095E+1
6.630396E+1	-4.000000E-6	-1.600000E-5	1.307581E+0	-6.630396E+1
6.629695E+1	-1.450000E-5	-1.375000E-5	1.354280E+0	-6.629695E+1
6.628996E+1	-2.200000E-5	-1.225000E-5	1.400980E+0	-6.628996E+1
6.628295E+1	-1.300000E-5	-7.750000E-6	1.447679E+0	-6.628295E+1
6.627596E+1	-3.100000E-5	-7.000000E-6	1.494378E+0	-6.627596E+1
6.626895E+1	-1.775000E-5	-1.625000E-5	1.541078E+0	-6.626895E+1
6.626196E+1	-7.300000E-5	-8.250000E-6	1.587777E+0	-6.626196E+1
6.625495E+1	-2.000000E-5	-5.000000E-6	1.634476E+0	-6.625495E+1
6.624796E+1	-4.025000E-5	1.750000E-6	1.681176E+0	-6.624796E+1
6.624095E+1	-2.825000E-5	3.125000E-5	1.727875E+0	-6.624095E+1
6.623396E+1	-2.900000E-5	-1.270549E-22	1.774574E+0	-6.623396E+1
6.622695E+1	-2.900000E-5	2.000000E-6	1.821274E+0	-6.622695E+1
6.621996E+1	-2.700000E-5	2.375000E-5	1.867973E+0	-6.621996E+1
6.621295E+1	-2.075000E-5	7.000000E-6	1.914672E+0	-6.621295E+1
6.620596E+1	-1.725000E-5	-1.600000E-5	1.961372E+0	-6.620596E+1
6.619895E+1	-3.050000E-5	-2.300000E-5	2.008071E+0	-6.619895E+1
6.619196E+1	-3.950000E-5	-1.225000E-5	2.054770E+0	-6.619196E+1
6.618495E+1	-4.675000E-5	-5.500000E-6	2.101470E+0	-6.618495E+1
6.617796E+1	-4.225000E-5	1.550000E-5	2.148169E+0	-6.617796E+1
6.617095E+1	-6.500000E-5	-8.500000E-6	2.194868E+0	-6.617095E+1
6.616396E+1	-4.100000E-5	-3.250000E-5	2.241568E+0	-6.616396E+1
6.615695E+1	-3.550000E-5	-1.425000E-5	2.288267E+0	-6.615695E+1
6.614996E+1	-9.175000E-5	3.500000E-6	2.334966E+0	-6.614996E+1
6.614295E+1	-1.040000E-4	-3.750000E-6	2.381665E+0	-6.614295E+1
6.613596E+1	-1.330000E-4	-4.525000E-5	2.428365E+0	-6.613596E+1
6.612895E+1	-1.465000E-4	1.950000E-5	2.475064E+0	-6.612895E+1
6.612196E+1	-1.990000E-4	-3.500000E-6	2.521764E+0	-6.612196E+1
6.611495E+1	-2.225000E-4	-2.200000E-5	2.568463E+0	-6.611495E+1
6.610796E+1	-2.910000E-4	-3.825000E-5	2.615162E+0	-6.610796E+1
6.610095E+1	-2.917500E-4	-1.800000E-5	2.661861E+0	-6.610095E+1
6.609396E+1	-3.442500E-4	-3.350000E-5	2.708561E+0	-6.609396E+1
6.608695E+1	-3.872500E-4	-5.900000E-5	2.755260E+0	-6.608695E+1
6.607996E+1	-3.815000E-4	-2.075000E-5	2.801960E+0	-6.607996E+1
6.607295E+1	-4.042500E-4	-5.600000E-5	2.848659E+0	-6.607295E+1
6.606596E+1	-3.035000E-4	-5.725000E-5	2.895358E+0	-6.606596E+1
6.605895E+1	-1.462500E-4	2.750000E-6	2.942057E+0	-6.605895E+1
6.605196E+1	9.825000E-5	-2.175000E-5	2.988757E+0	-6.605196E+1
6.604495E+1	3.247500E-4	-3.025000E-5	3.035456E+0	-6.604495E+1
6.603796E+1	5.650000E-4	3.600000E-5	3.082155E+0	-6.603796E+1
6.603095E+1	7.595000E-4	3.725000E-5	3.128855E+0	-6.603095E+1
6.602396E+1	8.700000E-4	5.975000E-5	3.175554E+0	-6.602396E+1
6.601695E+1	8.302500E-4	7.175000E-5	3.222253E+0	-6.601695E+1
6.600996E+1	7.322500E-4	1.850000E-5	3.268953E+0	-6.600996E+1
6.600295E+1	5.717500E-4	1.125000E-5	3.315652E+0	-6.600295E+1
6.599596E+1	3.432500E-4	3.025000E-5	3.362351E+0	-6.599596E+1
6.598895E+1	1.520000E-4	-1.650000E-5	3.409051E+0	-6.598895E+1
6.598196E+1	-1.300000E-5	2.175000E-5	3.455750E+0	-6.598196E+1
6.597495E+1	-1.395000E-4	-5.850000E-5	3.502449E+0	-6.597495E+1
6.596796E+1	-2.147500E-4	2.750000E-6	3.549149E+0	-6.596796E+1
6.596095E+1	-1.967500E-4	-6.475000E-5	3.595848E+0	-6.596095E+1
6.595396E+1	-2.287500E-4	-1.450000E-5	3.642547E+0	-6.595396E+1
6.594695E+1	-2.020000E-4	-1.250000E-5	3.689247E+0	-6.594695E+1
6.593996E+1	-2.417500E-4	-3.900000E-5	3.735946E+0	-6.593996E+1
6.593295E+1	-2.137500E-4	-2.750000E-5	3.782645E+0	-6.593295E+1
6.592596E+1	-2.440000E-4	1.200000E-5	3.829345E+0	-6.592596E+1
6.591895E+1	-2.042500E-4	-4.475000E-5	3.876044E+0	-6.591895E+1
6.591196E+1	-1.600000E-4	-8.000000E-6	3.922743E+0	-6.591196E+1
6.590495E+1	-1.317500E-4	-1.875000E-5	3.969443E+0	-6.590495E+1
6.589796E+1	-1.050000E-4	-1.775000E-5	4.016142E+0	-6.589796E+1
6.589095E+1	-5.075000E-5	-1.625000E-5	4.062841E+0	-6.589095E+1
6.588396E+1	-4.150000E-5	-4.400000E-5	4.109540E+0	-6.588396E+1
6.587695E+1	-3.825000E-5	-3.925000E-5	4.156240E+0	-6.587695E+1
6.586996E+1	-4.775000E-5	2.650000E-5	4.202939E+0	-6.586996E+1
6.586295E+1	-4.575000E-5	-3.300000E-5	4.249639E+0	-6.586295E+1
6.585596E+1	-3.475000E-5	-3.600000E-5	4.296338E+0	-6.585596E+1
6.584895E+1	-7.725000E-5	-3.025000E-5	4.343037E+0	-6.584895E+1
6.584196E+1	-7.375000E-5	-1.275000E-5	4.389737E+0	-6.584196E+1
6.583495E+1	-8.025000E-5	-2.500000E-5	4.436436E+0	-6.583495E+1
6.582796E+1	-2.850000E-5	-4.900000E-5	4.483135E+0	-6.582796E+1
6.582095E+1	-4.225000E-5	-8.500000E-6	4.529835E+0	-6.582095E+1
6.581396E+1	-4.175000E-5	2.150000E-5	4.576534E+0	-6.581396E+1
6.580695E+1	9.000000E-6	-2.250000E-6	4.623233E+0	-6.580695E+1
6.579996E+1	-2.500000E-6	1.275000E-5	4.669932E+0	-6.579996E+1
6.579295E+1	-7.500000E-7	1.750000E-6	4.716632E+0	-6.579295E+1
6.578596E+1	-2.250000E-5	-1.600000E-5	4.763331E+0	-6.578596E+1
6.577895E+1	-4.500000E-5	1.150000E-5	4.810030E+0	-6.577895E+1
6.577196E+1	-9.375000E-5	-3.850000E-5	4.856730E+0	-6.577196E+1
6.576495E+1	-5.975000E-5	1.694066E-22	4.903429E+0	-6.576495E+1
6.575796E+1	-9.175000E-5	2.350000E-5	4.950129E+0	-6.575796E+1
6.575095E+1	-9.150000E-5	-4.975000E-5	4.996828E+0	-6.575095E+1
6.574396E+1	-1.092500E-4	-1.200000E-5	5.043527E+0	-6.574396E+1
6.573695E+1	-2.100000E-5	-3.800000E-5	5.090227E+0	-6.573695E+1
6.572996E+1	-5.925000E-5	2.025000E-5	5.136926E+0	-6.572996E+1
6.572295E+1	-1.900000E-5	2.750000E-6	5.183625E+0	-6.572295E+1
6.571596E+1	1.075000E-5	-2.125000E-5	5.230324E+0	-6.571596E+1
6.570895E+1	2.750000E-5	2.750000E-6	5.277024E+0	-6.570895E+1
6.570196E+1	-1.675000E-5	-4.950000E-5	5.323723E+0	-6.570196E+1
6.569495E+1	-3.875000E-5	-4.250000E-6	5.370422E+0	-6.569495E+1
6.568796E+1	-2.850000E-5	-1.075000E-5	5.417122E+0	-6.568796E+1
6.568095E+1	-7.425000E-5	-1.600000E-5	5.463821E+0	-6.568095E+1
6.567396E+1	-4.300000E-5	-1.325000E-5	5.510520E+0	-6.567396E+1
6.566695E+1	-4.325000E-5	-1.450000E-5	5.557220E+0	-6.566695E+1
6.565996E+1	-3.950000E-5	-1.750000E-6	5.603919E+0	-6.565996E+1
6.565295E+1	-4.250000E-5	-3.800000E-5	5.650619E+0	-6.565295E+1
6.564596E+1	-3.075000E-5	-3.600000E-5	5.697318E+0	-6.564596E+1
6.563895E+1	1.350000E-5	-5.082198E-22	5.744017E+0	-6.563895E+1
6.563196E+1	-2.650000E-5	-2.750000E-6	5.790716E+0	-6.563196E+1
6.562495E+1	-3.400000E-5	-2.250000E-6	5.837416E+0	-6.562495E+1
6.561796E+1	-2.850000E-5	-4.500000E-6	5.884115E+0	-6.561796E+1
6.561095E+1	-7.750000E-5	-3.850000E-5	5.930814E+0	-6.561095E+1
6.560396E+1	-4.675000E-5	3.475000E-5	5.977514E+0	-6.560396E+1
6.559695E+1	-7.825000E-5	-3.075000E-5	6.024213E+0	-6.559695E+1
6.558996E+1	-3.375000E-5	-2.550000E-5	6.070912E+0	-6.558996E+1
6.558295E+1	-1.875000E-5	-2.075000E-5	6.117611E+0	-6.558295E+1
6.557596E+1	-4.400000E-5	-2.250000E-6	6.164311E+0	-6.557596E+1
6.556895E+1	-1.325000E-5	7.500000E-6	6.211010E+0	-6.556895E+1
6.556196E+1	-1.350000E-5	-2.000000E-6	6.257710E+0	-6.556196E+1
6.555495E+1	-6.750000E-6	-1.425000E-5	6.304409E+0	-6.555495E+1
6.554796E+1	-1.975000E-5	-2.400000E-5	6.351108E+0	-6.554796E+1
6.554095E+1	-3.475000E-5	2.500000E-7	6.397808E+0	-6.554095E+1
6.553396E+1	-1.425000E-5	3.000000E-6	6.444507E+0	-6.553396E+1
6.552695E+1	-9.750000E-6	-3.250000E-6	6.491206E+0	-6.552695E+1
6.551996E+1	-2.075000E-5	-8.250000E-6	6.537906E+0	-6.551996E+1
6.551295E+1	-2.175000E-5	2.750000E-5	6.584605E+0	-6.551295E+1
6.550596E+1	-2.725000E-5	-2.250000E-6	6.631304E+0	-6.550596E+1
6.549895E+1	-8.725000E-5	-3.500000E-5	6.678003E+0	-6.549895E+1
6.549196E+1	-8.625000E-5	-3.725000E-5	6.724703E+0	-6.549196E+1
6.548495E+1	-6.550000E-5	-5.500000E-6	6.771402E+0	-6.548495E+1
6.547796E+1	-4.150000E-5	7.000000E-6	6.818101E+0	-6.547796E+1
6.547095E+1	-5.550000E-5	-3.025000E-5	6.864801E+0	-6.547095E+1
6.546396E+1	-3.275000E-5	-1.750000E-6	6.911500E+0	-6.546396E+1
6.545695E+1	-1.075000E-5	-2.500000E-6	6.958200E+0	-6.545695E+1
6.544996E+1	-8.250000E-6	-8.250000E-6	7.004899E+0	-6.544996E+1
6.544296E+1	1.550000E-5	3.000000E-6	7.051598E+0	-6.544296E+1
6.543595E+1	-4.150000E-5	1.275000E-5	7.098298E+0	-6.543595E+1
6.542896E+1	1.725000E-5	5.500000E-6	7.144997E+0	-6.542896E+1
6.542195E+1	-1.375000E-5	-2.650000E-5	7.191696E+0	-6.542195E+1
6.541496E+1	7.250000E-6	1.100000E-5	7.238395E+0	-6.541496E+1
6.540795E+1	-5.800000E-5	4.000000E-6	7.285095E+0	-6.540795E+1
6.540096E+1	-4.250000E-5	1.300000E-5	7.331794E+0	-6.540096E+1
6.539395E+1	-6.850000E-5	-3.125000E-5	7.378493E+0	-6.539395E+1
6.538696E+1	-2.300000E-5	6.250000E-6	7.425193E+0	-6.538696E+1
6.537995E+1	-4.100000E-5	3.400000E-5	7.471892E+0	-6.537995E+1
6.537296E+1	-4.175000E-5	-7.500000E-6	7.518591E+0	-6.537296E+1
6.536595E+1	-3.925000E-5	-3.325000E-5	7.565290E+0	-6.536595E+1
6.535896E+1	-2.975000E-5	-2.475000E-5	7.611990E+0	-6.535896E+1
6.535195E+1	1.900000E-5	-2.100000E-5	7.658689E+0	-6.535195E+1
6.534496E+1	-1.825000E-5	-1.825000E-5	7.705389E+0	-6.534496E+1
6.533795E+1	-3.875000E-5	-1.925000E-5	7.752088E+0	-6.533795E+1
6.533096E+1	1.750000E-6	-1.025000E-5	7.798787E+0	-6.533096E+1
6.532395E+1	-3.175000E-5	-4.075000E-5	7.845487E+0	-6.532395E+1
6.531696E+1	-2.575000E-5	-1.175000E-5	7.892186E+0	-6.531696E+1
6.530995E+1	6.000000E-6	-1.550000E-5	7.938885E+0	-6.530995E+1
6.530296E+1	-2.075000E-5	-9.250000E-6	7.985585E+0	-6.530296E+1
6.529595E+1	-1.375000E-5	-2.500000E-7	8.032284E+0	-6.529595E+1
6.528896E+1	-4.625000E-5	-9.250000E-6	8.078983E+0	-6.528896E+1
6.528195E+1	-1.775000E-5	-1.400000E-5	8.125683E+0	-6.528195E+1
6.527496E+1	-3.500000E-5	-1.450000E-5	8.172382E+0	-6.527496E+1
6.526795E+1	-2.675000E-5	3.250000E-6	8.219081E+0	-6.526795E+1
6.526096E+1	-1.875000E-5	7.500000E-7	8.265780E+0	-6.526096E+1
6.525395E+1	-3.775000E-5	-2.025000E-5	8.312480E+0	-6.525395E+1
6.524696E+1	-3.700000E-5	8.500000E-6	8.359179E+0	-6.524696E+1
6.523995E+1	-3.725000E-5	-3.250000E-6	8.405878E+0	-6.523995E+1
6.523296E+1	-2.875000E-5	-8.500000E-6	8.452578E+0	-6.523296E+1
6.522595E+1	-5.875000E-5	-2.800000E-5	8.499277E+0	-6.522595E+1
6.521896E+1	-7.125000E-5	2.500000E-7	8.545977E+0	-6.521896E+1
6.521195E+1	-6.875000E-5	-4.675000E-5	8.592676E+0	-6.521195E+1
6.520496E+1	-2.925000E-5	-3.175000E-5	8.639375E+0	-6.520496E+1
6.519795E+1	-3.150000E-5	4.750000E-6	8.686074E+0	-6.519795E+1
6.519096E+1	-3.175000E-5	-2.225000E-5	8.732774E+0	-6.519096E+1
6.518395E+1	-2.550000E-5	-8.500000E-6	8.779473E+0	-6.518395E+1
6.517696E+1	-4.050000E-5	-1.200000E-5	8.826173E+0	-6.517696E+1
6.516995E+1	-1.900000E-5	-2.500000E-5	8.872871E+0	-6.516995E+1
6.516296E+1	-1.800000E-5	-4.425000E-5	8.919571E+0	-6.516296E+1
6.515595E+1	-4.875000E-5	-2.975000E-5	8.966270E+0	-6.515595E+1
6.514896E+1	-5.450000E-5	-1.850000E-5	9.012970E+0	-6.514896E+1
6.514195E+1	-2.650000E-5	-9.500000E-6	9.059669E+0	-6.514195E+1
6.513496E+1	-2.325000E-5	-3.725000E-5	9.106368E+0	-6.513496E+1
6.512795E+1	-4.875000E-5	-9.250000E-6	9.153068E+0	-6.512795E+1
6.512096E+1	-5.375000E-5	4.250000E-6	9.199767E+0	-6.512096E+1
6.511395E+1	-2.125000E-5	-7.500000E-7	9.246467E+0	-6.511395E+1
6.510696E+1	-3.375000E-5	3.500000E-6	9.293166E+0	-6.510696E+1
6.509995E+1	-6.750000E-6	8.750000E-6	9.339865E+0	-6.509995E+1
6.509296E+1	-3.950000E-5	-1.950000E-5	9.386564E+0	-6.509296E+1
6.508595E+1	-8.250000E-6	-1.300000E-5	9.433264E+0	-6.508595E+1
6.507896E+1	-2.750000E-5	-2.125000E-5	9.479963E+0	-6.507896E+1
6.507195E+1	-4.675000E-5	8.750000E-6	9.526662E+0	-6.507195E+1
6.506496E+1	-6.650000E-5	-2.100000E-5	9.573361E+0	-6.506496E+1
6.505795E+1	-3.175000E-5	-2.350000E-5	9.620061E+0	-6.505795E+1
6.505096E+1	-4.975000E-5	-3.000000E-5	9.666760E+0	-6.505096E+1
6.504395E+1	-4.825000E-5	1.725000E-5	9.713460E+0	-6.504395E+1
6.503696E+1	-9.000000E-6	-1.900000E-5	9.760159E+0	-6.503696E+1
6.502995E+1	-5.575000E-5	-1.250000E-5	9.806858E+0	-6.502995E+1
6.502296E+1	-2.775000E-5	-2.600000E-5	9.853558E+0	-6.502296E+1
6.501595E+1	-2.275000E-5	-8.000000E-6	9.900257E+0	-6.501595E+1
6.500896E+1	-1.475000E-5	-2.475000E-5	9.946957E+0	-6.500896E+1
6.500195E+1	-7.250000E-6	1.775000E-5	9.993655E+0	-6.500195E+1
6.499496E+1	-2.250000E-5	-1.350000E-5	1.004035E+1	-6.499496E+1
6.498795E+1	-2.500000E-5	-1.225000E-5	1.008705E+1	-6.498795E+1
6.498096E+1	-3.975000E-5	-7.250000E-6	1.013375E+1	-6.498096E+1
6.497395E+1	-2.925000E-5	1.125000E-5	1.018045E+1	-6.497395E+1
6.496696E+1	-4.525000E-5	-7.500000E-6	1.022715E+1	-6.496696E+1
6.495995E+1	-6.050000E-5	5.000000E-7	1.027385E+1	-6.495995E+1
6.495296E+1	-5.500000E-5	-1.275000E-5	1.032055E+1	-6.495296E+1
6.494595E+1	-4.400000E-5	-9.250000E-6	1.036725E+1	-6.494595E+1
6.493896E+1	-6.075000E-5	-4.550000E-5	1.041395E+1	-6.493896E+1
6.493195E+1	-3.825000E-5	-7.250000E-6	1.046065E+1	-6.493195E+1
6.492496E+1	-3.575000E-5	1.100000E-5	1.050735E+1	-6.492496E+1
6.491795E+1	-9.750000E-6	-2.525000E-5	1.055405E+1	-6.491795E+1
6.491096E+1	-3.000000E-5	-2.000000E-5	1.060075E+1	-6.491096E+1
6.490395E+1	-4.475000E-5	-5.500000E-6	1.064745E+1	-6.490395E+1
6.489696E+1	-4.525000E-5	-2.675000E-5	1.069415E+1	-6.489696E+1
6.488995E+1	-7.500000E-7	-1.650000E-5	1.074084E+1	-6.488995E+1
6.488296E+1	-2.750000E-6	-3.400000E-5	1.078754E+1	-6.488296E+1
6.487595E+1	-2.900000E-5	-2.650000E-5	1.083424E+1	-6.487595E+1
6.486896E+1	-3.075000E-5	1.650000E-5	1.088094E+1	-6.486896E+1
6.486195E+1	-1.450000E-5	1.575000E-5	1.092764E+1	-6.486195E+1
6.485496E+1	-5.775000E-5	-1.200000E-5	1.097434E+1	-6.485496E+1
6.484795E+1	-6.250000E-6	-1.800000E-5	1.102104E+1	-6.484795E+1
6.484096E+1	-3.925000E-5	-1.450000E-5	1.106774E+1	-6.484096E+1
6.483395E+1	-2.700000E-5	-1.350000E-5	1.111444E+1	-6.483395E+1
6.482696E+1	-3.300000E-5	1.016440E-21	1.116114E+1	-6.482696E+1
6.481995E+1	-6.725000E-5	-2.925000E-5	1.120784E+1	-6.481995E+1
6.481296E+1	-7.725000E-5	-2.800000E-5	1.125454E+1	-6.481296E+1
6.480595E+1	-8.750000E-6	-1.975000E-5	1.130124E+1	-6.480595E+1
6.479896E+1	-4.175000E-5	1.450000E-5	1.134794E+1	-6.479896E+1
6.479195E+1	-4.350000E-5	-3.500000E-5	1.139464E+1	-6.479195E+1
6.478496E+1	-2.425000E-5	-4.875000E-5	1.144133E+1	-6.478496E+1
6.477795E+1	-4.875000E-5	2.800000E-5	1.148803E+1	-6.477795E+1
6.477096E+1	-5.625000E-5	7.000000E-6	1.153473E+1	-6.477096E+1
6.476395E+1	-7.050000E-5	-1.225000E-5	1.158143E+1	-6.476395E+1
6.475696E+1	-2.950000E-5	-3.750000E-6	1.162813E+1	-6.475696E+1
6.474995E+1	-3.875000E-5	-1.325000E-5	1.167483E+1	-6.474995E+1
6.474296E+1	1.325000E-5	-2.250000E-5	1.172153E+1	-6.474296E+1
6.473595E+1	-2.575000E-5	-2.425000E-5	1.176823E+1	-6.473595E+1
6.472896E+1	-3.075000E-5	6.750000E-6	1.181493E+1	-6.472896E+1
6.472195E+1	-2.775000E-5	-2.925000E-5	1.186163E+1	-6.472195E+1
6.471496E+1	-1.075000E-5	-7.500000E-7	1.190833E+1	-6.471496E+1
6.470795E+1	1.450000E-5	3.000000E-6	1.195503E+1	-6.470795E+1
6.470096E+1	-1.000000E-6	-8.250000E-6	1.200173E+1	-6.470096E+1
6.469395E+1	-2.150000E-5	-3.275000E-5	1.204843E+1	-6.469395E+1
6.468696E+1	3.000000E-6	-1.275000E-5	1.209513E+1	-6.468696E+1
6.467995E+1	1.000000E-6	-4.525000E-5	1.214182E+1	-6.467995E+1
6.467296E+1	-3.000000E-6	1.125000E-5	1.218852E+1	-6.467296E+1
6.466595E+1	-7.250000E-6	-1.025000E-5	1.223522E+1	-6.466595E+1
6.465896E+1	-3.975000E-5	-3.225000E-5	1.228192E+1	-6.465896E+1
6.465195E+1	-4.125000E-5	-1.975000E-5	1.232862E+1	-6.465195E+1
6.464496E+1	2.400000E-5	-4.750000E-6	1.237532E+1	-6.464496E+1
6.463795E+1	-1.300000E-5	-2.425000E-5	1.242202E+1	-6.463795E+1
6.463096E+1	-1.175000E-5	-1.975000E-5	1.246872E+1	-6.463096E+1
6.462395E+1	-2.250000E-6	8.000000E-6	1.251542E+1	-6.462395E+1
6.461696E+1	-5.250000E-5	-2.600000E-5	1.256212E+1	-6.461696E+1
6.460995E+1	-3.725000E-5	-9.750000E-6	1.260882E+1	-6.460995E+1
6.460296E+1	-5.500000E-5	-2.000000E-6	1.265552E+1	-6.460296E+1
6.459595E+1	-1.025000E-5	-2.525000E-5	1.270222E+1	-6.459595E+1
6.458896E+1	-8.500000E-6	-7.750000E-6	1.274892E+1	-6.458896E+1
6.458195E+1	-3.175000E-5	-2.375000E-5	1.279562E+1	-6.458195E+1
6.457496E+1	7.250000E-6	7.500000E-6	1.284231E+1	-6.457496E+1
6.456796E+1	-2.800000E-5	-1.775000E-5	1.288901E+1	-6.456796E+1
6.456095E+1	-3.250000E-5	7.750000E-6	1.293571E+1	-6.456095E+1
6.455396E+1	-3.050000E-5	-3.650000E-5	1.298241E+1	-6.455396E+1
6.454695E+1	-8.925000E-5	1.000000E-5	1.302911E+1	-6.454695E+1
6.453996E+1	-5.150000E-5	-1.875000E-5	1.307581E+1	-6.453996E+1
6.453295E+1	-5.250000E-6	-4.500000E-6	1.312251E+1	-6.453295E+1
6.452596E+1	-5.250000E-5	-2.750000E-6	1.316921E+1	-6.452596E+1
6.451895E+1	-1.650000E-5	-2.150000E-5	1.321591E+1	-6.451895E+1
6.451196E+1	-5.375000E-5	-2.250000E-6	1.326261E+1	-6.451196E+1
6.450495E+1	-6.950000E-5	-2.300000E-5	1.330931E+1	-6.450495E+1
6.449796E+1	-6.125000E-5	-4.150000E-5	1.335601E+1	-6.449796E+1
6.449095E+1	-3.550000E-5	8.000000E-6	1.340271E+1	-6.449095E+1
6.448396E+1	-3.800000E-5	-6.000000E-6	1.344941E+1	-6.448396E+1
6.447695E+1	-1.975000E-5	-1.950000E-5	1.349611E+1	-6.447695E+1
6.446996E+1	-2.075000E-5	-2.750000E-5	1.354280E+1	-6.446996E+1
6.446295E+1	-5.075000E-5	-8.000000E-6	1.358950E+1	-6.446295E+1
6.445596E+1	-3.125000E-5	-8.000000E-6	1.363620E+1	-6.445596E+1
6.444895E+1	-7.500000E-7	6.000000E-6	1.368290E+1	-6.444895E+1
6.444196E+1	2.750000E-6	2.000000E-6	1.372960E+1	-6.444196E+1
6.443495E+1	-4.275000E-5	-6.750000E-6	1.377630E+1	-6.443495E+1
6.442796E+1	-7.750000E-6	-3.625000E-5	1.382300E+1	-6.442796E+1
6.442095E+1	-4.650000E-5	-1.150000E-5	1.386970E+1	-6.442095E+1
6.441396E+1	-1.150000E-5	-3.950000E-5	1.391640E+1	-6.441396E+1
6.440695E+1	-7.275000E-5	-1.425000E-5	1.396310E+1	-6.440695E+1
6.439996E+1	-4.000000E-5	-5.025000E-5	1.400980E+1	-6.439996E+1
6.439295E+1	-3.300000E-5	-2.500000E-5	1.405650E+1	-6.439295E+1
6.438596E+1	-1.775000E-5	5.500000E-6	1.410320E+1	-6.438596E+1
6.437895E+1	-4.325000E-5	9.750000E-6	1.414990E+1	-6.437895E+1
6.437196E+1	-3.850000E-5	-1.150000E-5	1.419660E+1	-6.437196E+1
6.436495E+1	-3.775000E-5	-2.325000E-5	1.424329E+1	-6.436495E+1
6.435796E+1	-4.975000E-5	-4.225000E-5	1.428999E+1	-6.435796E+1
6.435095E+1	-3.050000E-5	-3.175000E-5	1.433669E+1	-6.435095E+1
6.434396E+1	-3.825000E-5	5.750000E-6	1.438339E+1	-6.434396E+1
6.433695E+1	-6.850000E-5	-1.950000E-5	1.443009E+1	-6.433695E+1
6.432996E+1	-2.050000E-5	-1.375000E-5	1.447679E+1	-6.432996E+1
6.432295E+1	-4.500000E-5	6.750000E-6	1.452349E+1	-6.432295E+1
6.431596E+1	-4.375000E-5	7.750000E-6	1.457019E+1	-6.431596E+1
6.430895E+1	-3.450000E-5	-2.425000E-5	1.461689E+1	-6.430895E+1
6.430196E+1	-7.250000E-6	-1.075000E-5	1.466359E+1	-6.430196E+1
6.429495E+1	-2.050000E-5	9.750000E-6	1.471029E+1	-6.429495E+1
6.428796E+1	-1.075000E-5	-6.500000E-6	1.475699E+1	-6.428796E+1
6.428095E+1	8.750000E-6	-1.975000E-5	1.480369E+1	-6.428095E+1
6.427396E+1	-7.750000E-6	-3.000000E-6	1.485039E+1	-6.427396E+1
6.426695E+1	-3.600000E-5	-3.800000E-5	1.489708E+1	-6.426695E+1
6.425996E+1	-5.250000E-6	-3.350000E-5	1.494378E+1	-6.425996E+1
6.425295E+1	-1.425000E-5	-4.200000E-5	1.499048E+1	-6.425295E+1
6.424596E+1	-3.700000E-5	-1.675000E-5	1.503718E+1	-6.424596E+1
6.423895E+1	-2.475000E-5	5.500000E-6	1.508388E+1	-6.423895E+1
6.423196E+1	-6.800000E-5	-2.325000E-5	1.513058E+1	-6.423196E+1
6.422495E+1	-2.825000E-5	-3.050000E-5	1.517728E+1	-6.422495E+1
6.421796E+1	-4.075000E-5	-7.500000E-6	1.522398E+1	-6.421796E+1
6.421095E+1	-3.600000E-5	-2.975000E-5	1.527068E+1	-6.421095E+1
6.420396E+1	-4.725000E-5	1.500000E-6	1.531738E+1	-6.420396E+1
6.419695E+1	-4.175000E-5	1.950000E-5	1.536408E+1	-6.419695E+1
6.418996E+1	-2.325000E-5	5.250000E-6	1.541078E+1	-6.418996E+1
6.418295E+1	-3.350000E-5	-2.475000E-5	1.545748E+1	-6.418295E+1
6.417596E+1	1.250000E-5	-2.525000E-5	1.550418E+1	-6.417596E+1
6.416895E+1	7.000000E-6	-1.350000E-5	1.555088E+1	-6.416895E+1
6.416196E+1	2.625000E-5	1.100000E-5	1.559757E+1	-6.416196E+1
6.415495E+1	-2.175000E-5	-2.875000E-5	1.564427E+1	-6.415495E+1
6.414796E+1	-1.050000E-5	-3.075000E-5	1.569097E+1	-6.414796E+1
6.414095E+1	7.750000E-6	-3.500000E-6	1.573767E+1	-6.414095E+1
6.413396E+1	-4.300000E-5	1.025000E-5	1.578437E+1	-6.413396E+1
6.412695E+1	-2.825000E-5	-3.950000E-5	1.583107E+1	-6.412695E+1
6.411996E+1	-6.025000E-5	-2.325000E-5	1.587777E+1	-6.411996E+1
6.411295E+1	-3.375000E-5	-8.750000E-6	1.592447E+1	-6.411295E+1
6.410596E+1	-3.375000E-5	1.750000E-6	1.597117E+1	-6.410596E+1
6.409895E+1	-1.500000E-6	-4.450000E-5	1.601787E+1	-6.409895E+1
6.409196E+1	-5.575000E-5	-7.600000E-5	1.606457E+1	-6.409196E+1
6.408495E+1	-4.125000E-5	1.800000E-5	1.611127E+1	-6.408495E+1
6.407796E+1	-2.925000E-5	-2.700000E-5	1.615797E+1	-6.407796E+1
6.407095E+1	-3.575000E-5	1.500000E-5	1.620467E+1	-6.407095E+1
6.406396E+1	-1.350000E-5	-6.825000E-5	1.625137E+1	-6.406396E+1
6.405695E+1	-4.675000E-5	-1.125000E-5	1.629807E+1	-6.405695E+1
6.404996E+1	-2.700000E-5	4.000000E-6	1.634476E+1	-6.404996E+1
6.404295E+1	-5.050000E-5	-3.375000E-5	1.639146E+1	-6.404295E+1
6.403596E+1	-5.950000E-5	2.125000E-5	1.643816E+1	-6.403596E+1
6.402895E+1	-3.125000E-5	-5.825000E-5	1.648486E+1	-6.402895E+1
6.402196E+1	-3.975000E-5	-5.500000E-6	1.653156E+1	-6.402196E+1
6.401495E+1	-4.800000E-5	1.325000E-5	1.657826E+1	-6.401495E+1
6.400796E+1	7.500000E-7	-4.175000E-5	1.662496E+1	-6.400796E+1
6.400095E+1	6.000000E-6	-2.750000E-5	1.667166E+1	-6.400095E+1
6.399395E+1	3.750000E-6	-3.150000E-5	1.671836E+1	-6.399395E+1
6.398695E+1	-5.100000E-5	-5.500000E-6	1.676506E+1	-6.398695E+1
6.397995E+1	-2.625000E-5	-9.250000E-6	1.681176E+1	-6.397995E+1
6.397295E+1	-2.250000E-5	6.750000E-6	1.685846E+1	-6.397295E+1
6.396595E+1	-3.200000E-5	2.625000E-5	1.690516E+1	-6.396595E+1
6.395895E+1	-5.100000E-5	-4.950000E-5	1.695185E+1	-6.395895E+1
6.395195E+1	-6.275000E-5	-4.450000E-5	1.699855E+1	-6.395195E+1
6.394495E+1	-4.275000E-5	-3.375000E-5	1.704525E+1	-6.394495E+1
6.393795E+1	-5.925000E-5	-1.975000E-5	1.709195E+1	-6.393795E+1
6.393095E+1	-8.250000E-6	-4.750000E-6	1.713865E+1	-6.393095E+1
6.392395E+1	-2.575000E-5	-4.300000E-5	1.718535E+1	-6.392395E+1
6.391695E+1	-2.250000E-6	-5.325000E-5	1.723205E+1	-6.391695E+1
6.390995E+1	7.500000E-7	-3.750000E-5	1.727875E+1	-6.390995E+1
6.390295E+1	1.800000E-5	1.050000E-5	1.732545E+1	-6.390295E+1
6.389595E+1	3.025000E-5	-8.750000E-6	1.737215E+1	-6.389595E+1
6.388895E+1	-5.275000E-5	1.500000E-5	1.741885E+1	-6.388895E+1
6.388195E+1	-3.550000E-5	-5.250000E-6	1.746555E+1	-6.388195E+1
6.387495E+1	-3.025000E-5	-3.275000E-5	1.751225E+1	-6.387495E+1
6.386795E+1	-4.575000E-5	4.000000E-6	1.755895E+1	-6.386795E+1
6.386095E+1	-8.125000E-5	1.425000E-5	1.760565E+1	-6.386095E+1
6.385395E+1	-2.800000E-5	-1.000000E-6	1.765235E+1	-6.385395E+1
6.384695E+1	-7.500000E-5	-2.250000E-6	1.769904E+1	-6.384695E+1
6.383995E+1	-3.075000E-5	6.750000E-6	1.774574E+1	-6.383995E+1
6.383295E+1	-7.925000E-5	2.525000E-5	1.779244E+1	-6.383295E+1
6.382595E+1	-6.750000E-5	2.425000E-5	1.783914E+1	-6.382595E+1
6.381895E+1	-6.075000E-5	-1.050000E-5	1.788584E+1	-6.381895E+1
6.381195E+1	-1.200000E-5	-1.175000E-5	1.793254E+1	-6.381195E+1
6.380495E+1	-1.600000E-5	1.075000E-5	1.797924E+1	-6.380495E+1
6.379795E+1	1.325000E-5	-1.100000E-5	1.802594E+1	-6.379795E+1
6.379095E+1	-3.475000E-5	-3.950000E-5	1.807264E+1	-6.379095E+1
6.378395E+1	8.000000E-6	-1.550000E-5	1.811934E+1	-6.378395E+1
6.377695E+1	-2.050000E-5	-2.500000E-6	1.816604E+1	-6.377695E+1
6.376995E+1	-2.075000E-5	-1.125000E-5	1.821274E+1	-6.376995E+1
6.376295E+1	-4.075000E-5	7.500000E-6	1.825944E+1	-6.376295E+1
6.375595E+1	-3.225000E-5	3.750000E-6	1.830614E+1	-6.375595E+1
6.374895E+1	-1.175000E-5	-2.600000E-5	1.835283E+1	-6.374895E+1
6.374195E+1	5.400000E-5	-5.000000E-7	1.839953E+1	-6.374195E+1
6.373495E+1	-1.800000E-5	-3.000000E-6	1.844623E+1	-6.373495E+1
6.372795E+1	-1.000000E-6	-2.750000E-6	1.849293E+1	-6.372795E+1
6.372095E+1	3.000000E-6	6.000000E-6	1.853963E+1	-6.372095E+1
6.371395E+1	2.000000E-5	-1.625000E-5	1.858633E+1	-6.371395E+1
6.370695E+1	-4.400000E-5	-1.300000E-5	1.863303E+1	-6.370695E+1
6.369995E+1	-4.975000E-5	9.500000E-6	1.867973E+1	-6.369995E+1
6.369296E+1	-5.950000E-5	-8.000000E-6	1.872643E+1	-6.369296E+1
6.368596E+1	-4.900000E-5	-1.200000E-5	1.877313E+1	-6.368596E+1
6.367896E+1	-5.750000E-5	4.550000E-5	1.881983E+1	-6.367896E+1
6.367196E+1	-8.675000E-5	-1.825000E-5	1.886653E+1	-6.367196E+1
6.366496E+1	-3.800000E-5	-5.000000E-7	1.891323E+1	-6.366496E+1
6.365796E+1	-1.175000E-5	1.500000E-5	1.895993E+1	-6.365796E+1
6.365096E+1	-1.000000E-5	1.825000E-5	1.900663E+1	-6.365096E+1
6.364396E+1	7.000000E-6	2.100000E-5	1.905332E+1	-6.364396E+1
6.363696E+1	3.675000E-5	-7.500000E-6	1.910002E+1	-6.363696E+1
6.362996E+1	1.125000E-5	-4.150000E-5	1.914672E+1	-6.362996E+1
6.362296E+1	3.925000E-5	7.500000E-7	1.919342E+1	-6.362296E+1
6.361596E+1	-2.850000E-5	-5.625000E-5	1.924012E+1	-6.361596E+1
6.360896E+1	-3.375000E-5	-2.500000E-6	1.928682E+1	-6.360896E+1
6.360196E+1	-6.125000E-5	-2.175000E-5	1.933352E+1	-6.360196E+1
6.359496E+1	-8.000000E-5	3.525000E-5	1.938022E+1	-6.359496E+1
6.358796E+1	-6.075000E-5	-3.500000E-5	1.942692E+1	-6.358796E+1
6.358096E+1	-7.125000E-5	-4.050000E-5	1.947362E+1	-6.358096E+1
6.357396E+1	-7.525000E-5	-9.250000E-6	1.952032E+1	-6.357396E+1
6.356696E+1	-4.125000E-5	-3.400000E-5	1.956702E+1	-6.356696E+1
6.355996E+1	-3.575000E-5	-2.475000E-5	1.961372E+1	-6.355996E+1
6.355296E+1	-3.350000E-5	-2.600000E-5	1.966042E+1	-6.355296E+1
6.354596E+1	4.750000E-6	-7.750000E-6	1.970712E+1	-6.354596E+1
6.353896E+1	-1.100000E-5	-3.225000E-5	1.975381E+1	-6.353896E+1
6.353196E+1	-3.275000E-5	-2.475000E-5	1.980051E+1	-6.353196E+1
6.352496E+1	-3.350000E-5	2.075000E-5	1.984721E+1	-6.352496E+1
6.351796E+1	-5.575000E-5	-3.500000E-5	1.989391E+1	-6.351796E+1
6.351096E+1	-6.875000E-5	2.750000E-6	1.994061E+1	-6.351096E+1
6.350396E+1	4.750000E-6	1.175000E-5	1.998731E+1	-6.350396E+1
6.349696E+1	-3.400000E-5	3.775000E-5	2.003401E+1	-6.349696E+1
6.348996E+1	-1.750000E-5	-1.600000E-5	2.008071E+1	-6.348996E+1
6.348296E+1	7.000000E-6	-5.575000E-5	2.012741E+1	-6.348296E+1
6.347596E+1	-5.100000E-5	1.000000E-6	2.017411E+1	-6.347596E+1
6.346896E+1	1.150000E-5	-4.500000E-5	2.022081E+1	-6.346896E+1
6.346196E+1	-4.000000E-5	-1.000000E-6	2.026751E+1	-6.346196E+1
6.345496E+1	-2.025000E-5	5.000000E-6	2.031421E+1	-6.345496E+1
6.344796E+1	-5.475000E-5	3.775000E-5	2.036091E+1	-6.344796E+1
6.344096E+1	-8.425000E-5	-2.600000E-5	2.040760E+1	-6.344096E+1
6.343396E+1	-7.175000E-5	-3.625000E-5	2.045430E+1	-6.343396E+1
6.342696E+1	-4.100000E-5	7.500000E-7	2.050100E+1	-6.342696E+1
6.341996E+1	-7.225000E-5	-2.541099E-22	2.054770E+1	-6.341996E+1
6.341296E+1	-1.650000E-5	-2.000000E-5	2.059440E+1	-6.341296E+1
6.340596E+1	-8.050000E-5	6.750000E-6	2.064110E+1	-6.340596E+1
6.339896E+1	-4.525000E-5	2.725000E-5	2.068780E+1	-6.339896E+1
6.339196E+1	-1.525000E-5	3.450000E-5	2.073450E+1	-6.339196E+1
6.338496E+1	-3.225000E-5	-1.000000E-5	2.078120E+1	-6.338496E+1
6.337796E+1	-2.300000E-5	4.200000E-5	2.082790E+1	-6.337796E+1
6.337096E+1	-8.750000E-6	-4.600000E-5	2.087460E+1	-6.337096E+1
6.336396E+1	-7.500000E-6	-4.650000E-5	2.092130E+1	-6.336396E+1
6.335696E+1	-1.100000E-5	-3.425000E-5	2.096800E+1	-6.335696E+1
6.334996E+1	-4.825000E-5	2.675000E-5	2.101470E+1	-6.334996E+1
6.334296E+1	-5.175000E-5	-6.925000E-5	2.106140E+1	-6.334296E+1
6.333596E+1	-4.000000E-6	-8.300000E-5	2.110810E+1	-6.333596E+1
6.332896E+1	-3.900000E-5	-1.925000E-5	2.115479E+1	-6.332896E+1
6.332196E+1	-5.050000E-5	4.750000E-6	2.120149E+1	-6.332196E+1
6.331496E+1	-6.300000E-5	-1.175000E-5	2.124819E+1	-6.331496E+1
6.330796E+1	-2.425000E-5	-4.000000E-6	2.129489E+1	-6.330796E+1
6.330096E+1	-6.925000E-5	-3.375000E-5	2.134159E+1	-6.330096E+1
6.329396E+1	-4.300000E-5	3.750000E-6	2.138829E+1	-6.329396E+1
6.328696E+1	4.250000E-6	-3.775000E-5	2.143499E+1	-6.328696E+1
6.327996E+1	-9.500000E-6	-3.750000E-5	2.148169E+1	-6.327996E+1
6.327296E+1	-3.425000E-5	-6.575000E-5	2.152839E+1	-6.327296E+1
6.326596E+1	-6.750000E-5	-1.225000E-5	2.157509E+1	-6.326596E+1
6.325895E+1	-4.650000E-5	7.500000E-6	2.162179E+1	-6.325895E+1
6.325195E+1	-1.350000E-5	9.250000E-6	2.166849E+1	-6.325195E+1
6.324495E+1	-9.500000E-6	8.250000E-6	2.171519E+1	-6.324495E+1
6.323795E+1	-4.975000E-5	-4.975000E-5	2.176188E+1	-6.323795E+1
6.323095E+1	-1.725000E-5	-1.800000E-5	2.180858E+1	-6.323095E+1
6.322395E+1	-7.275000E-5	-6.500000E-6	2.185528E+1	-6.322395E+1
6.321695E+1	-1.475000E-5	3.500000E-6	2.190198E+1	-6.321695E+1
6.320995E+1	-8.250000E-6	-9.500000E-6	2.194868E+1	-6.320995E+1
6.320295E+1	-6.750000E-6	-1.775000E-5	2.199538E+1	-6.320295E+1
6.319595E+1	-4.200000E-5	-1.025000E-5	2.204208E+1	-6.319595E+1
6.318895E+1	-3.700000E-5	-3.075000E-5	2.208878E+1	-6.318895E+1
6.318195E+1	-5.525000E-5	-8.250000E-6	2.213548E+1	-6.318195E+1
6.317495E+1	-5.250000E-6	2.900000E-5	2.218218E+1	-6.317495E+1
6.316795E+1	-3.550000E-5	2.025000E-5	2.222888E+1	-6.316795E+1
6.316095E+1	-5.950000E-5	-2.500000E-7	2.227558E+1	-6.316095E+1
6.315395E+1	-5.125000E-5	4.050000E-5	2.232228E+1	-6.315395E+1
6.314695E+1	-6.450000E-5	-3.050000E-5	2.236898E+1	-6.314695E+1
6.313995E+1	-3.600000E-5	-2.500000E-6	2.241568E+1	-6.313995E+1
6.313295E+1	-2.875000E-5	-2.050000E-5	2.246238E+1	-6.313295E+1
6.312595E+1	-4.575000E-5	5.475000E-5	2.250908E+1	-6.312595E+1
6.311895E+1	-5.750000E-6	-6.750000E-5	2.255577E+1	-6.311895E+1
6.311195E+1	-1.350000E-5	-3.575000E-5	2.260247E+1	-6.311195E+1
6.310495E+1	-1.150000E-5	-1.250000E-6	2.264917E+1	-6.310495E+1
6.309795E+1	-5.250000E-6	2.275000E-5	2.269587E+1	-6.309795E+1
6.309095E+1	-1.475000E-5	-7.250000E-6	2.274257E+1	-6.309095E+1
6.308395E+1	-4.235165E-22	1.725000E-5	2.278927E+1	-6.308395E+1
6.307695E+1	-5.050000E-5	-4.500000E-6	2.283597E+1	-6.307695E+1
6.306995E+1	-5.000000E-7	4.450000E-5	2.288267E+1	-6.306995E+1
6.306295E+1	-2.850000E-5	-3.500000E-6	2.292937E+1	-6.306295E+1
6.305595E+1	-6.900000E-5	3.550000E-5	2.297607E+1	-6.305595E+1
6.304895E+1	-4.425000E-5	-1.825000E-5	2.302277E+1	-6.304895E+1
6.304195E+1	-6.050000E-5	-5.550000E-5	2.306947E+1	-6.304195E+1
6.303495E+1	-4.550000E-5	-4.925000E-5	2.311617E+1	-6.303495E+1
6.302795E+1	1.125000E-5	-3.750000E-6	2.316286E+1	-6.302795E+1
6.302095E+1	-3.800000E-5	-3.575000E-5	2.320956E+1	-6.302095E+1
6.301395E+1	-3.925000E-5	7.500000E-6	2.325626E+1	-6.301395E+1
6.300695E+1	-1.250000E-6	-6.675000E-5	2.330296E+1	-6.300695E+1
6.299995E+1	-1.150000E-5	5.000000E-7	2.334966E+1	-6.299995E+1
6.299295E+1	-5.325000E-5	-1.750000E-6	2.339636E+1	-6.299295E+1
6.298595E+1	-1.850000E-5	-4.250000E-6	2.344306E+1	-6.298595E+1
6.297895E+1	-8.125000E-5	-6.500000E-5	2.348976E+1	-6.297895E+1
6.297195E+1	-7.825000E-5	-7.600000E-5	2.353646E+1	-6.297195E+1
6.296495E+1	-4.700000E-5	-4.625000E-5	2.358316E+1	-6.296495E+1
6.295795E+1	-5.850000E-5	-3.775000E-5	2.362986E+1	-6.295795E+1
6.295095E+1	-2.950000E-5	9.250000E-6	2.367656E+1	-6.295095E+1
6.294395E+1	-3.400000E-5	-2.250000E-6	2.372326E+1	-6.294395E+1
6.293695E+1	-5.500000E-6	-2.500000E-7	2.376996E+1	-6.293695E+1
6.292995E+1	6.750000E-6	2.500000E-7	2.381666E+1	-6.292995E+1
6.292295E+1	3.100000E-5	1.050000E-5	2.386336E+1	-6.292295E+1
6.291595E+1	6.950000E-5	8.750000E-6	2.391006E+1	-6.291595E+1
6.290895E+1	4.750000E-6	-4.200000E-5	2.395675E+1	-6.290895E+1
6.290195E+1	4.750000E-6	-2.925000E-5	2.400345E+1	-6.290195E+1
6.289495E+1	2.700000E-5	-2.725000E-5	2.405015E+1	-6.289495E+1
6.288795E+1	2.000000E-5	-2.275000E-5	2.409685E+1	-6.288795E+1
6.288095E+1	-3.500000E-6	-4.500000E-6	2.414355E+1	-6.288095E+1
6.287395E+1	4.475000E-5	-1.925000E-5	2.419025E+1	-6.287395E+1
6.286695E+1	5.050000E-5	4.650000E-5	2.423695E+1	-6.286695E+1
6.285995E+1	7.000000E-6	4.750000E-6	2.428365E+1	-6.285995E+1
6.285295E+1	9.550000E-5	3.750000E-5	2.433035E+1	-6.285295E+1
6.284595E+1	-4.000000E-6	3.075000E-5	2.437705E+1	-6.284595E+1
6.283895E+1	-3.775000E-5	-1.650000E-5	2.442375E+1	-6.283895E+1
6.283195E+1	-3.050000E-5	3.825000E-5	2.447045E+1	-6.283195E+1
6.282495E+1	-4.475000E-5	2.500000E-7	2.451715E+1	-6.282495E+1
6.281796E+1	2.400000E-5	1.425000E-5	2.456384E+1	-6.281796E+1
6.281096E+1	-7.700000E-5	2.650000E-5	2.461054E+1	-6.281096E+1
6.280396E+1	-1.135000E-4	-5.675000E-5	2.465724E+1	-6.280396E+1
6.279696E+1	-7.075000E-5	-3.400000E-5	2.470394E+1	-6.279696E+1
6.278996E+1	-9.300000E-5	-6.950000E-5	2.475064E+1	-6.278996E+1
6.278296E+1	-7.175000E-5	-1.075000E-5	2.479734E+1	-6.278296E+1
6.277596E+1	-6.750000E-6	-3.725000E-5	2.484404E+1	-6.277596E+1
6.276896E+1	-3.850000E-5	-2.575000E-5	2.489074E+1	-6.276896E+1
6.276196E+1	-2.575000E-5	1.400000E-5	2.493744E+1	-6.276196E+1
6.275496E+1	2.100000E-5	-1.050000E-5	2.498414E+1	-6.275496E+1
6.274796E+1	-5.250000E-5	-5.075000E-5	2.503084E+1	-6.274796E+1
6.274096E+1	-4.175000E-5	-1.750000E-5	2.507754E+1	-6.274096E+1
6.273396E+1	8.750000E-6	-1.525000E-5	2.512424E+1	-6.273396E+1
6.272696E+1	2.100000E-5	6.825000E-5	2.517094E+1	-6.272696E+1
6.271996E+1	1.475000E-5	-2.350000E-5	2.521764E+1	-6.271996E+1
6.271296E+1	-3.100000E-5	-5.475000E-5	2.526434E+1	-6.271296E+1
6.270596E+1	-1.350000E-5	-2.925000E-5	2.531103E+1	-6.270596E+1
6.269896E+1	1.700000E-5	-2.950000E-5	2.535773E+1	-6.269896E+1
6.269196E+1	-2.050000E-5	-4.075000E-5	2.540443E+1	-6.269196E+1
6.268496E+1	8.000000E-6	-2.000000E-6	2.545113E+1	-6.268496E+1
6.267796E+1	-2.125000E-5	-9.325000E-5	2.549783E+1	-6.267796E+1
6.267096E+1	-2.000000E-5	-3.750000E-5	2.554453E+1	-6.267096E+1
6.266396E+1	1.250000E-5	-4.850000E-5	2.559123E+1	-6.266396E+1
6.265696E+1	-1.157500E-4	2.400000E-5	2.563793E+1	-6.265696E+1
6.264996E+1	-2.150000E-5	-1.425000E-5	2.568463E+1	-6.264996E+1
6.264296E+1	-1.005000E-4	1.500000E-5	2.573133E+1	-6.264296E+1
6.263596E+1	-6.750000E-5	3.750000E-6	2.577803E+1	-6.263596E+1
6.262896E+1	-1.575000E-5	1.200000E-5	2.582473E+1	-6.262896E+1
6.262196E+1	-6.650000E-5	-1.250000E-5	2.587143E+1	-6.262196E+1
6.261496E+1	-2.875000E-5	-4.250000E-6	2.591813E+1	-6.261496E+1
6.260796E+1	-8.500000E-6	1.250000E-5	2.596482E+1	-6.260796E+1
6.260096E+1	-3.125000E-5	-1.025000E-5	2.601152E+1	-6.260096E+1
6.259396E+1	-6.800000E-5	-3.225000E-5	2.605822E+1	-6.259396E+1
6.258696E+1	-6.250000E-5	-3.400000E-5	2.610492E+1	-6.258696E+1
6.257996E+1	-7.875000E-5	-3.575000E-5	2.615162E+1	-6.257996E+1
6.257296E+1	-3.875000E-5	-2.300000E-5	2.619832E+1	-6.257296E+1
6.256596E+1	-1.300000E-5	-1.225000E-5	2.624502E+1	-6.256596E+1
6.255896E+1	-3.475000E-5	-3.650000E-5	2.629172E+1	-6.255896E+1
6.255196E+1	-5.750000E-5	1.900000E-5	2.633842E+1	-6.255196E+1
6.254496E+1	-1.350000E-5	5.500000E-6	2.638512E+1	-6.254496E+1
6.253796E+1	-2.950000E-5	2.050000E-5	2.643182E+1	-6.253796E+1
6.253096E+1	-2.100000E-5	-1.475000E-5	2.647852E+1	-6.253096E+1
6.252396E+1	-7.500000E-5	-5.450000E-5	2.652522E+1	-6.252396E+1
6.251696E+1	-8.800000E-5	-1.525000E-5	2.657192E+1	-6.251696E+1
6.250996E+1	-6.475000E-5	1.450000E-5	2.661862E+1	-6.250996E+1
6.250296E+1	-8.800000E-5	-5.775000E-5	2.666531E+1	-6.250296E+1
6.249596E+1	-1.275000E-4	-2.000000E-5	2.671201E+1	-6.249596E+1
6.248896E+1	1.450000E-5	-4.800000E-5	2.675871E+1	-6.248896E+1
6.248196E+1	-9.375000E-5	5.000000E-6	2.680541E+1	-6.248196E+1
6.247496E+1	-7.800000E-5	-2.500000E-6	2.685211E+1	-6.247496E+1
6.246796E+1	-3.650000E-5	-2.800000E-5	2.689881E+1	-6.246796E+1
6.246096E+1	-4.175000E-5	-4.025000E-5	2.694551E+1	-6.246096E+1
6.245396E+1	-2.650000E-5	4.250000E-6	2.699221E+1	-6.245396E+1
6.244696E+1	8.500000E-6	-7.250000E-6	2.703891E+1	-6.244696E+1
6.243996E+1	-8.350000E-5	-2.350000E-5	2.708561E+1	-6.243996E+1
6.243296E+1	-2.800000E-5	5.200000E-5	2.713231E+1	-6.243296E+1
6.242596E+1	-3.900000E-5	-6.550000E-5	2.717901E+1	-6.242596E+1
6.241896E+1	-5.300000E-5	-6.225000E-5	2.722571E+1	-6.241896E+1
6.241196E+1	6.250000E-6	2.250000E-6	2.727241E+1	-6.241196E+1
6.240496E+1	-2.200000E-5	-2.750000E-5	2.731911E+1	-6.240496E+1
6.239796E+1	8.500000E-6	-3.050000E-5	2.736580E+1	-6.239796E+1
6.239096E+1	-5.550000E-5	-6.500000E-5	2.741250E+1	-6.239096E+1
6.238395E+1	-3.400000E-5	-1.050000E-5	2.745920E+1	-6.238395E+1
6.237695E+1	-2.250000E-6	-2.075000E-5	2.750590E+1	-6.237695E+1
6.236995E+1	-8.750000E-6	1.700000E-5	2.755260E+1	-6.236995E+1
6.236295E+1	7.475000E-5	-1.750000E-5	2.759930E+1	-6.236295E+1
6.235595E+1	-1.250000E-5	2.225000E-5	2.764600E+1	-6.235595E+1
6.234895E+1	-2.725000E-5	-7.025000E-5	2.769270E+1	-6.234895E+1
6.234195E+1	-3.175000E-5	1.850000E-5	2.773940E+1	-6.234195E+1
6.233495E+1	-3.925000E-5	2.925000E-5	2.778610E+1	-6.233495E+1
6.232795E+1	-1.465000E-4	-5.575000E-5	2.783280E+1	-6.232795E+1
6.232095E+1	-6.050000E-5	-3.575000E-5	2.787950E+1	-6.232095E+1
6.231395E+1	3.750000E-5	2.275000E-5	2.792620E+1	-6.231395E+1
6.230695E+1	-9.500000E-6	7.750000E-6	2.797290E+1	-6.230695E+1
6.229995E+1	8.000000E-6	4.025000E-5	2.801959E+1	-6.229995E+1
6.229295E+1	-4.775000E-5	-5.750000E-5	2.806629E+1	-6.229295E+1
6.228595E+1	-4.725000E-5	-1.525000E-5	2.811299E+1	-6.228595E+1
6.227895E+1	-5.925000E-5	-3.375000E-5	2.815969E+1	-6.227895E+1
6.227195E+1	-8.600000E-5	4.025000E-5	2.820639E+1	-6.227195E+1
6.226495E+1	-2.050000E-5	3.800000E-5	2.825309E+1	-6.226495E+1
6.225795E+1	-8.450000E-5	1.650000E-5	2.829979E+1	-6.225795E+1
6.225095E+1	-2.175000E-5	-3.100000E-5	2.834649E+1	-6.225095E+1
6.224395E+1	5.750000E-6	-1.075000E-5	2.839319E+1	-6.224395E+1
6.223695E+1	-5.775000E-5	3.225000E-5	2.843989E+1	-6.223695E+1
6.222995E+1	4.225000E-5	2.200000E-5	2.848659E+1	-6.222995E+1
6.222295E+1	-4.175000E-5	8.250000E-6	2.853329E+1	-6.222295E+1
6.221595E+1	-5.075000E-5	6.250000E-6	2.857999E+1	-6.221595E+1
6.220895E+1	-3.425000E-5	-5.025000E-5	2.862669E+1	-6.220895E+1
6.220195E+1	-7.350000E-5	-1.750000E-5	2.867339E+1	-6.220195E+1
6.219495E+1	-3.775000E-5	2.725000E-5	2.872009E+1	-6.219495E+1
6.218795E+1	-7.375000E-5	-2.700000E-5	2.876678E+1	-6.218795E+1
6.218095E+1	-2.300000E-5	1.900000E-5	2.881348E+1	-6.218095E+1
6.217395E+1	-9.825000E-5	-3.075000E-5	2.886018E+1	-6.217395E+1
6.216695E+1	2.225000E-5	4.950000E-5	2.890688E+1	-6.216695E+1
6.215995E+1	5.150000E-5	-1.175000E-5	2.895358E+1	-6.215995E+1
6.215295E+1	-5.475000E-5	-2.300000E-5	2.900028E+1	-6.215295E+1
6.214595E+1	7.250000E-6	4.850000E-5	2.904698E+1	-6.214595E+1
6.213895E+1	1.100000E-5	-9.200000E-5	2.909368E+1	-6.213895E+1
6.213195E+1	-1.625000E-5	8.250000E-6	2.914038E+1	-6.213195E+1
6.212495E+1	2.925000E-5	-5.400000E-5	2.918708E+1	-6.212495E+1
6.211795E+1	-4.275000E-5	1.450000E-5	2.923378E+1	-6.211795E+1
6.211095E+1	7.000000E-6	-9.750000E-6	2.928048E+1	-6.211095E+1
6.210395E+1	-5.725000E-5	-5.750000E-5	2.932718E+1	-6.210395E+1
6.209695E+1	-4.925000E-5	-6.250000E-6	2.937387E+1	-6.209695E+1
6.208995E+1	-3.400000E-5	1.000000E-5	2.942057E+1	-6.208995E+1
6.208295E+1	5.500000E-6	2.500000E-7	2.946727E+1	-6.208295E+1
6.207595E+1	-7.150000E-5	-2.500000E-6	2.951397E+1	-6.207595E+1
6.206895E+1	6.750000E-6	3.575000E-5	2.956067E+1	-6.206895E+1
6.206195E+1	-2.075000E-5	-7.750000E-6	2.960737E+1	-6.206195E+1
6.205495E+1	-2.725000E-5	4.800000E-5	2.965407E+1	-6.205495E+1
6.204795E+1	-1.775000E-5	6.175000E-5	2.970077E+1	-6.204795E+1
6.204095E+1	-2.100000E-5	2.425000E-5	2.974747E+1	-6.204095E+1
6.203395E+1	-3.925000E-5	1.775000E-5	2.979417E+1	-6.203395E+1
6.202695E+1	-9.250000E-5	-3.250000E-6	2.984087E+1	-6.202695E+1
6.201995E+1	-2.250000E-5	3.025000E-5	2.988757E+1	-6.201995E+1
6.201295E+1	-6.625000E-5	-3.500000E-5	2.993427E+1	-6.201295E+1
6.200595E+1	-5.650000E-5	2.825000E-5	2.998097E+1	-6.200595E+1
6.199895E+1	-8.350000E-5	-3.350000E-5	3.002767E+1	-6.199895E+1
6.199195E+1	-7.175000E-5	-1.075000E-5	3.007437E+1	-6.199195E+1
6.198495E+1	-3.550000E-5	-3.175000E-5	3.012107E+1	-6.198495E+1
6.197795E+1	-3.225000E-5	-1.700000E-5	3.016776E+1	-6.197795E+1
6.197095E+1	-3.975000E-5	2.800000E-5	3.021446E+1	-6.197095E+1
6.196395E+1	-6.075000E-5	-1.675000E-5	3.026116E+1	-6.196395E+1
6.195695E+1	-4.850000E-5	3.400000E-5	3.030786E+1	-6.195695E+1
6.194995E+1	-5.050000E-5	-4.300000E-5	3.035456E+1	-6.194995E+1
6.194296E+1	-4.450000E-5	2.075000E-5	3.040126E+1	-6.194296E+1
6.193596E+1	-9.400000E-5	3.000000E-5	3.044796E+1	-6.193596E+1
6.192896E+1	-6.750000E-6	-7.250000E-6	3.049466E+1	-6.192896E+1
6.192196E+1	9.750000E-6	-3.375000E-5	3.054136E+1	-6.192196E+1
6.191496E+1	-9.700000E-5	7.500000E-6	3.058806E+1	-6.191496E+1
6.190796E+1	-4.000000E-5	1.725000E-5	3.063476E+1	-6.190796E+1
6.190096E+1	-6.825000E-5	-4.550000E-5	3.068146E+1	-6.190096E+1
6.189396E+1	-3.800000E-5	-6.500000E-6	3.072816E+1	-6.189396E+1
6.188696E+1	-6.875000E-5	1.200000E-5	3.077485E+1	-6.188696E+1
6.187996E+1	-4.650000E-5	-5.475000E-5	3.082155E+1	-6.187996E+1
6.187296E+1	4.000000E-6	-2.225000E-5	3.086825E+1	-6.187296E+1
6.186596E+1	-8.025000E-5	-1.450000E-5	3.091495E+1	-6.186596E+1
6.185896E+1	-2.700000E-5	-4.450000E-5	3.096165E+1	-6.185896E+1
6.185196E+1	-8.225000E-5	1.200000E-5	3.100835E+1	-6.185196E+1
6.184496E+1	-2.950000E-5	1.775000E-5	3.105505E+1	-6.184496E+1
6.183796E+1	-3.375000E-5	-5.750000E-6	3.110175E+1	-6.183796E+1
6.183096E+1	2.475000E-5	2.250000E-6	3.114845E+1	-6.183096E+1
6.182396E+1	-4.875000E-5	-2.950000E-5	3.119515E+1	-6.182396E+1
6.181696E+1	-2.425000E-5	-6.250000E-6	3.124185E+1	-6.181696E+1
6.180996E+1	-2.200000E-5	-2.375000E-5	3.128855E+1	-6.180996E+1
6.180296E+1	-3.350000E-5	4.750000E-6	3.133525E+1	-6.180296E+1
6.179596E+1	-4.025000E-5	-3.025000E-5	3.138195E+1	-6.179596E+1
6.178896E+1	8.750000E-6	-2.150000E-5	3.142865E+1	-6.178896E+1
6.178196E+1	-8.600000E-5	-4.525000E-5	3.147535E+1	-6.178196E+1
6.177496E+1	2.500000E-6	6.250000E-6	3.152205E+1	-6.177496E+1
6.176796E+1	-1.107500E-4	1.550000E-5	3.156874E+1	-6.176796E+1
6.176096E+1	-3.800000E-5	-4.450000E-5	3.161544E+1	-6.176096E+1
6.175396E+1	-5.000000E-6	1.500000E-6	3.166214E+1	-6.175396E+1
6.174696E+1	1.750000E-6	-5.225000E-5	3.170884E+1	-6.174696E+1
6.173996E+1	-7.700000E-5	-2.075000E-5	3.175554E+1	-6.173996E+1
6.173296E+1	-5.400000E-5	-3.250000E-5	3.180224E+1	-6.173296E+1
6.172596E+1	8.750000E-6	-3.725000E-5	3.184894E+1	-6.172596E+1
6.171896E+1	-8.500000E-6	-1.575000E-5	3.189564E+1	-6.171896E+1
6.171196E+1	-1.075000E-5	-9.250000E-6	3.194234E+1	-6.171196E+1
6.170496E+1	1.350000E-5	-5.625000E-5	3.198904E+1	-6.170496E+1
6.169796E+1	-3.050000E-5	-2.750000E-6	3.203574E+1	-6.169796E+1
6.169096E+1	1.700000E-5	-7.250000E-6	3.208244E+1	-6.169096E+1
6.168396E+1	-4.250000E-5	-2.325000E-5	3.212914E+1	-6.168396E+1
6.167696E+1	-6.000000E-5	-1.425000E-5	3.217583E+1	-6.167696E+1
6.166996E+1	-5.125000E-5	-3.175000E-5	3.222253E+1	-6.166996E+1
6.166296E+1	-3.050000E-5	-5.200000E-5	3.226923E+1	-6.166296E+1
6.165596E+1	-7.500000E-7	1.850000E-5	3.231593E+1	-6.165596E+1
6.164896E+1	-2.900000E-5	-2.725000E-5	3.236263E+1	-6.164896E+1
6.164196E+1	-8.000000E-6	-6.700000E-5	3.240933E+1	-6.164196E+1
6.163496E+1	-7.050000E-5	5.750000E-6	3.245603E+1	-6.163496E+1
6.162796E+1	-1.050000E-5	-2.500000E-7	3.250273E+1	-6.162796E+1
6.162096E+1	-1.875000E-5	-2.950000E-5	3.254943E+1	-6.162096E+1
6.161396E+1	-6.625000E-5	5.500000E-6	3.259613E+1	-6.161396E+1
6.160696E+1	-4.500000E-6	-1.575000E-5	3.264283E+1	-6.160696E+1
6.159996E+1	-2.325000E-5	-6.750000E-6	3.268953E+1	-6.159996E+1
6.159296E+1	-6.675000E-5	-1.900000E-5	3.273623E+1	-6.159296E+1
6.158596E+1	-7.775000E-5	1.125000E-5	3.278292E+1	-6.158596E+1
6.157896E+1	-3.900000E-5	2.000000E-5	3.282962E+1	-6.157896E+1
6.157196E+1	-6.525000E-5	5.250000E-6	3.287632E+1	-6.157196E+1
6.156496E+1	-4.275000E-5	-1.225000E-5	3.292302E+1	-6.156496E+1
6.155796E+1	-2.000000E-5	-4.250000E-5	3.296972E+1	-6.155796E+1
6.155096E+1	-2.500000E-6	-2.575000E-5	3.301642E+1	-6.155096E+1
6.154396E+1	-6.750000E-6	2.250000E-6	3.306312E+1	-6.154396E+1
6.153696E+1	6.000000E-6	-1.425000E-5	3.310982E+1	-6.153696E+1
6.152996E+1	-7.575000E-5	4.275000E-5	3.315652E+1	-6.152996E+1
6.152296E+1	2.875000E-5	-4.000000E-5	3.320322E+1	-6.152296E+1
6.151596E+1	-4.950000E-5	-1.025000E-5	3.324992E+1	-6.151596E+1
6.150895E+1	-4.475000E-5	-2.375000E-5	3.329662E+1	-6.150895E+1
6.150195E+1	-4.825000E-5	-7.250000E-6	3.334332E+1	-6.150195E+1
6.149495E+1	-3.000000E-5	6.750000E-6	3.339002E+1	-6.149495E+1
6.148795E+1	-4.525000E-5	-8.000000E-6	3.343672E+1	-6.148795E+1
6.148095E+1	-9.625000E-5	-2.550000E-5	3.348342E+1	-6.148095E+1
6.147395E+1	-7.300000E-5	-2.975000E-5	3.353012E+1	-6.147395E+1
6.146695E+1	-4.275000E-5	6.250000E-6	3.357682E+1	-6.146695E+1
6.145995E+1	-3.425000E-5	2.000000E-5	3.362351E+1	-6.145995E+1
6.145295E+1	3.500000E-6	2.775000E-5	3.367021E+1	-6.145295E+1
6.144595E+1	-3.400000E-5	-7.750000E-6	3.371691E+1	-6.144595E+1
6.143895E+1	-2.175000E-5	-2.500000E-7	3.376361E+1	-6.143895E+1
6.143195E+1	-2.550000E-5	-2.525000E-5	3.381031E+1	-6.143195E+1
6.142495E+1	1.675000E-5	-2.925000E-5	3.385701E+1	-6.142495E+1
6.141795E+1	-2.650000E-5	8.750000E-6	3.390371E+1	-6.141795E+1
6.141095E+1	-4.450000E-5	-3.500000E-5	3.395041E+1	-6.141095E+1
6.140395E+1	-5.825000E-5	-1.200000E-5	3.399711E+1	-6.140395E+1
6.139695E+1	-5.725000E-5	1.025000E-5	3.404381E+1	-6.139695E+1
6.138995E+1	-5.750000E-6	6.500000E-5	3.409051E+1	-6.138995E+1
6.138295E+1	-1.275000E-5	9.750000E-6	3.413721E+1	-6.138295E+1
6.137595E+1	-8.625000E-5	6.750000E-6	3.418391E+1	-6.137595E+1
6.136895E+1	-7.200000E-5	3.325000E-5	3.423061E+1	-6.136895E+1
6.136195E+1	-3.500000E-6	-1.275000E-5	3.427731E+1	-6.136195E+1
6.135495E+1	5.250000E-6	-3.250000E-6	3.432401E+1	-6.135495E+1
6.134795E+1	-1.425000E-5	1.800000E-5	3.437070E+1	-6.134795E+1
6.134095E+1	-1.900000E-5	1.250000E-5	3.441740E+1	-6.134095E+1
6.133395E+1	-6.000000E-5	-1.350000E-5	3.446410E+1	-6.133395E+1
6.132695E+1	-2.325000E-5	-4.325000E-5	3.451080E+1	-6.132695E+1
6.131995E+1	-2.300000E-5	-9.500000E-6	3.455750E+1	-6.131995E+1
6.131295E+1	-8.700000E-5	4.000000E-6	3.460420E+1	-6.131295E+1
6.130595E+1	1.000000E-6	-6.750000E-6	3.465090E+1	-6.130595E+1
6.129895E+1	-1.300000E-5	-6.500000E-6	3.469760E+1	-6.129895E+1
6.129195E+1	-4.250000E-5	4.975000E-5	3.474430E+1	-6.129195E+1
6.128495E+1	6.000000E-6	-4.575000E-5	3.479100E+1	-6.128495E+1
6.127795E+1	-2.150000E-5	-1.350000E-5	3.483770E+1	-6.127795E+1
6.127095E+1	-9.500000E-6	-1.500000E-6	3.488440E+1	-6.127095E+1
6.126395E+1	-8.675000E-5	-2.025000E-5	3.493110E+1	-6.126395E+1
6.125695E+1	-1.875000E-5	-1.725000E-5	3.497779E+1	-6.125695E+1
6.124995E+1	2.625000E-5	3.000000E-5	3.502449E+1	-6.124995E+1
6.124295E+1	-2.075000E-5	-3.025000E-5	3.507119E+1	-6.124295E+1
6.123595E+1	-1.475000E-5	-2.250000E-5	3.511789E+1	-6.123595E+1
6.122895E+1	-3.450000E-5	-9.750000E-6	3.516459E+1	-6.122895E+1
6.122195E+1	-9.000000E-6	-4.250000E-6	3.521129E+1	-6.122195E+1
6.121495E+1	-3.000000E-5	-3.000000E-5	3.525799E+1	-6.121495E+1
6.120795E+1	1.100000E-5	-4.050000E-5	3.530469E+1	-6.120795E+1
6.120095E+1	-3.625000E-5	-3.225000E-5	3.535139E+1	-6.120095E+1
6.119395E+1	-3.175000E-5	-1.175000E-5	3.539809E+1	-6.119395E+1
6.118695E+1	-5.350000E-5	1.925000E-5	3.544479E+1	-6.118695E+1
6.117995E+1	-3.575000E-5	-8.750000E-6	3.549149E+1	-6.117995E+1
6.117295E+1	-4.000000E-6	-4.950000E-5	3.553819E+1	-6.117295E+1
6.116595E+1	1.725000E-5	2.550000E-5	3.558488E+1	-6.116595E+1
6.115895E+1	-5.150000E-5	-1.175000E-5	3.563158E+1	-6.115895E+1
6.115195E+1	8.000000E-6	2.500000E-7	3.567828E+1	-6.115195E+1
6.114495E+1	-4.725000E-5	2.075000E-5	3.572498E+1	-6.114495E+1
6.113795E+1	-1.020000E-4	-9.000000E-6	3.577168E+1	-6.113795E+1
6.113095E+1	-1.500000E-6	-1.125000E-5	3.581838E+1	-6.113095E+1
6.112395E+1	-2.000000E-5	8.000000E-6	3.586508E+1	-6.112395E+1
6.111695E+1	-3.575000E-5	1.200000E-5	3.591178E+1	-6.111695E+1
6.110995E+1	-7.550000E-5	-6.000000E-5	3.595848E+1	-6.110995E+1
6.110295E+1	-2.075000E-5	-3.300000E-5	3.600518E+1	-6.110295E+1
6.109595E+1	-6.625000E-5	-1.450000E-5	3.605188E+1	-6.109595E+1
6.108895E+1	-1.875000E-5	-1.475000E-5	3.609858E+1	-6.108895E+1
6.108195E+1	-3.625000E-5	-1.550000E-5	3.614528E+1	-6.108195E+1
6.107495E+1	-2.725000E-5	-3.150000E-5	3.619198E+1	-6.107495E+1
6.106796E+1	-3.075000E-5	-5.250000E-5	3.623868E+1	-6.106796E+1
6.106096E+1	1.325000E-5	-1.350000E-5	3.628537E+1	-6.106096E+1
6.105396E+1	-3.725000E-5	-1.225000E-5	3.633207E+1	-6.105396E+1
6.104696E+1	-3.375000E-5	-1.450000E-5	3.637877E+1	-6.104696E+1
6.103996E+1	-3.800000E-5	-1.700000E-5	3.642547E+1	-6.103996E+1
6.103296E+1	-2.125000E-5	1.450000E-5	3.647217E+1	-6.103296E+1
6.102596E+1	-3.350000E-5	-3.800000E-5	3.651887E+1	-6.102596E+1
6.101896E+1	-4.000000E-5	-3.550000E-5	3.656557E+1	-6.101896E+1
6.101196E+1	-2.550000E-5	-3.150000E-5	3.661227E+1	-6.101196E+1
6.100496E+1	-5.150000E-5	3.725000E-5	3.665897E+1	-6.100496E+1
6.099796E+1	-7.250000E-6	-5.875000E-5	3.670567E+1	-6.099796E+1
6.099096E+1	-1.350000E-5	-2.775000E-5	3.675237E+1	-6.099096E+1
6.098396E+1	5.250000E-6	-3.275000E-5	3.679907E+1	-6.098396E+1
6.097696E+1	-3.300000E-5	-2.375000E-5	3.684577E+1	-6.097696E+1
6.096996E+1	-5.200000E-5	-3.550000E-5	3.689247E+1	-6.096996E+1
6.096296E+1	-6.725000E-5	3.825000E-5	3.693917E+1	-6.096296E+1
6.095596E+1	-7.450000E-5	1.075000E-5	3.698587E+1	-6.095596E+1
6.094896E+1	-4.225000E-5	-2.975000E-5	3.703257E+1	-6.094896E+1
6.094196E+1	-5.825000E-5	-1.250000E-6	3.707927E+1	-6.094196E+1
6.093496E+1	-6.000000E-5	-5.000000E-6	3.712597E+1	-6.093496E+1
6.092796E+1	-2.025000E-5	7.500000E-6	3.717266E+1	-6.092796E+1
6.092096E+1	-8.275000E-5	-2.525000E-5	3.721936E+1	-6.092096E+1
6.091396E+1	2.350000E-5	2.425000E-5	3.726606E+1	-6.091396E+1
6.090696E+1	-5.150000E-5	-5.750000E-6	3.731276E+1	-6.090696E+1
6.089996E+1	-5.250000E-6	-4.750000E-6	3.735946E+1	-6.089996E+1
6.089296E+1	-1.625000E-5	-4.275000E-5	3.740616E+1	-6.089296E+1
6.088596E+1	-5.875000E-5	-3.300000E-5	3.745286E+1	-6.088596E+1
6.087896E+1	-3.675000E-5	-9.750000E-6	3.749956E+1	-6.087896E+1
6.087196E+1	-6.725000E-5	1.600000E-5	3.754626E+1	-6.087196E+1
6.086496E+1	-3.850000E-5	-3.275000E-5	3.759296E+1	-6.086496E+1
6.085796E+1	-2.875000E-5	-4.250000E-6	3.763966E+1	-6.085796E+1
6.085096E+1	-5.200000E-5	-4.075000E-5	3.768636E+1	-6.085096E+1
6.084396E+1	1.225000E-5	8.000000E-6	3.773306E+1	-6.084396E+1
6.083696E+1	-2.375000E-5	-3.388132E-22	3.777975E+1	-6.083696E+1
6.082996E+1	-2.250000E-5	-1.075000E-5	3.782645E+1	-6.082996E+1
6.082296E+1	-6.700000E-5	6.000000E-6	3.787315E+1	-6.082296E+1
6.081596E+1	-8.675000E-5	-4.100000E-5	3.791985E+1	-6.081596E+1
6.080896E+1	-3.100000E-5	1.875000E-5	3.796655E+1	-6.080896E+1
6.080196E+1	-7.275000E-5	2.575000E-5	3.801325E+1	-6.080196E+1
6.079496E+1	-7.750000E-6	-3.200000E-5	3.805995E+1	-6.079496E+1
6.078796E+1	-3.150000E-5	-1.175000E-5	3.810665E+1	-6.078796E+1
6.078096E+1	-1.825000E-5	-6.050000E-5	3.815335E+1	-6.078096E+1
6.077396E+1	-4.000000E-6	5.000000E-6	3.820005E+1	-6.077396E+1
6.076696E+1	1.725000E-5	-3.650000E-5	3.824675E+1	-6.076696E+1
6.075996E+1	6.500000E-6	-3.000000E-6	3.829345E+1	-6.075996E+1
6.075296E+1	1.825000E-5	4.875000E-5	3.834015E+1	-6.075296E+1
6.074596E+1	1.150000E-5	-1.150000E-5	3.838684E+1	-6.074596E+1
6.073896E+1	-3.750000E-5	-3.225000E-5	3.843354E+1	-6.073896E+1
6.073196E+1	-1.275000E-5	-1.200000E-5	3.848024E+1	-6.073196E+1
6.072496E+1	-2.750000E-5	-1.725000E-5	3.852694E+1	-6.072496E+1
6.071796E+1	-4.150000E-5	2.750000E-6	3.857364E+1	-6.071796E+1
6.071096E+1	-8.175000E-5	-2.000000E-5	3.862034E+1	-6.071096E+1
6.070396E+1	-7.150000E-5	-5.375000E-5	3.866704E+1	-6.070396E+1
6.069696E+1	-6.700000E-5	-6.750000E-6	3.871374E+1	-6.069696E+1
6.068996E+1	-5.925000E-5	-1.225000E-5	3.876044E+1	-6.068996E+1
6.068296E+1	-8.000000E-6	6.500000E-6	3.880714E+1	-6.068296E+1
6.067596E+1	-2.550000E-5	-2.450000E-5	3.885384E+1	-6.067596E+1
6.066896E+1	-2.725000E-5	-6.000000E-6	3.890054E+1	-6.066896E+1
6.066196E+1	1.450000E-5	-3.700000E-5	3.894724E+1	-6.066196E+1
6.065496E+1	1.650000E-5	2.250000E-6	3.899393E+1	-6.065496E+1
6.064796E+1	-1.125000E-5	-2.950000E-5	3.904063E+1	-6.064796E+1
6.064096E+1	-1.525000E-5	-1.225000E-5	3.908733E+1	-6.064096E+1
6.063395E+1	-3.875000E-5	1.025000E-5	3.913403E+1	-6.063395E+1
6.062695E+1	-1.775000E-5	4.500000E-6	3.918073E+1	-6.062695E+1
6.061995E+1	-1.975000E-5	-4.500000E-6	3.922743E+1	-6.061995E+1
6.061295E+1	-1.825000E-5	-3.900000E-5	3.927413E+1	-6.061295E+1
6.060595E+1	-3.950000E-5	-2.375000E-5	3.932083E+1	-6.060595E+1
6.059895E+1	-3.900000E-5	-9.500000E-6	3.936753E+1	-6.059895E+1
6.059195E+1	-5.050000E-5	-7.750000E-6	3.941423E+1	-6.059195E+1
6.058495E+1	-2.425000E-5	-6.325000E-5	3.946093E+1	-6.058495E+1
6.057795E+1	-8.250000E-6	-1.575000E-5	3.950763E+1	-6.057795E+1
6.057095E+1	-7.250000E-6	-5.125000E-5	3.955433E+1	-6.057095E+1
6.056395E+1	-4.050000E-5	-3.675000E-5	3.960103E+1	-6.056395E+1
6.055695E+1	-3.625000E-5	-2.200000E-5	3.964773E+1	-6.055695E+1
6.054995E+1	-1.125000E-5	-1.400000E-5	3.969443E+1	-6.054995E+1
6.054295E+1	-4.800000E-5	1.000000E-5	3.974113E+1	-6.054295E+1
6.053595E+1	-6.350000E-5	5.250000E-6	3.978783E+1	-6.053595E+1
6.052895E+1	-2.550000E-5	1.675000E-5	3.983453E+1	-6.052895E+1
6.052195E+1	-2.250000E-5	9.750000E-6	3.988122E+1	-6.052195E+1
6.051495E+1	-2.850000E-5	1.100000E-5	3.992792E+1	-6.051495E+1
6.050795E+1	3.000000E-6	-5.750000E-6	3.997462E+1	-6.050795E+1
6.050095E+1	-3.325000E-5	-1.925000E-5	4.002132E+1	-6.050095E+1
6.049395E+1	-5.750000E-5	1.250000E-5	4.006802E+1	-6.049395E+1
6.048695E+1	-3.325000E-5	-3.000000E-6	4.011472E+1	-6.048695E+1
6.047995E+1	-3.400000E-5	4.125000E-5	4.016142E+1	-6.047995E+1
6.047295E+1	-1.800000E-5	-6.750000E-6	4.020812E+1	-6.047295E+1
6.046595E+1	-1.450000E-5	1.000000E-6	4.025482E+1	-6.046595E+1
6.045895E+1	-4.075000E-5	-1.850000E-5	4.030152E+1	-6.045895E+1
6.045195E+1	-1.175000E-5	-2.775000E-5	4.034822E+1	-6.045195E+1
6.044495E+1	8.250000E-6	-1.775000E-5	4.039492E+1	-6.044495E+1
6.043795E+1	-4.825000E-5	9.500000E-6	4.044162E+1	-6.043795E+1
6.043095E+1	-5.300000E-5	-2.500000E-5	4.048832E+1	-6.043095E+1
6.042395E+1	-3.000000E-5	-5.000000E-7	4.053502E+1	-6.042395E+1
6.041695E+1	-3.750000E-5	-8.250000E-6	4.058171E+1	-6.041695E+1
6.040995E+1	-8.625000E-5	3.750000E-6	4.062841E+1	-6.040995E+1
6.040295E+1	-2.575000E-5	-1.400000E-5	4.067511E+1	-6.040295E+1
6.039595E+1	-4.475000E-5	-2.650000E-5	4.072181E+1	-6.039595E+1
6.038895E+1	-2.425000E-5	-2.000000E-5	4.076851E+1	-6.038895E+1
6.038195E+1	-1.275000E-5	-6.500000E-6	4.081521E+1	-6.038195E+1
6.037495E+1	2.075000E-5	-4.625000E-5	4.086191E+1	-6.037495E+1
6.036795E+1	-1.250000E-6	-2.150000E-5	4.090861E+1	-6.036795E+1
6.036095E+1	-4.250000E-6	-3.675000E-5	4.095531E+1	-6.036095E+1
6.035395E+1	-3.425000E-5	-8.500000E-6	4.100201E+1	-6.035395E+1
6.034695E+1	-2.950000E-5	-8.250000E-6	4.104871E+1	-6.034695E+1
6.033995E+1	-3.750000E-5	-1.800000E-5	4.109541E+1	-6.033995E+1
6.033295E+1	-5.000000E-6	-3.975000E-5	4.114211E+1	-6.033295E+1
6.032595E+1	-1.575000E-5	-1.725000E-5	4.118880E+1	-6.032595E+1
6.031895E+1	-3.300000E-5	-2.550000E-5	4.123550E+1	-6.031895E+1
6.031195E+1	-5.750000E-5	-1.250000E-6	4.128220E+1	-6.031195E+1
6.030495E+1	-2.925000E-5	-1.475000E-5	4.132890E+1	-6.030495E+1
6.029795E+1	-6.700000E-5	-2.150000E-5	4.137560E+1	-6.029795E+1
6.029095E+1	-5.925000E-5	-1.275000E-5	4.142230E+1	-6.029095E+1
6.028395E+1	-2.650000E-5	-1.250000E-6	4.146900E+1	-6.028395E+1
6.027695E+1	-2.750000E-6	-3.000000E-6	4.151570E+1	-6.027695E+1
6.026995E+1	-5.825000E-5	-5.250000E-6	4.156240E+1	-6.026995E+1
6.026295E+1	-3.500000E-5	-2.475000E-5	4.160910E+1	-6.026295E+1
6.025595E+1	-2.525000E-5	-2.725000E-5	4.165580E+1	-6.025595E+1
6.024895E+1	-4.175000E-5	-4.000000E-6	4.170250E+1	-6.024895E+1
6.024195E+1	-6.500000E-6	5.750000E-6	4.174920E+1	-6.024195E+1
6.023495E+1	-9.000000E-6	6.750000E-6	4.179589E+1	-6.023495E+1
6.022795E+1	-2.850000E-5	-1.150000E-5	4.184259E+1	-6.022795E+1
6.022095E+1	-1.225000E-5	2.500000E-6	4.188929E+1	-6.022095E+1
6.021395E+1	-1.550000E-5	-6.250000E-6	4.193599E+1	-6.021395E+1
6.020695E+1	-3.025000E-5	-3.175000E-5	4.198269E+1	-6.020695E+1
6.019995E+1	-4.700000E-5	-1.125000E-5	4.202939E+1	-6.019995E+1
6.019296E+1	-5.925000E-5	-1.725000E-5	4.207609E+1	-6.019296E+1
6.018596E+1	-3.750000E-6	3.575000E-5	4.212279E+1	-6.018596E+1
6.017896E+1	-2.075000E-5	-3.250000E-5	4.216949E+1	-6.017896E+1
6.017196E+1	5.000000E-7	-3.500000E-6	4.221619E+1	-6.017196E+1
6.016496E+1	-4.300000E-5	-4.650000E-5	4.226289E+1	-6.016496E+1
6.015796E+1	-2.275000E-5	-2.525000E-5	4.230959E+1	-6.015796E+1
6.015096E+1	-5.150000E-5	-2.000000E-5	4.235629E+1	-6.015096E+1
6.014396E+1	-2.075000E-5	-1.800000E-5	4.240299E+1	-6.014396E+1
6.013696E+1	-4.325000E-5	4.750000E-6	4.244969E+1	-6.013696E+1
6.012996E+1	1.200000E-5	-5.250000E-6	4.249639E+1	-6.012996E+1
6.012296E+1	-5.250000E-5	-5.300000E-5	4.254309E+1	-6.012296E+1
6.011596E+1	-1.200000E-5	-2.150000E-5	4.258978E+1	-6.011596E+1
6.010896E+1	-1.975000E-5	1.375000E-5	4.263648E+1	-6.010896E+1
6.010196E+1	-1.475000E-5	-1.150000E-5	4.268318E+1	-6.010196E+1
6.009496E+1	-5.100000E-5	-1.900000E-5	4.272988E+1	-6.009496E+1
6.008796E+1	-6.225000E-5	-1.450000E-5	4.277658E+1	-6.008796E+1
6.008096E+1	-3.525000E-5	1.900000E-5	4.282328E+1	-6.008096E+1
6.007396E+1	-2.275000E-5	-1.575000E-5	4.286998E+1	-6.007396E+1
6.006696E+1	-4.375000E-5	3.025000E-5	4.291668E+1	-6.006696E+1
6.005996E+1	-4.800000E-5	2.250000E-5	4.296338E+1	-6.005996E+1
6.005296E+1	-4.700000E-5	7.750000E-6	4.301008E+1	-6.005296E+1
6.004596E+1	-2.200000E-5	-2.800000E-5	4.305678E+1	-6.004596E+1
6.003896E+1	2.150000E-5	-2.450000E-5	4.310348E+1	-6.003896E+1
6.003196E+1	2.400000E-5	-4.250000E-5	4.315018E+1	-6.003196E+1
6.002496E+1	-1.700000E-5	-3.525000E-5	4.319688E+1	-6.002496E+1
6.001796E+1	-2.300000E-5	-9.000000E-6	4.324358E+1	-6.001796E+1
6.001096E+1	-3.225000E-5	3.750000E-6	4.329028E+1	-6.001096E+1
6.000396E+1	-4.675000E-5	-4.750000E-5	4.333698E+1	-6.000396E+1
5.999696E+1	-3.775000E-5	-9.250000E-6	4.338367E+1	-5.999696E+1
5.998996E+1	-3.350000E-5	-3.000000E-5	4.343037E+1	-5.998996E+1
5.998296E+1	-1.525000E-5	-3.250000E-5	4.347707E+1	-5.998296E+1
5.997596E+1	-1.325000E-5	-1.750000E-5	4.352377E+1	-5.997596E+1
5.996896E+1	6.250000E-6	-3.250000E-5	4.357047E+1	-5.996896E+1
5.996196E+1	-1.300000E-5	-3.025000E-5	4.361717E+1	-5.996196E+1
5.995496E+1	-3.625000E-5	1.125000E-5	4.366387E+1	-5.995496E+1
5.994796E+1	-2.800000E-5	-1.500000E-6	4.371057E+1	-5.994796E+1
5.994096E+1	-4.800000E-5	-1.950000E-5	4.375727E+1	-5.994096E+1
5.993396E+1	-2.675000E-5	-1.750000E-5	4.380397E+1	-5.993396E+1
5.992696E+1	-5.275000E-5	-3.600000E-5	4.385067E+1	-5.992696E+1
5.991996E+1	-3.900000E-5	-2.575000E-5	4.389737E+1	-5.991996E+1
5.991296E+1	2.925000E-5	-3.850000E-5	4.394407E+1	-5.991296E+1
5.990596E+1	-1.750000E-5	-3.500000E-5	4.399076E+1	-5.990596E+1
5.989896E+1	-2.900000E-5	1.350000E-5	4.403746E+1	-5.989896E+1
5.989196E+1	-5.025000E-5	-2.600000E-5	4.408416E+1	-5.989196E+1
5.988496E+1	7.250000E-6	-3.400000E-5	4.413086E+1	-5.988496E+1
5.987796E+1	-3.000000E-5	-1.150000E-5	4.417756E+1	-5.987796E+1
5.987096E+1	-4.725000E-5	-4.425000E-5	4.422426E+1	-5.987096E+1
5.986396E+1	-7.700000E-5	2.025000E-5	4.427096E+1	-5.986396E+1
5.985696E+1	-2.575000E-5	-1.500000E-6	4.431766E+1	-5.985696E+1
5.984996E+1	-4.175000E-5	-3.000000E-6	4.436436E+1	-5.984996E+1
5.984296E+1	-4.125000E-5	-7.225000E-5	4.441106E+1	-5.984296E+1
5.983596E+1	5.000000E-7	-2.500000E-7	4.445776E+1	-5.983596E+1
5.982896E+1	9.750000E-6	-3.900000E-5	4.450446E+1	-5.982896E+1
5.982196E+1	-4.125000E-5	-1.250000E-5	4.455116E+1	-5.982196E+1
5.981496E+1	-4.075000E-5	-1.250000E-5	4.459785E+1	-5.981496E+1
5.980796E+1	3.825000E-5	-4.800000E-5	4.464455E+1	-5.980796E+1
5.980096E+1	-3.550000E-5	-4.200000E-5	4.469125E+1	-5.980096E+1
5.979396E+1	-4.375000E-5	-1.625000E-5	4.473795E+1	-5.979396E+1
5.978696E+1	-4.700000E-5	1.025000E-5	4.478465E+1	-5.978696E+1
5.977996E+1	-3.400000E-5	-4.725000E-5	4.483135E+1	-5.977996E+1
5.977296E+1	-6.250000E-6	2.300000E-5	4.487805E+1	-5.977296E+1
5.976596E+1	-5.475000E-5	-4.125000E-5	4.492475E+1	-5.976596E+1
5.975895E+1	-6.525000E-5	2.775000E-5	4.497145E+1	-5.975895E+1
5.975195E+1	-3.425000E-5	-3.725000E-5	4.501815E+1	-5.975195E+1
5.974495E+1	-6.750000E-6	1.175000E-5	4.506485E+1	-5.974495E+1
5.973795E+1	-4.375000E-5	-2.100000E-5	4.511155E+1	-5.973795E+1
5.973095E+1	-3.050000E-5	-3.250000E-6	4.515825E+1	-5.973095E+1
5.972395E+1	-2.950000E-5	-1.850000E-5	4.520495E+1	-5.972395E+1
5.971695E+1	-2.500000E-6	-2.225000E-5	4.525164E+1	-5.971695E+1
5.970995E+1	-1.875000E-5	-8.500000E-6	4.529834E+1	-5.970995E+1
5.970295E+1	-3.850000E-5	-1.000000E-5	4.534504E+1	-5.970295E+1
5.969595E+1	-7.525000E-5	6.000000E-6	4.539174E+1	-5.969595E+1
5.968895E+1	-8.500000E-6	3.925000E-5	4.543844E+1	-5.968895E+1
5.968195E+1	-4.275000E-5	-2.225000E-5	4.548514E+1	-5.968195E+1
5.967495E+1	1.775000E-5	1.100000E-5	4.553184E+1	-5.967495E+1
5.966795E+1	-2.400000E-5	1.600000E-5	4.557854E+1	-5.966795E+1
5.966095E+1	-8.000000E-6	-2.875000E-5	4.562524E+1	-5.966095E+1
5.965395E+1	-1.300000E-5	-3.725000E-5	4.567194E+1	-5.965395E+1
5.964695E+1	-2.750000E-5	-2.750000E-6	4.571864E+1	-5.964695E+1
5.963995E+1	-5.050000E-5	-2.100000E-5	4.576534E+1	-5.963995E+1
5.963295E+1	-1.000000E-6	-8.000000E-6	4.581204E+1	-5.963295E+1
5.962595E+1	-3.450000E-5	-4.750000E-5	4.585874E+1	-5.962595E+1
5.961895E+1	-3.225000E-5	1.550000E-5	4.590544E+1	-5.961895E+1
5.961195E+1	-4.975000E-5	1.800000E-5	4.595214E+1	-5.961195E+1
5.960495E+1	-3.250000E-6	-2.950000E-5	4.599884E+1	-5.960495E+1
5.959795E+1	7.750000E-6	-9.750000E-6	4.604554E+1	-5.959795E+1
5.959095E+1	-5.000000E-7	-2.650000E-5	4.609224E+1	-5.959095E+1
5.958395E+1	-5.075000E-5	-2.100000E-5	4.613893E+1	-5.958395E+1
5.957695E+1	-6.000000E-5	-1.250000E-5	4.618563E+1	-5.957695E+1
5.956995E+1	-4.000000E-5	-3.750000E-5	4.623233E+1	-5.956995E+1
5.956295E+1	-8.050000E-5	-3.250000E-6	4.627903E+1	-5.956295E+1
5.955595E+1	-6.125000E-5	1.650000E-5	4.632573E+1	-5.955595E+1
5.954895E+1	-2.950000E-5	9.750000E-6	4.637243E+1	-5.954895E+1
5.954195E+1	-2.800000E-5	-5.000000E-7	4.641913E+1	-5.954195E+1
5.953495E+1	1.500000E-6	1.475000E-5	4.646583E+1	-5.953495E+1
5.952795E+1	6.750000E-6	-1.575000E-5	4.651253E+1	-5.952795E+1
5.952095E+1	1.250000E-5	-2.750000E-5	4.655923E+1	-5.952095E+1
5.951395E+1	-3.750000E-6	1.725000E-5	4.660593E+1	-5.951395E+1
5.950695E+1	-1.275000E-5	-1.725000E-5	4.665263E+1	-5.950695E+1
5.949995E+1	-4.750000E-6	1.500000E-6	4.669933E+1	-5.949995E+1
5.949295E+1	-4.100000E-5	-1.450000E-5	4.674603E+1	-5.949295E+1
5.948595E+1	-3.425000E-5	-2.725000E-5	4.679272E+1	-5.948595E+1
5.947895E+1	-1.550000E-5	5.750000E-6	4.683942E+1	-5.947895E+1
5.947195E+1	-2.025000E-5	1.200000E-5	4.688612E+1	-5.947195E+1
5.946495E+1	9.750000E-6	-6.250000E-6	4.693282E+1	-5.946495E+1
5.945795E+1	-3.250000E-5	-3.625000E-5	4.697952E+1	-5.945795E+1
5.945095E+1	-5.675000E-5	1.250000E-5	4.702622E+1	-5.945095E+1
5.944395E+1	-5.000000E-5	1.000000E-6	4.707292E+1	-5.944395E+1
5.943695E+1	-2.625000E-5	-9.000000E-6	4.711962E+1	-5.943695E+1
5.942995E+1	-9.000000E-6	-3.700000E-5	4.716632E+1	-5.942995E+1
5.942295E+1	-2.375000E-5	-3.250000E-6	4.721302E+1	-5.942295E+1
5.941595E+1	-1.175000E-5	-2.125000E-5	4.725972E+1	-5.941595E+1
5.940895E+1	-2.225000E-5	-2.650000E-5	4.730642E+1	-5.940895E+1
5.940195E+1	-2.500000E-5	-6.675000E-5	4.735312E+1	-5.940195E+1
5.939495E+1	-4.275000E-5	1.350000E-5	4.739981E+1	-5.939495E+1
5.938795E+1	-3.325000E-5	-2.425000E-5	4.744651E+1	-5.938795E+1
5.938095E+1	-3.500000E-6	3.500000E-5	4.749321E+1	-5.938095E+1
5.937395E+1	-1.475000E-5	2.425000E-5	4.753991E+1	-5.937395E+1
5.936695E+1	-1.025000E-5	-3.825000E-5	4.758661E+1	-5.936695E+1
5.935995E+1	-4.250000E-5	-3.750000E-6	4.763331E+1	-5.935995E+1
5.935295E+1	-1.625000E-5	-2.150000E-5	4.768001E+1	-5.935295E+1
5.934595E+1	-2.900000E-5	-1.100000E-5	4.772671E+1	-5.934595E+1
5.933895E+1	-2.950000E-5	-1.000000E-6	4.777341E+1	-5.933895E+1
