6.319994E+1	5.222222E-6	-4.740267E-14
6.319294E+1	5.333333E-6	4.669933E-2
6.318594E+1	-8.666667E-6	9.339865E-2
6.317894E+1	1.592593E-6	1.400980E-1
6.317194E+1	6.740741E-6	1.867973E-1
6.316494E+1	1.200000E-5	2.334966E-1
6.315794E+1	3.185185E-5	2.801960E-1
6.315094E+1	2.296296E-6	3.268953E-1
6.314394E+1	-3.000000E-6	3.735946E-1
6.313694E+1	-1.214815E-5	4.202939E-1
6.312994E+1	-4.333333E-6	4.669932E-1
6.312294E+1	-2.962963E-6	5.136926E-1
6.311594E+1	7.407407E-6	5.603919E-1
6.310894E+1	1.407407E-5	6.070912E-1
6.310194E+1	1.196296E-5	6.537905E-1
6.309494E+1	6.555556E-6	7.004899E-1
6.308794E+1	-2.225926E-5	7.471892E-1
6.308094E+1	-4.777778E-6	7.938885E-1
6.307394E+1	1.444444E-5	8.405879E-1
6.306694E+1	9.962963E-6	8.872872E-1
6.305994E+1	8.148148E-6	9.339865E-1
6.305294E+1	1.455556E-5	9.806858E-1
6.304594E+1	2.840741E-5	1.027385E+0
6.303894E+1	-1.337037E-5	1.074085E+0
6.303194E+1	1.777778E-6	1.120784E+0
6.302494E+1	-6.000000E-6	1.167483E+0
6.301794E+1	5.185185E-6	1.214182E+0
6.301094E+1	8.518518E-7	1.260882E+0
6.300394E+1	7.629629E-6	1.307581E+0
6.299694E+1	1.648148E-5	1.354280E+0
6.298994E+1	-9.629630E-7	1.400980E+0
6.298294E+1	9.148148E-6	1.447679E+0
6.297594E+1	1.888889E-5	1.494378E+0
6.296893E+1	1.555556E-5	1.541078E+0
6.296193E+1	2.244444E-5	1.587777E+0
6.295493E+1	3.529630E-5	1.634476E+0
6.294793E+1	6.937037E-5	1.681176E+0
6.294093E+1	4.544445E-5	1.727875E+0
6.293393E+1	3.966667E-5	1.774574E+0
6.292693E+1	3.166667E-5	1.821274E+0
6.291993E+1	1.925926E-5	1.867973E+0
6.291293E+1	-3.848148E-5	1.914672E+0
6.290593E+1	-9.896296E-5	1.961372E+0
6.289893E+1	-1.373704E-4	2.008071E+0
6.289193E+1	-1.325185E-4	2.054770E+0
6.288493E+1	-1.068889E-4	2.101470E+0
6.287793E+1	-5.440741E-5	2.148169E+0
6.287093E+1	1.692593E-5	2.194868E+0
6.286393E+1	6.581481E-5	2.241568E+0
6.285693E+1	7.422223E-5	2.288267E+0
6.284993E+1	9.240740E-5	2.334966E+0
6.284293E+1	6.118519E-5	2.381665E+0
6.283593E+1	1.592593E-5	2.428365E+0
6.282893E+1	-1.548148E-5	2.475064E+0
6.282193E+1	-3.988889E-5	2.521764E+0
6.281493E+1	-1.766667E-5	2.568463E+0
6.280793E+1	-1.037037E-6	2.615162E+0
6.280093E+1	1.292593E-5	2.661861E+0
6.279393E+1	3.822222E-5	2.708561E+0
6.278693E+1	2.959259E-5	2.755260E+0
6.277993E+1	2.000000E-6	2.801960E+0
6.277293E+1	1.518519E-5	2.848659E+0
6.276593E+1	-1.133333E-5	2.895358E+0
6.275893E+1	-3.581481E-5	2.942057E+0
6.275193E+1	-2.070370E-5	2.988757E+0
6.274493E+1	-9.148148E-6	3.035456E+0
6.273793E+1	2.074074E-5	3.082155E+0
6.273093E+1	2.585185E-5	3.128855E+0
6.272393E+1	2.781481E-5	3.175554E+0
6.271693E+1	8.851852E-6	3.222253E+0
6.270993E+1	1.037037E-6	3.268953E+0
6.270293E+1	4.481481E-6	3.315652E+0
6.269593E+1	-1.048148E-5	3.362351E+0
6.268893E+1	-1.844445E-5	3.409051E+0
6.268193E+1	-1.940741E-5	3.455750E+0
6.267493E+1	1.148148E-6	3.502449E+0
6.266793E+1	8.296296E-6	3.549149E+0
6.266093E+1	7.777778E-7	3.595848E+0
6.265393E+1	-6.296296E-6	3.642547E+0
6.264693E+1	-3.074074E-5	3.689247E+0
6.263993E+1	-1.900000E-5	3.735946E+0
6.263293E+1	4.370370E-6	3.782645E+0
6.262593E+1	1.529630E-5	3.829345E+0
6.261893E+1	1.718518E-5	3.876044E+0
6.261193E+1	1.218519E-5	3.922743E+0
6.260493E+1	9.000000E-6	3.969443E+0
6.259793E+1	4.148148E-6	4.016142E+0
6.259093E+1	-2.044444E-5	4.062841E+0
6.258393E+1	-6.962963E-6	4.109540E+0
6.257693E+1	-4.481481E-6	4.156240E+0
6.256993E+1	-6.148148E-6	4.202939E+0
6.256293E+1	3.481481E-6	4.249639E+0
6.255593E+1	1.448148E-5	4.296338E+0
6.254893E+1	3.674074E-5	4.343037E+0
6.254193E+1	1.600000E-5	4.389737E+0
6.253493E+1	1.959259E-5	4.436436E+0
6.252794E+1	2.322222E-5	4.483135E+0
6.252094E+1	2.807407E-5	4.529835E+0
6.251394E+1	3.196296E-5	4.576534E+0
6.250694E+1	1.888889E-6	4.623233E+0
6.249994E+1	1.940741E-5	4.669932E+0
6.249294E+1	1.622222E-5	4.716632E+0
6.248594E+1	1.600000E-5	4.763331E+0
6.247894E+1	9.851852E-6	4.810030E+0
6.247194E+1	-5.703704E-6	4.856730E+0
6.246494E+1	-2.162963E-5	4.903429E+0
6.245794E+1	2.592593E-7	4.950129E+0
6.245094E+1	8.555556E-6	4.996828E+0
6.244394E+1	-4.888889E-6	5.043527E+0
6.243694E+1	6.666667E-6	5.090227E+0
6.242994E+1	-1.292593E-5	5.136926E+0
6.242294E+1	-5.777778E-6	5.183625E+0
6.241594E+1	-2.874074E-5	5.230324E+0
6.240894E+1	-2.674074E-5	5.277024E+0
6.240194E+1	-1.333333E-6	5.323723E+0
6.239494E+1	-7.851851E-6	5.370422E+0
6.238794E+1	6.925926E-6	5.417122E+0
6.238094E+1	-1.025926E-5	5.463821E+0
6.237394E+1	9.555555E-6	5.510520E+0
6.236694E+1	2.003704E-5	5.557220E+0
6.235994E+1	1.488889E-5	5.603919E+0
6.235294E+1	-3.185185E-6	5.650619E+0
6.234594E+1	1.207407E-5	5.697318E+0
6.233894E+1	8.703703E-6	5.744017E+0
6.233194E+1	1.370370E-6	5.790716E+0
6.232494E+1	1.181481E-5	5.837416E+0
6.231794E+1	9.407408E-6	5.884115E+0
6.231094E+1	-9.259259E-6	5.930814E+0
