6.579994E+1	4.000000E-6	0.000000E+0
6.579294E+1	1.300000E-5	4.669933E-2
6.578594E+1	6.133333E-6	9.339865E-2
6.577894E+1	-5.533333E-6	1.400980E-1
6.577194E+1	-6.133333E-6	1.867973E-1
6.576494E+1	-5.333333E-6	2.334966E-1
6.575794E+1	1.520000E-5	2.801960E-1
6.575094E+1	3.866667E-6	3.268953E-1
6.574394E+1	1.173333E-5	3.735946E-1
6.573694E+1	-1.000000E-6	4.202939E-1
6.572994E+1	-2.200000E-6	4.669932E-1
6.572294E+1	3.333333E-7	5.136926E-1
6.571594E+1	-2.733333E-6	5.603919E-1
6.570894E+1	6.866667E-6	6.070912E-1
6.570194E+1	-1.666667E-6	6.537905E-1
6.569494E+1	-2.053333E-5	7.004899E-1
6.568794E+1	-3.666667E-6	7.471892E-1
6.568094E+1	2.866667E-6	7.938885E-1
6.567394E+1	5.466667E-6	8.405879E-1
6.566694E+1	1.126667E-5	8.872872E-1
6.565994E+1	3.133333E-6	9.339865E-1
6.565294E+1	-9.000000E-6	9.806858E-1
6.564594E+1	1.333333E-6	1.027385E+0
6.563894E+1	-7.333334E-6	1.074085E+0
6.563194E+1	-6.866667E-6	1.120784E+0
6.562494E+1	7.933333E-6	1.167483E+0
6.561794E+1	1.146667E-5	1.214182E+0
6.561094E+1	1.380000E-5	1.260882E+0
6.560394E+1	-4.400000E-6	1.307581E+0
6.559694E+1	7.400000E-6	1.354280E+0
6.558994E+1	8.733334E-6	1.400980E+0
6.558294E+1	8.933333E-6	1.447679E+0
6.557594E+1	6.066667E-6	1.494378E+0
6.556894E+1	1.073333E-5	1.541078E+0
6.556194E+1	-7.266667E-6	1.587777E+0
6.555494E+1	-6.800000E-6	1.634476E+0
6.554794E+1	-7.133333E-6	1.681176E+0
6.554094E+1	-1.500000E-5	1.727875E+0
6.553394E+1	-1.460000E-5	1.774574E+0
6.552694E+1	-1.580000E-5	1.821274E+0
6.551994E+1	-4.353333E-5	1.867973E+0
6.551294E+1	-8.073333E-5	1.914672E+0
6.550594E+1	-1.193333E-4	1.961372E+0
6.549894E+1	-1.526000E-4	2.008071E+0
6.549194E+1	-1.758667E-4	2.054770E+0
6.548494E+1	-2.284667E-4	2.101470E+0
6.547794E+1	-2.842667E-4	2.148169E+0
6.547094E+1	-3.310000E-4	2.194868E+0
6.546394E+1	-3.788000E-4	2.241568E+0
6.545694E+1	-3.760667E-4	2.288267E+0
6.544994E+1	-2.912667E-4	2.334966E+0
6.544294E+1	-1.122000E-4	2.381665E+0
6.543594E+1	1.909333E-4	2.428365E+0
6.542894E+1	5.568000E-4	2.475064E+0
6.542194E+1	9.048000E-4	2.521764E+0
6.541494E+1	1.130933E-3	2.568463E+0
6.540794E+1	1.163333E-3	2.615162E+0
6.540094E+1	9.590000E-4	2.661861E+0
6.539394E+1	5.832667E-4	2.708561E+0
6.538694E+1	1.464000E-4	2.755260E+0
6.537994E+1	-2.493333E-4	2.801960E+0
6.537294E+1	-4.812000E-4	2.848659E+0
6.536594E+1	-5.058667E-4	2.895358E+0
6.535894E+1	-3.950667E-4	2.942057E+0
6.535194E+1	-2.113333E-4	2.988757E+0
6.534494E+1	-3.360000E-5	3.035456E+0
6.533794E+1	8.440000E-5	3.082155E+0
6.533094E+1	8.613333E-5	3.128855E+0
6.532394E+1	2.300000E-5	3.175554E+0
6.531694E+1	-8.486667E-5	3.222253E+0
6.530994E+1	-1.736667E-4	3.268953E+0
6.530294E+1	-2.168000E-4	3.315652E+0
6.529594E+1	-1.832000E-4	3.362351E+0
6.528894E+1	-1.048667E-4	3.409051E+0
6.528194E+1	-3.513333E-5	3.455750E+0
6.527494E+1	2.046667E-5	3.502449E+0
6.526794E+1	4.153333E-5	3.549149E+0
6.526094E+1	3.246667E-5	3.595848E+0
6.525394E+1	-1.306667E-5	3.642547E+0
6.524694E+1	-4.660000E-5	3.689247E+0
6.523994E+1	-6.700000E-5	3.735946E+0
6.523294E+1	-7.720000E-5	3.782645E+0
6.522594E+1	-5.406667E-5	3.829345E+0
6.521894E+1	-2.813333E-5	3.876044E+0
6.521194E+1	6.800000E-6	3.922743E+0
6.520494E+1	4.200000E-5	3.969443E+0
6.519794E+1	6.346666E-5	4.016142E+0
6.519094E+1	5.626667E-5	4.062841E+0
6.518394E+1	4.840000E-5	4.109540E+0
6.517694E+1	2.426667E-5	4.156240E+0
6.516994E+1	-1.706667E-5	4.202939E+0
6.516294E+1	-3.913333E-5	4.249639E+0
6.515594E+1	-7.073333E-5	4.296338E+0
6.514894E+1	-7.693333E-5	4.343037E+0
6.514194E+1	-9.246667E-5	4.389737E+0
6.513494E+1	-5.913333E-5	4.436436E+0
6.512794E+1	-4.173333E-5	4.483135E+0
6.512094E+1	-5.266666E-6	4.529835E+0
6.511394E+1	5.106667E-5	4.576534E+0
6.510694E+1	7.753333E-5	4.623233E+0
6.509994E+1	1.017333E-4	4.669932E+0
6.509294E+1	6.713333E-5	4.716632E+0
6.508594E+1	3.800000E-5	4.763331E+0
6.507894E+1	-7.800000E-6	4.810030E+0
6.507194E+1	-4.846667E-5	4.856730E+0
6.506494E+1	-6.246666E-5	4.903429E+0
6.505794E+1	-6.720000E-5	4.950129E+0
6.505094E+1	-2.633333E-5	4.996828E+0
6.504394E+1	1.313333E-5	5.043527E+0
6.503694E+1	3.886667E-5	5.090227E+0
6.502994E+1	3.880000E-5	5.136926E+0
6.502294E+1	3.573333E-5	5.183625E+0
6.501594E+1	1.033333E-5	5.230324E+0
6.500894E+1	6.666667E-8	5.277024E+0
6.500194E+1	-1.166667E-5	5.323723E+0
6.499494E+1	-2.353333E-5	5.370422E+0
6.498794E+1	2.666667E-6	5.417122E+0
6.498094E+1	-3.733333E-6	5.463821E+0
6.497394E+1	4.666667E-7	5.510520E+0
6.496694E+1	3.600000E-6	5.557220E+0
6.495994E+1	-2.400000E-6	5.603919E+0
6.495294E+1	1.100000E-5	5.650619E+0
6.494594E+1	1.673333E-5	5.697318E+0
6.493894E+1	4.520000E-5	5.744017E+0
6.493194E+1	5.373333E-5	5.790716E+0
6.492494E+1	4.846667E-5	5.837416E+0
6.491794E+1	5.473333E-5	5.884115E+0
6.491094E+1	2.826667E-5	5.930814E+0
