-1.057501E+2	5.210000E-4	0.000000E+0
-1.057551E+2	-1.384444E-4	3.335666E-2
-1.057601E+2	1.044444E-4	6.671332E-2
-1.057651E+2	6.622222E-5	1.000700E-1
-1.057701E+2	-8.166667E-5	1.334266E-1
-1.057751E+2	3.500000E-5	1.667833E-1
-1.057801E+2	-1.855556E-4	2.001400E-1
-1.057851E+2	-1.196667E-4	2.334966E-1
-1.057901E+2	-1.110000E-4	2.668533E-1
-1.057951E+2	1.123333E-4	3.002099E-1
-1.058001E+2	3.277778E-5	3.335666E-1
-1.058051E+2	3.251111E-4	3.669233E-1
-1.058101E+2	-1.682222E-4	4.002799E-1
-1.058151E+2	9.777777E-5	4.336366E-1
-1.058201E+2	3.867778E-4	4.669932E-1
-1.058251E+2	4.541111E-4	5.003499E-1
-1.058301E+2	2.342222E-4	5.337065E-1
-1.058351E+2	1.215556E-4	5.670632E-1
-1.058401E+2	-5.377778E-5	6.004199E-1
-1.058451E+2	-8.933333E-5	6.337765E-1
-1.058501E+2	-2.877778E-5	6.671332E-1
-1.058551E+2	-3.296667E-4	7.004899E-1
-1.058601E+2	2.780000E-4	7.338465E-1
-1.058651E+2	1.857778E-4	7.672032E-1
-1.058701E+2	2.791111E-4	8.005599E-1
-1.058751E+2	8.355555E-5	8.339165E-1
-1.058801E+2	1.548889E-4	8.672732E-1
-1.058851E+2	2.167778E-4	9.006298E-1
-1.058901E+2	-2.285556E-4	9.339865E-1
-1.058951E+2	4.981111E-4	9.673432E-1
-1.059001E+2	-1.195556E-4	1.000700E+0
-1.059051E+2	1.544444E-4	1.034056E+0
-1.059101E+2	-3.333333E-6	1.067413E+0
-1.059151E+2	4.975555E-4	1.100770E+0
-1.059201E+2	1.187778E-4	1.134126E+0
-1.059251E+2	1.581111E-4	1.167483E+0
-1.059301E+2	3.177778E-4	1.200840E+0
-1.059351E+2	2.086667E-4	1.234196E+0
-1.059401E+2	2.884445E-4	1.267553E+0
-1.059451E+2	1.437778E-4	1.300910E+0
-1.059501E+2	-5.470000E-4	1.334266E+0
-1.059551E+2	1.662222E-4	1.367623E+0
-1.059601E+2	5.144444E-5	1.400980E+0
-1.059651E+2	-1.666667E-6	1.434336E+0
-1.059701E+2	-3.200000E-5	1.467693E+0
-1.059751E+2	2.288889E-4	1.501050E+0
-1.059801E+2	-3.134444E-4	1.534406E+0
-1.059851E+2	-4.333333E-5	1.567763E+0
-1.059901E+2	-4.627778E-4	1.601120E+0
-1.059951E+2	3.933333E-5	1.634476E+0
-1.060001E+2	1.915556E-4	1.667833E+0
-1.060051E+2	-3.555556E-5	1.701190E+0
-1.060101E+2	2.034444E-4	1.734546E+0
-1.060151E+2	-3.122222E-4	1.767903E+0
-1.060201E+2	-1.713333E-4	1.801260E+0
-1.060251E+2	-1.103333E-4	1.834616E+0
-1.060301E+2	1.647778E-4	1.867973E+0
-1.060351E+2	2.258889E-4	1.901330E+0
-1.060401E+2	-1.563333E-4	1.934686E+0
-1.060451E+2	8.244444E-5	1.968043E+0
-1.060501E+2	3.868889E-4	2.001400E+0
-1.060551E+2	1.587778E-4	2.034756E+0
-1.060601E+2	1.962222E-4	2.068113E+0
-1.060651E+2	-1.366667E-4	2.101470E+0
-1.060701E+2	1.311111E-4	2.134826E+0
-1.060751E+2	4.944445E-4	2.168183E+0
-1.060801E+2	6.228889E-4	2.201540E+0
-1.060851E+2	7.756667E-4	2.234896E+0
-1.060901E+2	1.032889E-3	2.268253E+0
-1.060951E+2	1.181556E-3	2.301610E+0
-1.061001E+2	1.602778E-3	2.334966E+0
-1.061051E+2	2.633444E-3	2.368323E+0
-1.061101E+2	2.794222E-3	2.401680E+0
-1.061151E+2	3.139444E-3	2.435036E+0
-1.061201E+2	3.451889E-3	2.468393E+0
-1.061251E+2	2.796667E-3	2.501750E+0
-1.061301E+2	2.720556E-3	2.535106E+0
-1.061351E+2	2.858556E-3	2.568463E+0
-1.061401E+2	2.646444E-3	2.601820E+0
-1.061451E+2	2.757000E-3	2.635176E+0
-1.061501E+2	2.867555E-3	2.668533E+0
-1.061551E+2	1.982000E-3	2.701890E+0
-1.061601E+2	2.089333E-3	2.735246E+0
-1.061651E+2	2.252222E-3	2.768603E+0
-1.061701E+2	2.130778E-3	2.801960E+0
-1.061751E+2	2.374667E-3	2.835316E+0
-1.061801E+2	1.933889E-3	2.868673E+0
-1.061851E+2	2.130222E-3	2.902030E+0
-1.061901E+2	1.880667E-3	2.935386E+0
-1.061951E+2	2.207667E-3	2.968743E+0
-1.062001E+2	1.785111E-3	3.002100E+0
-1.062051E+2	1.237889E-3	3.035456E+0
-1.062101E+2	1.659222E-3	3.068813E+0
-1.062151E+2	1.400000E-3	3.102170E+0
-1.062201E+2	1.387222E-3	3.135526E+0
-1.062251E+2	1.445444E-3	3.168883E+0
-1.062301E+2	1.589556E-3	3.202240E+0
-1.062351E+2	1.367444E-3	3.235596E+0
-1.062401E+2	1.561778E-3	3.268953E+0
-1.062451E+2	1.151111E-3	3.302310E+0
-1.062501E+2	1.456111E-3	3.335666E+0
-1.062551E+2	1.316111E-3	3.369023E+0
-1.062601E+2	8.404445E-4	3.402380E+0
-1.062651E+2	1.154556E-3	3.435736E+0
-1.062701E+2	7.373333E-4	3.469093E+0
-1.062751E+2	1.073889E-3	3.502449E+0
-1.062801E+2	8.817778E-4	3.535806E+0
-1.062851E+2	7.481111E-4	3.569163E+0
-1.062901E+2	1.115444E-3	3.602519E+0
-1.062951E+2	6.583334E-4	3.635876E+0
-1.063001E+2	1.246667E-3	3.669233E+0
-1.063051E+2	6.944445E-4	3.702589E+0
-1.063101E+2	9.503333E-4	3.735946E+0
-1.063151E+2	9.916667E-4	3.769303E+0
-1.063201E+2	9.350000E-4	3.802659E+0
-1.063251E+2	5.614444E-4	3.836016E+0
-1.063301E+2	8.711111E-4	3.869373E+0
-1.063351E+2	8.501111E-4	3.902729E+0
-1.063401E+2	9.035555E-4	3.936086E+0
-1.063451E+2	5.064444E-4	3.969443E+0
-1.063501E+2	9.493333E-4	4.002800E+0
-1.063551E+2	1.135889E-3	4.036156E+0
-1.063601E+2	8.050000E-4	4.069513E+0
-1.063651E+2	8.801111E-4	4.102870E+0
-1.063701E+2	7.010000E-4	4.136226E+0
-1.063751E+2	1.078333E-3	4.169582E+0
-1.063801E+2	7.553333E-4	4.202939E+0
-1.063851E+2	1.140889E-3	4.236296E+0
-1.063901E+2	5.334445E-4	4.269652E+0
-1.063951E+2	6.854445E-4	4.303009E+0
-1.064001E+2	7.840000E-4	4.336366E+0
-1.064051E+2	9.101111E-4	4.369722E+0
-1.064101E+2	7.486666E-4	4.403079E+0
-1.064151E+2	7.806667E-4	4.436436E+0
-1.064201E+2	3.384445E-4	4.469792E+0
-1.064251E+2	5.997778E-4	4.503149E+0
-1.064301E+2	6.794445E-4	4.536506E+0
-1.064351E+2	3.435556E-4	4.569862E+0
-1.064401E+2	6.414445E-4	4.603219E+0
-1.064451E+2	5.187778E-4	4.636576E+0
-1.064501E+2	7.622222E-4	4.669932E+0
-1.064551E+2	1.215111E-3	4.703289E+0
-1.064601E+2	7.282223E-4	4.736646E+0
-1.064651E+2	6.912222E-4	4.770002E+0
-1.064701E+2	2.266667E-4	4.803359E+0
-1.064751E+2	9.680000E-4	4.836716E+0
-1.064801E+2	5.023333E-4	4.870072E+0
-1.064851E+2	6.580000E-4	4.903429E+0
-1.064901E+2	6.717778E-4	4.936786E+0
-1.064951E+2	2.827778E-4	4.970142E+0
-1.065001E+2	5.055555E-4	5.003499E+0
-1.065051E+2	3.912222E-4	5.036856E+0
-1.065101E+2	9.372222E-4	5.070212E+0
-1.065151E+2	2.160000E-4	5.103569E+0
-1.065201E+2	3.887778E-4	5.136926E+0
-1.065251E+2	4.026667E-4	5.170282E+0
-1.065301E+2	4.061111E-4	5.203639E+0
-1.065351E+2	1.428889E-4	5.236996E+0
-1.065401E+2	4.677778E-5	5.270352E+0
-1.065451E+2	4.127778E-4	5.303709E+0
-1.065501E+2	2.940000E-4	5.337066E+0
-1.065551E+2	6.222222E-6	5.370422E+0
-1.065601E+2	1.101111E-4	5.403779E+0
-1.065651E+2	4.205556E-4	5.437136E+0
-1.065701E+2	4.526667E-4	5.470492E+0
-1.065751E+2	4.038889E-4	5.503849E+0
-1.065801E+2	3.394444E-4	5.537206E+0
-1.065851E+2	3.356667E-4	5.570562E+0
-1.065901E+2	-1.233333E-5	5.603919E+0
-1.065951E+2	6.521111E-4	5.637276E+0
-1.066001E+2	8.270000E-4	5.670632E+0
-1.066051E+2	8.000000E-4	5.703989E+0
-1.066101E+2	3.743333E-4	5.737346E+0
-1.066151E+2	2.063333E-4	5.770702E+0
-1.066201E+2	5.226667E-4	5.804059E+0
-1.066251E+2	3.114445E-4	5.837416E+0
-1.066301E+2	5.070000E-4	5.870772E+0
-1.066351E+2	6.362222E-4	5.904129E+0
-1.066401E+2	9.655556E-5	5.937486E+0
-1.066451E+2	5.817778E-4	5.970842E+0
-1.066501E+2	4.512222E-4	6.004199E+0
-1.066551E+2	4.852222E-4	6.037556E+0
-1.066601E+2	6.575555E-4	6.070912E+0
-1.066651E+2	5.647778E-4	6.104269E+0
-1.066701E+2	7.748889E-4	6.137626E+0
-1.066751E+2	6.241111E-4	6.170982E+0
-1.066801E+2	5.832222E-4	6.204339E+0
-1.066851E+2	4.977778E-4	6.237696E+0
-1.066901E+2	1.220000E-4	6.271052E+0
-1.066951E+2	5.341111E-4	6.304409E+0
-1.067001E+2	4.376667E-4	6.337766E+0
-1.067051E+2	2.452222E-4	6.371122E+0
-1.067101E+2	2.536667E-4	6.404479E+0
-1.067151E+2	6.867778E-4	6.437836E+0
-1.067201E+2	4.546667E-4	6.471192E+0
-1.067251E+2	8.881111E-4	6.504549E+0
-1.067301E+2	3.701111E-4	6.537906E+0
-1.067351E+2	2.866667E-4	6.571262E+0
-1.067401E+2	5.041111E-4	6.604619E+0
-1.067451E+2	3.880000E-4	6.637976E+0
-1.067501E+2	3.022222E-4	6.671332E+0
-1.067551E+2	6.824444E-4	6.704689E+0
-1.067601E+2	2.470000E-4	6.738046E+0
-1.067651E+2	4.850000E-4	6.771402E+0
-1.067701E+2	3.143333E-4	6.804759E+0
-1.067751E+2	6.586667E-4	6.838116E+0
-1.067801E+2	4.033333E-4	6.871472E+0
-1.067851E+2	6.116666E-4	6.904829E+0
-1.067901E+2	2.985556E-4	6.938185E+0
-1.067951E+2	3.270000E-4	6.971542E+0
-1.068001E+2	5.362222E-4	7.004899E+0
-1.068051E+2	5.041111E-4	7.038255E+0
-1.068101E+2	4.442222E-4	7.071612E+0
-1.068151E+2	2.595556E-4	7.104969E+0
-1.068201E+2	1.272222E-4	7.138325E+0
-1.068251E+2	-2.581111E-4	7.171682E+0
-1.068301E+2	1.664444E-4	7.205039E+0
-1.068351E+2	5.872222E-4	7.238395E+0
-1.068401E+2	2.967778E-4	7.271752E+0
-1.068451E+2	2.212222E-4	7.305109E+0
-1.068501E+2	2.545555E-4	7.338465E+0
-1.068551E+2	4.075555E-4	7.371822E+0
-1.068601E+2	5.654445E-4	7.405179E+0
-1.068651E+2	8.161111E-4	7.438535E+0
-1.068701E+2	6.592222E-4	7.471892E+0
-1.068751E+2	2.287778E-4	7.505249E+0
-1.068801E+2	4.647778E-4	7.538605E+0
-1.068851E+2	2.637778E-4	7.571962E+0
-1.068901E+2	3.458889E-4	7.605319E+0
-1.068951E+2	2.584444E-4	7.638675E+0
-1.069001E+2	2.762222E-4	7.672032E+0
-1.069051E+2	4.662222E-4	7.705389E+0
-1.069101E+2	-7.577777E-5	7.738745E+0
-1.069151E+2	1.295556E-4	7.772102E+0
-1.069201E+2	2.247778E-4	7.805459E+0
-1.069251E+2	1.623333E-4	7.838815E+0
-1.069301E+2	4.778889E-4	7.872172E+0
-1.069351E+2	2.887778E-4	7.905529E+0
-1.069401E+2	-4.055555E-5	7.938885E+0
-1.069451E+2	3.547778E-4	7.972242E+0
-1.069501E+2	6.160000E-4	8.005599E+0
-1.069551E+2	-1.508889E-4	8.038956E+0
-1.069601E+2	-3.275556E-4	8.072312E+0
-1.069651E+2	3.148889E-4	8.105669E+0
-1.069701E+2	6.355555E-4	8.139026E+0
-1.069751E+2	-1.747778E-4	8.172382E+0
-1.069801E+2	3.066667E-4	8.205739E+0
-1.069851E+2	1.783333E-4	8.239095E+0
-1.069901E+2	1.957778E-4	8.272451E+0
-1.069951E+2	1.873333E-4	8.305808E+0
-1.070001E+2	3.325556E-4	8.339165E+0
-1.070051E+2	3.823333E-4	8.372521E+0
-1.070101E+2	5.951111E-4	8.405878E+0
-1.070151E+2	3.411111E-4	8.439235E+0
-1.070201E+2	6.575555E-4	8.472591E+0
-1.070251E+2	-1.728889E-4	8.505948E+0
