2.149999E+1	6.500000E-6	6.671332E-5
2.149999E+1	6.333333E-6	6.671332E-5
2.149498E+1	-4.566667E-6	3.349009E-2
2.148997E+1	1.010000E-5	6.691346E-2
2.148497E+1	6.366667E-6	1.002701E-1
2.147996E+1	-9.333334E-6	1.336935E-1
2.147500E+1	9.166667E-6	1.667833E-1
2.146999E+1	-1.426667E-5	2.002067E-1
2.146500E+1	-1.070000E-5	2.334966E-1
2.145997E+1	-1.666667E-6	2.670534E-1
2.145498E+1	1.280000E-5	3.003434E-1
2.144999E+1	-5.666667E-6	3.336333E-1
2.144500E+1	2.666667E-6	3.669233E-1
2.143999E+1	-2.466667E-6	4.003466E-1
2.143500E+1	5.933333E-6	4.336366E-1
2.142999E+1	5.266666E-6	4.670600E-1
2.142500E+1	-3.866667E-6	5.003499E-1
2.141999E+1	-5.000000E-7	5.337733E-1
2.141500E+1	1.066667E-6	5.670632E-1
2.140999E+1	1.310000E-5	6.004866E-1
2.140500E+1	7.333334E-6	6.337765E-1
2.139999E+1	7.666667E-7	6.671999E-1
2.139498E+1	-6.666667E-8	7.006233E-1
2.138997E+1	1.580000E-5	7.340467E-1
2.138498E+1	2.000000E-7	7.673366E-1
2.137999E+1	2.066667E-5	8.006266E-1
2.137498E+1	1.143333E-5	8.340499E-1
2.136997E+1	4.566667E-6	8.674733E-1
2.136500E+1	1.326667E-5	9.006298E-1
2.135997E+1	4.400000E-6	9.341866E-1
2.135496E+1	1.220000E-5	9.676100E-1
2.134997E+1	-2.400000E-6	1.000900E+0
2.134500E+1	2.333333E-6	1.034056E+0
2.133997E+1	4.400000E-6	1.067613E+0
2.133500E+1	2.500000E-6	1.100770E+0
2.132999E+1	-2.766667E-6	1.134193E+0
2.132500E+1	2.110000E-5	1.167483E+0
2.131997E+1	7.500000E-6	1.201040E+0
2.131496E+1	1.860000E-5	1.234463E+0
2.130999E+1	-6.733334E-6	1.267620E+0
2.130500E+1	2.526667E-5	1.300910E+0
2.129999E+1	9.733333E-6	1.334333E+0
2.129496E+1	2.880000E-5	1.367890E+0
2.128999E+1	9.000000E-7	1.401047E+0
2.128498E+1	-6.066667E-6	1.434470E+0
2.127999E+1	3.133333E-6	1.467760E+0
2.127496E+1	7.233333E-6	1.501317E+0
2.126999E+1	1.426667E-5	1.534473E+0
2.126498E+1	3.800000E-6	1.567896E+0
2.125997E+1	-1.010000E-5	1.601320E+0
2.125500E+1	-2.666667E-6	1.634476E+0
2.124999E+1	1.160000E-5	1.667900E+0
2.124496E+1	-1.600000E-6	1.701457E+0
2.123999E+1	1.453333E-5	1.734613E+0
2.123498E+1	5.166667E-6	1.768036E+0
2.122999E+1	-6.400000E-6	1.801326E+0
2.122500E+1	-7.266667E-6	1.834616E+0
2.121999E+1	-3.533333E-6	1.868040E+0
2.121500E+1	1.046667E-5	1.901330E+0
2.120999E+1	7.300000E-6	1.934753E+0
2.120500E+1	1.703333E-5	1.968043E+0
2.119999E+1	-1.206667E-5	2.001466E+0
2.119498E+1	-4.400000E-6	2.034890E+0
2.118993E+1	-5.000000E-7	2.068580E+0
2.118496E+1	7.566667E-6	2.101737E+0
2.117999E+1	3.433333E-6	2.134893E+0
2.117500E+1	-4.666667E-6	2.168183E+0
2.116999E+1	5.366667E-6	2.201606E+0
2.116498E+1	-9.066666E-6	2.235030E+0
2.115999E+1	-1.463333E-5	2.268320E+0
2.115500E+1	-1.573333E-5	2.301610E+0
2.114997E+1	-9.900000E-6	2.335166E+0
2.114498E+1	-1.203333E-5	2.368456E+0
2.113993E+1	-1.190000E-5	2.402147E+0
2.113496E+1	-7.033334E-6	2.435303E+0
2.112999E+1	-1.366667E-5	2.468460E+0
2.112499E+1	1.400000E-6	2.501816E+0
2.111997E+1	-9.400000E-6	2.535306E+0
2.111498E+1	4.366667E-6	2.568596E+0
2.110999E+1	2.110000E-5	2.601886E+0
2.110499E+1	3.353333E-5	2.635243E+0
2.109997E+1	4.696667E-5	2.668733E+0
2.109499E+1	4.820000E-5	2.701956E+0
2.108999E+1	5.463333E-5	2.735313E+0
2.108498E+1	3.960000E-5	2.768736E+0
2.107997E+1	3.133333E-5	2.802160E+0
2.107499E+1	1.640000E-5	2.835383E+0
2.106999E+1	1.616667E-5	2.868740E+0
2.106498E+1	-1.600000E-6	2.902163E+0
2.105997E+1	-7.533333E-6	2.935586E+0
2.105499E+1	6.900000E-6	2.968810E+0
2.104998E+1	-1.853333E-5	3.002233E+0
2.104498E+1	-6.400000E-6	3.035589E+0
2.103997E+1	-4.466667E-6	3.069013E+0
2.103499E+1	-1.556667E-5	3.102236E+0
2.102997E+1	-1.606667E-5	3.135726E+0
2.102498E+1	-5.933333E-6	3.169016E+0
2.101997E+1	-1.500000E-6	3.202440E+0
2.101499E+1	5.266666E-6	3.235663E+0
2.100998E+1	9.233333E-6	3.269086E+0
2.100496E+1	8.166667E-6	3.302576E+0
2.099997E+1	-1.473333E-5	3.335866E+0
2.099498E+1	-3.366667E-6	3.369156E+0
2.098998E+1	8.500000E-6	3.402513E+0
2.098497E+1	-8.266667E-6	3.435936E+0
2.097998E+1	1.350000E-5	3.469226E+0
2.097497E+1	1.383333E-5	3.502650E+0
2.096998E+1	5.533333E-6	3.535939E+0
2.096497E+1	4.666667E-7	3.569363E+0
2.095998E+1	1.043333E-5	3.602653E+0
2.095499E+1	1.700000E-5	3.635943E+0
2.094998E+1	1.123333E-5	3.669366E+0
2.094497E+1	1.200000E-5	3.702790E+0
2.093998E+1	1.476667E-5	3.736079E+0
2.093497E+1	4.333333E-6	3.769503E+0
2.092998E+1	6.566667E-6	3.802793E+0
2.092499E+1	-1.100000E-5	3.836083E+0
2.092000E+1	9.733333E-6	3.869373E+0
2.091496E+1	-1.800000E-5	3.902996E+0
2.090996E+1	-3.233333E-6	3.936353E+0
2.090499E+1	1.866667E-6	3.969509E+0
2.089998E+1	1.100000E-5	4.002933E+0
2.089497E+1	-3.600000E-6	4.036356E+0
2.088998E+1	8.633333E-6	4.069646E+0
2.088499E+1	4.533333E-6	4.102936E+0
2.088000E+1	-1.033333E-6	4.136226E+0
2.087499E+1	-4.000000E-6	4.169649E+0
2.086998E+1	2.340000E-5	4.203073E+0
2.086499E+1	-3.833333E-6	4.236362E+0
2.085998E+1	7.666667E-6	4.269786E+0
