2.150001E+1	-7.000000E-7	-6.671332E-5
2.149999E+1	5.000000E-6	6.671332E-5
2.149498E+1	1.940000E-5	3.349009E-2
2.148997E+1	3.000000E-7	6.691346E-2
2.148498E+1	-8.500000E-6	1.002034E-1
2.147997E+1	-5.000000E-6	1.336268E-1
2.147500E+1	-5.000000E-7	1.667833E-1
2.146999E+1	-8.600000E-6	2.002067E-1
2.146500E+1	1.330000E-5	2.334966E-1
2.145994E+1	-1.080000E-5	2.672536E-1
2.145498E+1	2.470000E-5	3.003434E-1
2.144992E+1	2.980000E-5	3.341003E-1
2.144500E+1	-1.720000E-5	3.669233E-1
2.143997E+1	-2.300000E-6	4.004801E-1
2.143498E+1	-9.700000E-6	4.337700E-1
2.142997E+1	5.700000E-6	4.671934E-1
2.142498E+1	1.320000E-5	5.004833E-1
2.141999E+1	1.830000E-5	5.337733E-1
2.141500E+1	2.100000E-6	5.670632E-1
2.140997E+1	-9.500000E-6	6.006200E-1
2.140500E+1	1.500000E-5	6.337765E-1
2.139997E+1	1.460000E-5	6.673334E-1
2.139500E+1	6.800000E-6	7.004899E-1
2.138997E+1	1.630000E-5	7.340467E-1
2.138498E+1	6.400000E-6	7.673366E-1
2.137999E+1	-7.000000E-6	8.006266E-1
2.137500E+1	1.470000E-5	8.339165E-1
2.136999E+1	-9.000000E-7	8.673399E-1
2.136498E+1	4.900000E-6	9.007633E-1
2.135997E+1	5.000000E-6	9.341866E-1
2.135500E+1	1.730000E-5	9.673432E-1
2.134999E+1	-1.870000E-5	1.000767E+0
2.134500E+1	2.300000E-5	1.034056E+0
2.133997E+1	-1.590000E-5	1.067613E+0
2.133500E+1	1.470000E-5	1.100770E+0
2.132997E+1	1.060000E-5	1.134327E+0
2.132500E+1	1.200000E-6	1.167483E+0
2.131999E+1	3.100000E-5	1.200907E+0
2.131500E+1	2.370000E-5	1.234196E+0
2.130999E+1	-5.000000E-7	1.267620E+0
2.130500E+1	1.950000E-5	1.300910E+0
2.129997E+1	1.390000E-5	1.334467E+0
2.129498E+1	3.220000E-5	1.367756E+0
2.128997E+1	-5.600000E-6	1.401180E+0
2.128500E+1	4.140000E-5	1.434336E+0
2.127997E+1	3.880000E-5	1.467893E+0
2.127498E+1	4.010000E-5	1.501183E+0
2.126997E+1	4.900000E-5	1.534607E+0
2.126500E+1	4.750000E-5	1.567763E+0
2.125997E+1	7.090000E-5	1.601320E+0
2.125498E+1	7.790000E-5	1.634610E+0
2.124999E+1	1.045000E-4	1.667900E+0
2.124498E+1	1.260000E-4	1.701323E+0
2.123999E+1	1.829000E-4	1.734613E+0
2.123500E+1	1.738000E-4	1.767903E+0
2.122997E+1	2.563000E-4	1.801460E+0
2.122500E+1	3.147000E-4	1.834616E+0
2.121999E+1	3.686000E-4	1.868040E+0
2.121500E+1	4.603000E-4	1.901330E+0
2.120999E+1	5.307000E-4	1.934753E+0
2.120498E+1	6.251000E-4	1.968176E+0
2.119999E+1	7.210000E-4	2.001466E+0
2.119498E+1	7.872000E-4	2.034890E+0
2.118997E+1	8.694000E-4	2.068313E+0
2.118500E+1	9.401000E-4	2.101470E+0
2.117997E+1	9.929000E-4	2.135026E+0
2.117500E+1	1.020600E-3	2.168183E+0
2.116999E+1	1.022900E-3	2.201606E+0
2.116498E+1	1.003300E-3	2.235030E+0
2.115999E+1	9.024000E-4	2.268320E+0
2.115500E+1	7.887000E-4	2.301610E+0
2.114997E+1	6.563000E-4	2.335166E+0
2.114498E+1	4.704000E-4	2.368456E+0
2.113999E+1	2.283000E-4	2.401746E+0
2.113498E+1	-9.300000E-6	2.435170E+0
2.112999E+1	-2.477000E-4	2.468460E+0
2.112499E+1	-4.677000E-4	2.501816E+0
2.111999E+1	-6.577000E-4	2.535173E+0
2.111499E+1	-8.369000E-4	2.568530E+0
2.110997E+1	-9.940000E-4	2.602020E+0
2.110499E+1	-1.163700E-3	2.635243E+0
2.109997E+1	-1.317500E-3	2.668733E+0
2.109499E+1	-1.506300E-3	2.701956E+0
2.108999E+1	-1.668000E-3	2.735313E+0
2.108499E+1	-1.753900E-3	2.768670E+0
2.107999E+1	-1.827200E-3	2.802026E+0
2.107499E+1	-1.873400E-3	2.835383E+0
2.106999E+1	-1.865300E-3	2.868740E+0
2.106499E+1	-1.806800E-3	2.902096E+0
2.105998E+1	-1.723500E-3	2.935519E+0
2.105499E+1	-1.613100E-3	2.968810E+0
2.104995E+1	-1.497100E-3	3.002433E+0
2.104499E+1	-1.400100E-3	3.035523E+0
2.103998E+1	-1.288800E-3	3.068946E+0
2.103499E+1	-1.153000E-3	3.102236E+0
2.102997E+1	-1.000100E-3	3.135726E+0
2.102492E+1	-8.041000E-4	3.169416E+0
2.101998E+1	-6.061000E-4	3.202373E+0
2.101499E+1	-3.570000E-4	3.235663E+0
2.100998E+1	-1.093000E-4	3.269086E+0
2.100498E+1	1.314000E-4	3.302443E+0
2.099998E+1	3.039000E-4	3.335799E+0
2.099499E+1	4.808000E-4	3.369089E+0
2.098993E+1	6.107000E-4	3.402846E+0
2.098497E+1	7.267000E-4	3.435936E+0
2.097997E+1	7.978000E-4	3.469293E+0
2.097499E+1	8.861000E-4	3.502516E+0
2.096997E+1	8.995000E-4	3.536006E+0
2.096499E+1	9.453000E-4	3.569229E+0
2.095997E+1	9.107000E-4	3.602720E+0
2.095496E+1	8.544000E-4	3.636143E+0
2.094997E+1	8.155000E-4	3.669433E+0
2.094497E+1	7.297000E-4	3.702790E+0
2.093998E+1	6.663000E-4	3.736079E+0
2.093497E+1	5.881000E-4	3.769503E+0
2.093000E+1	4.934000E-4	3.802659E+0
2.092499E+1	4.381000E-4	3.836083E+0
2.092000E+1	3.847000E-4	3.869373E+0
2.091496E+1	3.356000E-4	3.902996E+0
2.091000E+1	2.692000E-4	3.936086E+0
2.090499E+1	2.319000E-4	3.969509E+0
2.090000E+1	2.069000E-4	4.002800E+0
2.089499E+1	1.872000E-4	4.036222E+0
2.088998E+1	1.870000E-4	4.069646E+0
2.088499E+1	1.392000E-4	4.102936E+0
2.087998E+1	1.257000E-4	4.136359E+0
2.087497E+1	1.055000E-4	4.169783E+0
2.087000E+1	8.540000E-5	4.202939E+0
2.086497E+1	7.630000E-5	4.236496E+0
2.085998E+1	5.860000E-5	4.269786E+0
2.085499E+1	6.010000E-5	4.303076E+0
2.085000E+1	5.840000E-5	4.336366E+0
2.084499E+1	5.590000E-5	4.369789E+0
2.084000E+1	6.290000E-5	4.403079E+0
2.083497E+1	5.460000E-5	4.436636E+0
2.083000E+1	4.850000E-5	4.469792E+0
2.082497E+1	5.300000E-5	4.503349E+0
2.082000E+1	5.850000E-5	4.536506E+0
2.081499E+1	5.280000E-5	4.569929E+0
2.081000E+1	6.220000E-5	4.603219E+0
2.080499E+1	6.670000E-5	4.636642E+0
2.080000E+1	4.180000E-5	4.669932E+0
2.079497E+1	4.740000E-5	4.703489E+0
2.078998E+1	4.010000E-5	4.736779E+0
2.078499E+1	4.730000E-5	4.770069E+0
2.078000E+1	3.530000E-5	4.803359E+0
2.077497E+1	2.040000E-5	4.836916E+0
2.077000E+1	-1.000000E-7	4.870072E+0
2.076497E+1	-3.000000E-7	4.903629E+0
2.075998E+1	2.700000E-6	4.936919E+0
2.075499E+1	1.420000E-5	4.970209E+0
2.075000E+1	-3.000000E-7	5.003499E+0
2.074497E+1	1.480000E-5	5.037056E+0
2.073998E+1	6.700000E-6	5.070346E+0
2.073499E+1	4.400000E-6	5.103636E+0
2.073000E+1	1.310000E-5	5.136926E+0
2.072499E+1	9.200000E-6	5.170349E+0
2.071998E+1	1.380000E-5	5.203773E+0
2.071499E+1	4.400000E-6	5.237062E+0
2.071000E+1	4.500000E-6	5.270352E+0
2.070499E+1	2.730000E-5	5.303776E+0
2.069996E+1	1.800000E-5	5.337333E+0
2.069499E+1	2.460000E-5	5.370489E+0
2.068998E+1	2.090000E-5	5.403913E+0
2.068499E+1	1.030000E-5	5.437202E+0
2.067998E+1	2.100000E-6	5.470626E+0
2.067499E+1	9.400000E-6	5.503916E+0
2.066996E+1	1.120000E-5	5.537473E+0
2.066493E+1	1.250000E-5	5.571029E+0
2.065998E+1	-5.000000E-7	5.604053E+0
2.065497E+1	3.500000E-6	5.637476E+0
2.064998E+1	1.010000E-5	5.670766E+0
2.064499E+1	-1.020000E-5	5.704056E+0
2.063998E+1	-1.180000E-5	5.737479E+0
2.063499E+1	-1.560000E-5	5.770769E+0
2.062998E+1	-2.750000E-5	5.804193E+0
2.062499E+1	-1.670000E-5	5.837482E+0
2.062000E+1	-3.040000E-5	5.870772E+0
2.061497E+1	-4.460000E-5	5.904329E+0
2.061000E+1	-2.460000E-5	5.937486E+0
2.060499E+1	-2.430000E-5	5.970909E+0
2.059998E+1	-1.000000E-6	6.004333E+0
2.059497E+1	2.490000E-5	6.037756E+0
2.059000E+1	9.400000E-6	6.070912E+0
2.058499E+1	1.940000E-5	6.104336E+0
2.057998E+1	1.500000E-5	6.137759E+0
2.057499E+1	4.000000E-7	6.171049E+0
2.056998E+1	1.710000E-5	6.204473E+0
2.056497E+1	1.000000E-6	6.237895E+0
2.055998E+1	1.700000E-6	6.271186E+0
2.055499E+1	-9.500000E-6	6.304476E+0
2.054999E+1	-9.600000E-6	6.337832E+0
2.054495E+1	-2.600000E-6	6.371456E+0
2.053999E+1	8.900000E-6	6.404546E+0
2.053497E+1	-1.630000E-5	6.438035E+0
2.052999E+1	6.100000E-6	6.471259E+0
2.052499E+1	2.280000E-5	6.504616E+0
2.051999E+1	1.710000E-5	6.537972E+0
2.051497E+1	3.150000E-5	6.571462E+0
2.050999E+1	1.250000E-5	6.604685E+0
2.050498E+1	5.000000E-7	6.638109E+0
2.049999E+1	1.980000E-5	6.671399E+0
2.049497E+1	2.490000E-5	6.704889E+0
2.048998E+1	1.530000E-5	6.738179E+0
2.048497E+1	1.800000E-6	6.771602E+0
2.047999E+1	1.300000E-6	6.804825E+0
2.047498E+1	-1.600000E-6	6.838249E+0
2.046998E+1	-7.700000E-6	6.871605E+0
2.046498E+1	-1.100000E-5	6.904962E+0
2.045998E+1	-1.900000E-6	6.938319E+0
2.045498E+1	2.400000E-6	6.971675E+0
2.044998E+1	1.900000E-6	7.005032E+0
2.044498E+1	-8.000000E-6	7.038389E+0
2.043997E+1	5.300000E-6	7.071812E+0
2.043498E+1	2.000000E-5	7.105102E+0
2.042999E+1	1.060000E-5	7.138392E+0
2.042495E+1	6.300000E-6	7.172016E+0
2.041997E+1	-5.600000E-6	7.205239E+0
2.041497E+1	-5.200000E-6	7.238595E+0
2.040997E+1	-9.800000E-6	7.271952E+0
2.040497E+1	-7.200000E-6	7.305309E+0
2.039999E+1	-1.980000E-5	7.338532E+0
2.039500E+1	-1.960000E-5	7.371822E+0
2.038997E+1	7.600000E-6	7.405379E+0
2.038497E+1	-1.490000E-5	7.438735E+0
2.037999E+1	-1.090000E-5	7.471959E+0
2.037500E+1	-4.200000E-6	7.505249E+0
2.036997E+1	-1.650000E-5	7.538805E+0
2.036498E+1	-9.200000E-6	7.572095E+0
2.035997E+1	-1.550000E-5	7.605519E+0
2.035496E+1	-1.840000E-5	7.638942E+0
2.034999E+1	5.000000E-6	7.672099E+0
2.034498E+1	-4.700000E-6	7.705522E+0
2.033999E+1	1.730000E-5	7.738812E+0
2.033500E+1	1.600000E-6	7.772102E+0
2.032997E+1	1.050000E-5	7.805659E+0
2.032498E+1	7.100000E-6	7.838949E+0
2.031996E+1	2.270000E-5	7.872439E+0
2.031500E+1	1.820000E-5	7.905529E+0
2.030999E+1	1.150000E-5	7.938952E+0
2.030500E+1	1.950000E-5	7.972242E+0
2.029997E+1	1.650000E-5	8.005798E+0
2.029500E+1	6.700000E-6	8.038956E+0
2.028999E+1	9.100000E-6	8.072378E+0
2.028495E+1	4.330000E-5	8.106002E+0
2.027999E+1	3.080000E-5	8.139091E+0
2.027500E+1	4.040000E-5	8.172382E+0
2.026999E+1	4.670000E-5	8.205805E+0
2.026498E+1	4.800000E-5	8.239228E+0
2.025994E+1	5.170000E-5	8.272852E+0
2.025500E+1	1.640000E-5	8.305808E+0
2.024999E+1	2.220000E-5	8.339231E+0
2.024500E+1	2.880000E-5	8.372521E+0
2.023997E+1	3.510000E-5	8.406078E+0
2.023498E+1	3.340000E-5	8.439368E+0
2.022997E+1	2.780000E-5	8.472792E+0
2.022498E+1	9.900000E-6	8.506082E+0
2.021997E+1	1.700000E-6	8.539505E+0
2.021500E+1	3.700000E-6	8.572661E+0
2.020999E+1	-8.700000E-6	8.606085E+0
2.020498E+1	-3.120000E-5	8.639508E+0
2.019995E+1	-1.790000E-5	8.673065E+0
2.019500E+1	-2.840000E-5	8.706088E+0
2.018997E+1	-9.400000E-6	8.739645E+0
2.018500E+1	-1.170000E-5	8.772801E+0
2.017997E+1	-7.300000E-6	8.806358E+0
2.017498E+1	-1.010000E-5	8.839648E+0
2.016999E+1	8.900000E-6	8.872938E+0
2.016500E+1	-2.420000E-5	8.906228E+0
2.015999E+1	9.000000E-7	8.939651E+0
2.015500E+1	-3.350000E-5	8.972941E+0
2.014999E+1	-1.740000E-5	9.006365E+0
2.014500E+1	-2.690000E-5	9.039655E+0
2.013997E+1	-5.900000E-6	9.073212E+0
2.013500E+1	-3.130000E-5	9.106368E+0
2.012999E+1	-1.440000E-5	9.139791E+0
2.012500E+1	-1.850000E-5	9.173081E+0
2.011997E+1	-9.600000E-6	9.206638E+0
2.011498E+1	5.500000E-6	9.239928E+0
2.010999E+1	-5.100000E-6	9.273218E+0
2.010500E+1	-6.400000E-6	9.306508E+0
2.009997E+1	-1.160000E-5	9.340065E+0
2.009498E+1	-1.770000E-5	9.373355E+0
2.008997E+1	-3.370000E-5	9.406778E+0
2.008500E+1	-6.300000E-6	9.439935E+0
2.007997E+1	-2.700000E-5	9.473492E+0
2.007498E+1	-1.230000E-5	9.506782E+0
2.006999E+1	-2.330000E-5	9.540071E+0
2.006500E+1	-1.720000E-5	9.573361E+0
2.005997E+1	-2.220000E-5	9.606918E+0
2.005500E+1	-2.530000E-5	9.640075E+0
2.004997E+1	-2.490000E-5	9.673632E+0
2.004498E+1	-4.040000E-5	9.706922E+0
2.003997E+1	-4.610000E-5	9.740345E+0
2.003500E+1	-7.010000E-5	9.773501E+0
2.002999E+1	-9.240000E-5	9.806925E+0
2.002499E+1	-1.053000E-4	9.840281E+0
2.001997E+1	-1.296000E-4	9.873772E+0
2.001499E+1	-1.550000E-4	9.906995E+0
2.000999E+1	-2.092000E-4	9.940351E+0
2.000499E+1	-2.474000E-4	9.973708E+0
1.999999E+1	-2.629000E-4	1.000706E+1
1.999498E+1	-3.171000E-4	1.004049E+1
1.998999E+1	-3.638000E-4	1.007378E+1
1.998498E+1	-4.315000E-4	1.010720E+1
1.997999E+1	-4.626000E-4	1.014049E+1
1.997499E+1	-5.381000E-4	1.017385E+1
1.996995E+1	-5.675000E-4	1.020747E+1
1.996498E+1	-6.157000E-4	1.024063E+1
1.995995E+1	-6.311000E-4	1.027419E+1
1.995498E+1	-6.170000E-4	1.030734E+1
1.994997E+1	-5.963000E-4	1.034076E+1
1.994498E+1	-5.716000E-4	1.037405E+1
1.993997E+1	-5.473000E-4	1.040748E+1
1.993499E+1	-4.667000E-4	1.044070E+1
1.992997E+1	-3.591000E-4	1.047419E+1
1.992498E+1	-2.416000E-4	1.050748E+1
1.991998E+1	-7.650000E-5	1.054084E+1
1.991498E+1	1.569000E-4	1.057419E+1
1.990998E+1	3.795000E-4	1.060755E+1
1.990498E+1	6.070000E-4	1.064091E+1
1.989997E+1	8.187000E-4	1.067433E+1
1.989498E+1	1.061100E-3	1.070762E+1
1.988997E+1	1.221700E-3	1.074104E+1
1.988497E+1	1.318800E-3	1.077440E+1
1.987998E+1	1.387500E-3	1.080769E+1
1.987497E+1	1.419700E-3	1.084111E+1
1.986998E+1	1.414100E-3	1.087440E+1
1.986499E+1	1.380100E-3	1.090769E+1
1.985997E+1	1.323000E-3	1.094118E+1
1.985499E+1	1.256000E-3	1.097441E+1
1.985000E+1	1.195400E-3	1.100770E+1
1.984499E+1	1.129400E-3	1.104112E+1
1.984000E+1	1.059400E-3	1.107441E+1
1.983499E+1	9.477000E-4	1.110783E+1
1.982998E+1	8.032000E-4	1.114126E+1
1.982496E+1	6.581000E-4	1.117475E+1
1.981998E+1	4.791000E-4	1.120797E+1
1.981497E+1	2.201000E-4	1.124139E+1
1.980998E+1	-6.920000E-5	1.127468E+1
1.980499E+1	-3.548000E-4	1.130797E+1
1.980000E+1	-5.967000E-4	1.134126E+1
1.979499E+1	-8.197000E-4	1.137469E+1
1.979000E+1	-9.363000E-4	1.140798E+1
1.978496E+1	-9.874000E-4	1.144160E+1
1.977998E+1	-9.969000E-4	1.147482E+1
1.977499E+1	-9.266000E-4	1.150811E+1
1.977000E+1	-8.121000E-4	1.154140E+1
1.976497E+1	-6.860000E-4	1.157496E+1
1.975998E+1	-5.362000E-4	1.160825E+1
1.975497E+1	-4.017000E-4	1.164167E+1
1.975000E+1	-2.844000E-4	1.167483E+1
1.974499E+1	-2.189000E-4	1.170825E+1
1.973998E+1	-9.730000E-5	1.174168E+1
1.973499E+1	-5.160000E-5	1.177497E+1
1.972998E+1	-1.160000E-5	1.180839E+1
1.972499E+1	-2.060000E-5	1.184168E+1
1.971998E+1	4.900000E-6	1.187510E+1
1.971499E+1	9.800000E-6	1.190839E+1
1.971000E+1	-6.600000E-6	1.194168E+1
1.970499E+1	-2.890000E-5	1.197511E+1
1.970000E+1	-7.300000E-5	1.200840E+1
1.969499E+1	-1.231000E-4	1.204182E+1
1.968998E+1	-1.758000E-4	1.207524E+1
1.968497E+1	-2.552000E-4	1.210867E+1
1.968000E+1	-3.411000E-4	1.214182E+1
1.967499E+1	-3.615000E-4	1.217525E+1
1.966998E+1	-4.047000E-4	1.220867E+1
1.966497E+1	-3.490000E-4	1.224209E+1
1.965998E+1	-2.776000E-4	1.227538E+1
1.965497E+1	-1.731000E-4	1.230881E+1
1.964998E+1	-4.420000E-5	1.234210E+1
1.964497E+1	7.880000E-5	1.237552E+1
1.963996E+1	2.054000E-4	1.240895E+1
1.963499E+1	3.046000E-4	1.244210E+1
1.963000E+1	4.022000E-4	1.247539E+1
1.962499E+1	4.812000E-4	1.250881E+1
1.962000E+1	5.116000E-4	1.254210E+1
1.961497E+1	5.317000E-4	1.257566E+1
1.960998E+1	5.415000E-4	1.260895E+1
1.960495E+1	5.224000E-4	1.264251E+1
1.960000E+1	4.821000E-4	1.267553E+1
1.959499E+1	4.484000E-4	1.270895E+1
1.958998E+1	3.980000E-4	1.274238E+1
1.958492E+1	3.240000E-4	1.277613E+1
1.958000E+1	2.489000E-4	1.280896E+1
1.957499E+1	2.009000E-4	1.284238E+1
1.957000E+1	1.065000E-4	1.287567E+1
1.956497E+1	6.980000E-5	1.290923E+1
1.955994E+1	-9.600000E-6	1.294278E+1
1.955497E+1	-5.220000E-5	1.297594E+1
1.955000E+1	-1.053000E-4	1.300910E+1
1.954499E+1	-1.612000E-4	1.304252E+1
1.954000E+1	-2.032000E-4	1.307581E+1
1.953497E+1	-1.929000E-4	1.310937E+1
1.952998E+1	-2.101000E-4	1.314266E+1
1.952497E+1	-2.050000E-4	1.317608E+1
1.951998E+1	-2.653000E-4	1.320937E+1
1.951499E+1	-2.594000E-4	1.324266E+1
1.950998E+1	-2.992000E-4	1.327608E+1
1.950499E+1	-2.937000E-4	1.330937E+1
1.950000E+1	-3.048000E-4	1.334266E+1
1.949499E+1	-3.201000E-4	1.337609E+1
1.949000E+1	-3.046000E-4	1.340938E+1
1.948497E+1	-3.079000E-4	1.344293E+1
1.947998E+1	-2.682000E-4	1.347622E+1
1.947497E+1	-1.982000E-4	1.350965E+1
1.946999E+1	-1.636000E-4	1.354287E+1
1.946499E+1	-9.810000E-5	1.357623E+1
1.945999E+1	-3.700000E-5	1.360958E+1
1.945497E+1	1.460000E-5	1.364307E+1
1.944999E+1	4.170000E-5	1.367630E+1
1.944495E+1	6.560000E-5	1.370992E+1
1.943999E+1	4.830000E-5	1.374301E+1
1.943497E+1	8.710000E-5	1.377650E+1
1.942999E+1	6.720000E-5	1.380972E+1
1.942499E+1	7.040000E-5	1.384308E+1
1.941998E+1	5.550000E-5	1.387650E+1
1.941497E+1	9.520000E-5	1.390993E+1
1.940999E+1	7.650000E-5	1.394315E+1
1.940498E+1	6.200000E-5	1.397657E+1
1.939999E+1	5.310000E-5	1.400986E+1
1.939497E+1	6.100000E-5	1.404335E+1
1.938996E+1	4.100000E-5	1.407678E+1
1.938497E+1	4.810000E-5	1.411007E+1
1.937998E+1	4.160000E-5	1.414336E+1
1.937497E+1	5.200000E-6	1.417678E+1
1.936998E+1	3.500000E-6	1.421007E+1
1.936495E+1	-1.050000E-5	1.424363E+1
1.935998E+1	5.800000E-6	1.427678E+1
1.935495E+1	-2.760000E-5	1.431034E+1
1.934999E+1	-1.760000E-5	1.434343E+1
1.934498E+1	6.100000E-6	1.437685E+1
1.933999E+1	1.700000E-5	1.441014E+1
1.933497E+1	2.570000E-5	1.444363E+1
1.932994E+1	3.310000E-5	1.447719E+1
1.932497E+1	1.200000E-5	1.451035E+1
1.931997E+1	4.520000E-5	1.454370E+1
1.931498E+1	4.810000E-5	1.457699E+1
1.930999E+1	3.920000E-5	1.461028E+1
1.930498E+1	4.370000E-5	1.464371E+1
1.929999E+1	5.740000E-5	1.467700E+1
1.929500E+1	3.300000E-5	1.471029E+1
1.928999E+1	3.320000E-5	1.474371E+1
1.928500E+1	8.000000E-6	1.477700E+1
1.927997E+1	1.690000E-5	1.481056E+1
1.927500E+1	2.700000E-6	1.484371E+1
1.926997E+1	-3.000000E-6	1.487727E+1
1.926500E+1	2.500000E-6	1.491043E+1
1.925999E+1	1.700000E-6	1.494385E+1
1.925500E+1	3.330000E-5	1.497714E+1
1.924997E+1	4.100000E-6	1.501070E+1
1.924493E+1	1.170000E-5	1.504432E+1
1.923996E+1	-1.200000E-6	1.507748E+1
1.923496E+1	4.700000E-6	1.511083E+1
1.922999E+1	-9.800000E-6	1.514399E+1
1.922500E+1	2.600000E-6	1.517728E+1
1.921999E+1	6.600000E-6	1.521070E+1
1.921498E+1	-2.870000E-5	1.524413E+1
1.920999E+1	-2.860000E-5	1.527742E+1
1.920498E+1	-5.080000E-5	1.531084E+1
1.919999E+1	-4.440000E-5	1.534413E+1
1.919500E+1	-6.730000E-5	1.537742E+1
1.918999E+1	-2.350000E-5	1.541084E+1
1.918500E+1	-7.600000E-6	1.544413E+1
1.917999E+1	1.610000E-5	1.547756E+1
1.917498E+1	2.220000E-5	1.551098E+1
1.916999E+1	6.300000E-5	1.554427E+1
1.916500E+1	9.120000E-5	1.557756E+1
1.915999E+1	1.082000E-4	1.561098E+1
1.915498E+1	1.170000E-4	1.564441E+1
1.914997E+1	1.396000E-4	1.567783E+1
1.914500E+1	1.499000E-4	1.571099E+1
1.913999E+1	1.482000E-4	1.574441E+1
1.913500E+1	1.114000E-4	1.577770E+1
1.912999E+1	7.670000E-5	1.581112E+1
1.912500E+1	2.650000E-5	1.584441E+1
1.911999E+1	-1.600000E-5	1.587784E+1
1.911500E+1	-2.360000E-5	1.591113E+1
1.910997E+1	-5.480000E-5	1.594468E+1
1.910493E+1	-7.740000E-5	1.597831E+1
1.909999E+1	-1.191000E-4	1.601126E+1
1.909498E+1	-1.375000E-4	1.604469E+1
1.908997E+1	-1.277000E-4	1.607811E+1
1.908498E+1	-1.464000E-4	1.611140E+1
1.907999E+1	-1.649000E-4	1.614469E+1
1.907500E+1	-1.390000E-4	1.617798E+1
1.906997E+1	-1.389000E-4	1.621154E+1
1.906498E+1	-9.580000E-5	1.624483E+1
1.905997E+1	-9.650000E-5	1.627825E+1
1.905500E+1	-4.030000E-5	1.631141E+1
1.904997E+1	-3.790000E-5	1.634496E+1
1.904498E+1	-6.100000E-6	1.637825E+1
1.903999E+1	7.600000E-6	1.641154E+1
1.903496E+1	2.480000E-5	1.644510E+1
1.902997E+1	3.020000E-5	1.647839E+1
1.902500E+1	1.820000E-5	1.651155E+1
1.901997E+1	3.690000E-5	1.654510E+1
1.901498E+1	5.600000E-6	1.657839E+1
1.900999E+1	-9.000000E-7	1.661168E+1
1.900498E+1	-1.810000E-5	1.664511E+1
1.899999E+1	-1.000000E-5	1.667840E+1
1.899498E+1	-2.600000E-6	1.671182E+1
1.898995E+1	-1.180000E-5	1.674538E+1
1.898498E+1	2.300000E-5	1.677853E+1
1.897999E+1	-3.000000E-6	1.681182E+1
1.897496E+1	-8.600000E-6	1.684538E+1
1.896997E+1	1.900000E-6	1.687867E+1
1.896498E+1	-3.130000E-5	1.691196E+1
1.895999E+1	-4.600000E-6	1.694525E+1
1.895498E+1	-7.100000E-6	1.697867E+1
1.894997E+1	-2.140000E-5	1.701210E+1
1.894498E+1	8.900000E-6	1.704539E+1
1.893999E+1	2.700000E-5	1.707868E+1
1.893500E+1	-3.700000E-6	1.711197E+1
1.892999E+1	3.910000E-5	1.714539E+1
1.892499E+1	2.600000E-5	1.717875E+1
1.891997E+1	3.120000E-5	1.721224E+1
1.891499E+1	3.560000E-5	1.724546E+1
1.890999E+1	5.180000E-5	1.727882E+1
1.890499E+1	5.600000E-5	1.731217E+1
1.889999E+1	5.570000E-5	1.734553E+1
1.889499E+1	6.730000E-5	1.737889E+1
1.888999E+1	7.360000E-5	1.741224E+1
1.888499E+1	5.130000E-5	1.744560E+1
1.887999E+1	5.400000E-5	1.747896E+1
1.887498E+1	9.620000E-5	1.751238E+1
1.886997E+1	6.590000E-5	1.754580E+1
1.886498E+1	6.690000E-5	1.757909E+1
1.885998E+1	3.940000E-5	1.761245E+1
1.885499E+1	3.180000E-5	1.764574E+1
1.884997E+1	1.030000E-5	1.767923E+1
1.884498E+1	1.200000E-5	1.771252E+1
1.883995E+1	8.700000E-6	1.774608E+1
1.883499E+1	-3.200000E-6	1.777917E+1
1.882998E+1	1.490000E-5	1.781259E+1
1.882499E+1	3.110000E-5	1.784588E+1
1.881998E+1	6.300000E-6	1.787930E+1
1.881499E+1	1.800000E-5	1.791259E+1
1.880998E+1	1.090000E-5	1.794602E+1
1.880499E+1	1.210000E-5	1.797931E+1
1.879998E+1	1.200000E-5	1.801273E+1
1.879499E+1	-2.400000E-6	1.804602E+1
1.878997E+1	3.600000E-6	1.807951E+1
1.878499E+1	9.500000E-6	1.811273E+1
1.877995E+1	-1.800000E-5	1.814636E+1
1.877499E+1	9.800000E-6	1.817945E+1
1.877000E+1	3.080000E-5	1.821274E+1
1.876499E+1	9.200000E-6	1.824616E+1
1.876000E+1	2.510000E-5	1.827945E+1
1.875497E+1	3.130000E-5	1.831301E+1
1.874997E+1	1.910000E-5	1.834636E+1
1.874496E+1	4.000000E-7	1.837979E+1
1.874000E+1	-3.410000E-5	1.841288E+1
1.873499E+1	-3.590000E-5	1.844630E+1
1.872997E+1	-7.410000E-5	1.847979E+1
1.872497E+1	-9.370000E-5	1.851315E+1
1.871998E+1	-1.178000E-4	1.854644E+1
1.871499E+1	-1.033000E-4	1.857973E+1
1.870998E+1	-1.231000E-4	1.861315E+1
1.870497E+1	-1.253000E-4	1.864657E+1
1.869996E+1	-1.194000E-4	1.868000E+1
1.869497E+1	-1.438000E-4	1.871329E+1
1.868998E+1	-1.343000E-4	1.874658E+1
1.868499E+1	-8.570000E-5	1.877987E+1
1.868000E+1	-8.710000E-5	1.881316E+1
1.867497E+1	-5.750000E-5	1.884671E+1
1.866998E+1	-2.340000E-5	1.888000E+1
1.866492E+1	8.800000E-6	1.891376E+1
1.866000E+1	5.750000E-5	1.894658E+1
1.865492E+1	1.282000E-4	1.898047E+1
1.864998E+1	1.513000E-4	1.901343E+1
1.864499E+1	1.716000E-4	1.904672E+1
1.863993E+1	1.741000E-4	1.908048E+1
1.863497E+1	1.700000E-4	1.911357E+1
1.862998E+1	1.610000E-4	1.914686E+1
1.862499E+1	1.026000E-4	1.918015E+1
1.861995E+1	8.270000E-5	1.921377E+1
1.861497E+1	2.470000E-5	1.924699E+1
1.860998E+1	5.000000E-7	1.928028E+1
1.860497E+1	-3.030000E-5	1.931371E+1
1.859998E+1	-4.040000E-5	1.934700E+1
1.859497E+1	-2.360000E-5	1.938042E+1
1.859000E+1	-4.000000E-6	1.941358E+1
1.858499E+1	-1.230000E-5	1.944700E+1
1.858000E+1	3.440000E-5	1.948029E+1
1.857497E+1	4.640000E-5	1.951385E+1
1.857000E+1	5.680000E-5	1.954700E+1
1.856497E+1	7.440000E-5	1.958056E+1
1.855998E+1	6.900000E-5	1.961385E+1
1.855495E+1	4.890000E-5	1.964741E+1
1.855002E+1	3.920000E-5	1.968030E+1
1.854495E+1	4.390000E-5	1.971412E+1
1.854000E+1	3.060000E-5	1.974714E+1
1.853499E+1	1.100000E-5	1.978057E+1
1.852998E+1	-5.600000E-6	1.981399E+1
1.852499E+1	-2.260000E-5	1.984728E+1
1.851994E+1	-3.510000E-5	1.988097E+1
1.851499E+1	-3.340000E-5	1.991399E+1
1.850996E+1	-7.070000E-5	1.994755E+1
1.850499E+1	-9.350000E-5	1.998071E+1
1.850000E+1	-8.590000E-5	2.001400E+1
1.849499E+1	-6.380000E-5	2.004742E+1
1.849000E+1	-8.410000E-5	2.008071E+1
1.848497E+1	-8.690000E-5	2.011427E+1
1.848000E+1	-5.490000E-5	2.014742E+1
1.847497E+1	-1.190000E-5	2.018098E+1
1.847000E+1	2.700000E-5	2.021414E+1
1.846499E+1	3.000000E-5	2.024756E+1
1.845996E+1	8.030000E-5	2.028112E+1
1.845499E+1	1.263000E-4	2.031427E+1
1.844996E+1	1.515000E-4	2.034783E+1
1.844499E+1	1.552000E-4	2.038099E+1
1.843998E+1	1.374000E-4	2.041441E+1
1.843497E+1	1.328000E-4	2.044783E+1
1.843000E+1	1.060000E-4	2.048099E+1
1.842497E+1	7.400000E-5	2.051455E+1
1.842000E+1	5.850000E-5	2.054770E+1
1.841499E+1	3.950000E-5	2.058113E+1
1.840998E+1	2.040000E-5	2.061455E+1
1.840497E+1	-9.000000E-6	2.064797E+1
1.839998E+1	-2.780000E-5	2.068126E+1
1.839497E+1	-5.150000E-5	2.071469E+1
1.838996E+1	-5.380000E-5	2.074811E+1
1.838499E+1	-7.270000E-5	2.078127E+1
1.837994E+1	-5.870000E-5	2.081496E+1
1.837497E+1	-5.390000E-5	2.084811E+1
1.836998E+1	-4.400000E-5	2.088140E+1
1.836495E+1	-3.420000E-5	2.091496E+1
1.835999E+1	-2.860000E-5	2.094805E+1
1.835499E+1	-5.480000E-5	2.098141E+1
1.834999E+1	-1.550000E-5	2.101476E+1
1.834497E+1	-4.920000E-5	2.104825E+1
1.833999E+1	1.500000E-6	2.108148E+1
1.833499E+1	-3.580000E-5	2.111483E+1
1.832999E+1	-1.440000E-5	2.114819E+1
1.832499E+1	9.000000E-6	2.118155E+1
1.831996E+1	1.230000E-5	2.121510E+1
1.831499E+1	6.000000E-6	2.124826E+1
1.830998E+1	3.900000E-6	2.128168E+1
1.830495E+1	1.590000E-5	2.131524E+1
1.829998E+1	2.750000E-5	2.134840E+1
1.829498E+1	2.250000E-5	2.138175E+1
1.828998E+1	-4.600000E-6	2.141511E+1
1.828498E+1	1.510000E-5	2.144847E+1
1.827996E+1	1.450000E-5	2.148196E+1
1.827498E+1	1.840000E-5	2.151518E+1
1.826998E+1	4.260000E-5	2.154854E+1
1.826497E+1	2.870000E-5	2.158196E+1
1.825998E+1	3.070000E-5	2.161525E+1
1.825498E+1	2.530000E-5	2.164861E+1
1.824998E+1	3.410000E-5	2.168196E+1
1.824498E+1	3.220000E-5	2.171532E+1
1.823999E+1	2.750000E-5	2.174861E+1
1.823495E+1	1.010000E-5	2.178223E+1
1.822997E+1	4.130000E-5	2.181546E+1
1.822493E+1	1.720000E-5	2.184908E+1
1.821994E+1	3.120000E-5	2.188237E+1
1.821498E+1	2.500000E-5	2.191546E+1
1.820996E+1	1.670000E-5	2.194895E+1
1.820498E+1	-6.500000E-6	2.198217E+1
1.819999E+1	-1.750000E-5	2.201546E+1
1.819497E+1	-4.380000E-5	2.204895E+1
1.818997E+1	-4.640000E-5	2.208231E+1
1.818497E+1	-6.960000E-5	2.211567E+1
1.817994E+1	-7.930000E-5	2.214922E+1
1.817495E+1	-7.270000E-5	2.218251E+1
1.816997E+1	-6.760000E-5	2.221574E+1
1.816495E+1	-4.460000E-5	2.224923E+1
1.815996E+1	-5.750000E-5	2.228252E+1
1.815496E+1	-2.380000E-5	2.231587E+1
1.814999E+1	5.300000E-6	2.234903E+1
1.814498E+1	2.450000E-5	2.238245E+1
1.813997E+1	3.930000E-5	2.241588E+1
1.813493E+1	4.780000E-5	2.244950E+1
1.812997E+1	5.610000E-5	2.248259E+1
1.812498E+1	3.950000E-5	2.251588E+1
1.811996E+1	4.010000E-5	2.254937E+1
1.811496E+1	4.620000E-5	2.258273E+1
1.811001E+1	2.490000E-5	2.261575E+1
1.810500E+1	2.920000E-5	2.264917E+1
1.809999E+1	4.940000E-5	2.268260E+1
1.809500E+1	4.360000E-5	2.271589E+1
1.808995E+1	7.400000E-5	2.274958E+1
1.808500E+1	9.230000E-5	2.278260E+1
1.807999E+1	9.390000E-5	2.281602E+1
1.807498E+1	9.220000E-5	2.284945E+1
1.806997E+1	8.640000E-5	2.288287E+1
1.806495E+1	9.450000E-5	2.291636E+1
1.805999E+1	9.270000E-5	2.294945E+1
1.805500E+1	7.710000E-5	2.298274E+1
1.804997E+1	9.410000E-5	2.301630E+1
1.804498E+1	5.610000E-5	2.304959E+1
1.803999E+1	6.400000E-5	2.308288E+1
1.803500E+1	2.280000E-5	2.311617E+1
1.802997E+1	2.600000E-5	2.314972E+1
1.802500E+1	3.430000E-5	2.318288E+1
1.801997E+1	2.360000E-5	2.321644E+1
1.801500E+1	4.730000E-5	2.324959E+1
1.800999E+1	2.490000E-5	2.328302E+1
1.800498E+1	4.070000E-5	2.331644E+1
1.799997E+1	2.890000E-5	2.334986E+1
1.799500E+1	2.140000E-5	2.338302E+1
1.798997E+1	1.200000E-6	2.341658E+1
1.798498E+1	-1.170000E-5	2.344987E+1
1.797999E+1	-3.600000E-5	2.348316E+1
1.797498E+1	-4.440000E-5	2.351658E+1
1.796997E+1	-5.960000E-5	2.355000E+1
1.796500E+1	-9.100000E-5	2.358316E+1
1.795997E+1	-1.171000E-4	2.361672E+1
1.795498E+1	-1.571000E-4	2.365001E+1
1.794999E+1	-1.647000E-4	2.368330E+1
1.794500E+1	-1.864000E-4	2.371659E+1
1.793999E+1	-1.924000E-4	2.375001E+1
1.793498E+1	-2.252000E-4	2.378343E+1
1.792993E+1	-2.467000E-4	2.381712E+1
1.792498E+1	-2.479000E-4	2.385015E+1
1.791995E+1	-2.277000E-4	2.388370E+1
1.791500E+1	-2.146000E-4	2.391673E+1
1.790997E+1	-1.903000E-4	2.395028E+1
1.790494E+1	-1.863000E-4	2.398384E+1
1.789997E+1	-1.487000E-4	2.401700E+1
1.789496E+1	-1.139000E-4	2.405042E+1
1.788999E+1	-6.220000E-5	2.408358E+1
1.788500E+1	-1.790000E-5	2.411687E+1
1.787993E+1	1.310000E-5	2.415069E+1
1.787500E+1	4.600000E-5	2.418358E+1
1.786999E+1	7.240000E-5	2.421700E+1
1.786500E+1	1.353000E-4	2.425029E+1
1.785997E+1	1.610000E-4	2.428385E+1
1.785496E+1	1.813000E-4	2.431727E+1
1.784992E+1	2.175000E-4	2.435090E+1
1.784496E+1	2.127000E-4	2.438399E+1
1.783999E+1	2.196000E-4	2.441714E+1
1.783500E+1	1.889000E-4	2.445043E+1
1.782997E+1	1.451000E-4	2.448399E+1
1.782498E+1	1.334000E-4	2.451728E+1
1.781995E+1	1.004000E-4	2.455084E+1
1.781498E+1	8.180000E-5	2.458399E+1
1.780997E+1	6.120000E-5	2.461742E+1
1.780498E+1	2.850000E-5	2.465071E+1
1.779997E+1	2.220000E-5	2.468413E+1
1.779498E+1	2.220000E-5	2.471742E+1
1.778991E+1	4.100000E-6	2.475124E+1
1.778499E+1	-5.100000E-6	2.478407E+1
1.777999E+1	-1.210000E-5	2.481742E+1
1.777499E+1	-2.220000E-5	2.485078E+1
1.776999E+1	-1.790000E-5	2.488414E+1
1.776499E+1	-1.290000E-5	2.491749E+1
1.775997E+1	-1.420000E-5	2.495098E+1
1.775499E+1	-1.270000E-5	2.498421E+1
1.774997E+1	4.000000E-6	2.501770E+1
1.774498E+1	1.600000E-6	2.505099E+1
1.773997E+1	9.900000E-6	2.508441E+1
1.773498E+1	-8.000000E-7	2.511770E+1
1.772998E+1	9.900000E-6	2.515106E+1
1.772498E+1	-9.300000E-6	2.518441E+1
1.771997E+1	-1.500000E-6	2.521784E+1
1.771496E+1	-1.130000E-5	2.525126E+1
1.770997E+1	-3.000000E-7	2.528455E+1
1.770498E+1	-2.000000E-6	2.531784E+1
1.769997E+1	-2.040000E-5	2.535126E+1
1.769499E+1	-1.260000E-5	2.538449E+1
1.768997E+1	-1.320000E-5	2.541798E+1
1.768497E+1	2.900000E-6	2.545133E+1
1.767998E+1	-1.090000E-5	2.548462E+1
1.767497E+1	-2.840000E-5	2.551805E+1
1.766997E+1	-2.180000E-5	2.555140E+1
1.766497E+1	-1.240000E-5	2.558476E+1
1.765997E+1	-1.800000E-6	2.561812E+1
1.765496E+1	4.200000E-6	2.565154E+1
1.764998E+1	-3.590000E-5	2.568476E+1
1.764497E+1	7.600000E-6	2.571819E+1
1.763995E+1	-2.480000E-5	2.575168E+1
1.763496E+1	2.270000E-5	2.578497E+1
1.762997E+1	2.540000E-5	2.581826E+1
1.762499E+1	5.730000E-5	2.585148E+1
1.761998E+1	5.780000E-5	2.588490E+1
1.761499E+1	4.620000E-5	2.591819E+1
1.760998E+1	7.710000E-5	2.595162E+1
1.760499E+1	7.920000E-5	2.598491E+1
1.760000E+1	6.910000E-5	2.601820E+1
1.759499E+1	6.420000E-5	2.605162E+1
1.758998E+1	4.570000E-5	2.608504E+1
1.758499E+1	1.660000E-5	2.611833E+1
1.758000E+1	6.700000E-6	2.615162E+1
1.757499E+1	-1.820000E-5	2.618505E+1
1.756996E+1	-4.300000E-6	2.621860E+1
1.756499E+1	-2.470000E-5	2.625176E+1
1.756000E+1	-3.850000E-5	2.628505E+1
1.755497E+1	-3.900000E-5	2.631861E+1
1.755000E+1	-7.000000E-6	2.635176E+1
1.754497E+1	-3.580000E-5	2.638532E+1
1.754000E+1	-3.140000E-5	2.641848E+1
1.753497E+1	-1.260000E-5	2.645203E+1
1.753000E+1	-5.100000E-6	2.648519E+1
1.752495E+1	8.200000E-6	2.651888E+1
1.752000E+1	1.400000E-6	2.655190E+1
1.751497E+1	1.590000E-5	2.658546E+1
1.750998E+1	2.650000E-5	2.661875E+1
1.750497E+1	2.060000E-5	2.665217E+1
1.749998E+1	5.000000E-5	2.668546E+1
1.749499E+1	4.680000E-5	2.671875E+1
1.749000E+1	4.720000E-5	2.675204E+1
1.748499E+1	7.400000E-5	2.678547E+1
1.747998E+1	6.300000E-5	2.681889E+1
1.747494E+1	4.550000E-5	2.685251E+1
1.746998E+1	5.520000E-5	2.688560E+1
1.746499E+1	5.730000E-5	2.691889E+1
1.746000E+1	3.820000E-5	2.695218E+1
1.745499E+1	3.020000E-5	2.698561E+1
1.744996E+1	1.260000E-5	2.701916E+1
1.744499E+1	6.000000E-6	2.705232E+1
1.743998E+1	1.080000E-5	2.708574E+1
1.743499E+1	-2.040000E-5	2.711903E+1
1.743000E+1	-1.000000E-7	2.715232E+1
1.742495E+1	-7.700000E-6	2.718601E+1
1.742000E+1	-1.710000E-5	2.721904E+1
1.741499E+1	-2.830000E-5	2.725246E+1
1.740998E+1	-4.260000E-5	2.728588E+1
1.740499E+1	-3.380000E-5	2.731917E+1
1.740000E+1	-6.490000E-5	2.735246E+1
1.739499E+1	-4.150000E-5	2.738589E+1
1.738998E+1	-7.540000E-5	2.741931E+1
1.738497E+1	-5.370000E-5	2.745273E+1
1.737998E+1	-6.400000E-5	2.748602E+1
1.737499E+1	-3.120000E-5	2.751931E+1
1.736998E+1	-3.420000E-5	2.755273E+1
1.736501E+1	5.000000E-7	2.758589E+1
1.736000E+1	3.510000E-5	2.761931E+1
1.735497E+1	4.230000E-5	2.765287E+1
1.735000E+1	5.290000E-5	2.768603E+1
1.734495E+1	4.990000E-5	2.771972E+1
1.733994E+1	3.010000E-5	2.775314E+1
1.733497E+1	3.020000E-5	2.778630E+1
1.732998E+1	1.910000E-5	2.781959E+1
1.732499E+1	2.140000E-5	2.785288E+1
1.731998E+1	8.400000E-6	2.788630E+1
1.731497E+1	3.700000E-6	2.791973E+1
1.731000E+1	-1.580000E-5	2.795288E+1
1.730497E+1	-4.800000E-6	2.798644E+1
1.729998E+1	1.050000E-5	2.801973E+1
1.729499E+1	-1.040000E-5	2.805302E+1
1.728998E+1	1.300000E-6	2.808644E+1
1.728499E+1	6.600000E-6	2.811973E+1
1.727999E+1	5.900000E-6	2.815309E+1
1.727497E+1	-2.430000E-5	2.818658E+1
1.726998E+1	-1.290000E-5	2.821987E+1
1.726499E+1	-2.000000E-6	2.825316E+1
1.725998E+1	-1.000000E-6	2.828658E+1
1.725495E+1	-1.030000E-5	2.832014E+1
1.724999E+1	9.500000E-6	2.835323E+1
1.724497E+1	5.100000E-6	2.838672E+1
1.723998E+1	2.880000E-5	2.842001E+1
1.723497E+1	3.470000E-5	2.845343E+1
1.722999E+1	4.340000E-5	2.848665E+1
1.722499E+1	4.150000E-5	2.852001E+1
1.721998E+1	3.370000E-5	2.855343E+1
1.721495E+1	2.890000E-5	2.858699E+1
1.720999E+1	1.470000E-5	2.862008E+1
1.720497E+1	7.600000E-6	2.865357E+1
1.719998E+1	1.350000E-5	2.868686E+1
1.719498E+1	5.500000E-6	2.872022E+1
1.718999E+1	-1.520000E-5	2.875351E+1
1.718498E+1	-1.820000E-5	2.878693E+1
1.717996E+1	3.500000E-6	2.882042E+1
1.717498E+1	3.800000E-6	2.885365E+1
1.716998E+1	3.700000E-6	2.888700E+1
1.716497E+1	-1.590000E-5	2.892043E+1
1.715999E+1	2.390000E-5	2.895365E+1
1.715497E+1	-1.320000E-5	2.898714E+1
1.714994E+1	-4.000000E-6	2.902069E+1
1.714495E+1	8.200000E-6	2.905399E+1
1.713994E+1	6.000000E-6	2.908741E+1
1.713497E+1	-1.530000E-5	2.912057E+1
1.712999E+1	-5.000000E-7	2.915379E+1
1.712497E+1	-1.370000E-5	2.918728E+1
1.711994E+1	-2.220000E-5	2.922083E+1
1.711493E+1	1.230000E-5	2.925426E+1
1.710997E+1	9.500000E-6	2.928735E+1
1.710497E+1	-3.500000E-6	2.932071E+1
1.709997E+1	5.080000E-5	2.935406E+1
1.709497E+1	3.570000E-5	2.938742E+1
1.708997E+1	4.530000E-5	2.942077E+1
1.708497E+1	5.090000E-5	2.945413E+1
1.707999E+1	4.800000E-5	2.948735E+1
1.707497E+1	2.400000E-5	2.952085E+1
1.706999E+1	2.930000E-5	2.955407E+1
1.706496E+1	3.400000E-5	2.958763E+1
1.705997E+1	2.570000E-5	2.962091E+1
1.705498E+1	-1.610000E-5	2.965421E+1
1.704997E+1	-1.020000E-5	2.968763E+1
1.704500E+1	-1.530000E-5	2.972079E+1
1.703999E+1	-2.440000E-5	2.975421E+1
1.703500E+1	-2.060000E-5	2.978750E+1
1.702999E+1	-3.780000E-5	2.982092E+1
1.702500E+1	-3.000000E-6	2.985421E+1
1.701999E+1	-1.220000E-5	2.988763E+1
1.701496E+1	-1.420000E-5	2.992119E+1
1.700999E+1	-2.170000E-5	2.995435E+1
1.700500E+1	-1.450000E-5	2.998764E+1
1.699997E+1	-1.520000E-5	3.002119E+1
1.699498E+1	-1.870000E-5	3.005449E+1
1.698997E+1	-9.400000E-6	3.008791E+1
1.698500E+1	-2.230000E-5	3.012107E+1
1.697995E+1	-6.500000E-6	3.015475E+1
1.697498E+1	-1.300000E-5	3.018791E+1
1.696997E+1	1.040000E-5	3.022133E+1
1.696500E+1	2.580000E-5	3.025449E+1
1.695999E+1	4.360000E-5	3.028791E+1
1.695498E+1	4.420000E-5	3.032134E+1
1.694999E+1	4.550000E-5	3.035463E+1
1.694500E+1	4.330000E-5	3.038792E+1
1.693999E+1	5.390000E-5	3.042134E+1
1.693496E+1	6.070000E-5	3.045490E+1
1.692999E+1	4.740000E-5	3.048805E+1
1.692496E+1	1.150000E-5	3.052161E+1
1.691994E+1	3.010000E-5	3.055510E+1
1.691500E+1	3.400000E-6	3.058806E+1
1.690997E+1	-8.500000E-6	3.062161E+1
1.690498E+1	-3.800000E-6	3.065491E+1
1.689997E+1	-3.260000E-5	3.068833E+1
1.689500E+1	-3.140000E-5	3.072149E+1
1.688999E+1	-4.020000E-5	3.075491E+1
1.688498E+1	-4.210000E-5	3.078833E+1
1.687999E+1	-4.590000E-5	3.082162E+1
1.687498E+1	-3.570000E-5	3.085505E+1
1.686999E+1	-4.490000E-5	3.088833E+1
1.686498E+1	-3.800000E-5	3.092176E+1
1.685999E+1	-6.000000E-5	3.095505E+1
1.685500E+1	-4.930000E-5	3.098834E+1
1.684995E+1	-5.320000E-5	3.102203E+1
1.684498E+1	-6.100000E-5	3.105519E+1
1.683999E+1	-3.320000E-5	3.108847E+1
1.683500E+1	-3.850000E-5	3.112177E+1
1.682997E+1	-3.110000E-5	3.115532E+1
1.682498E+1	-1.600000E-5	3.118861E+1
1.681999E+1	3.040000E-5	3.122190E+1
1.681500E+1	6.600000E-6	3.125519E+1
1.680999E+1	2.770000E-5	3.128861E+1
1.680498E+1	1.730000E-5	3.132204E+1
1.679997E+1	3.400000E-5	3.135546E+1
1.679500E+1	1.850000E-5	3.138862E+1
1.678999E+1	1.190000E-5	3.142204E+1
1.678498E+1	3.870000E-5	3.145547E+1
1.677995E+1	4.120000E-5	3.148902E+1
1.677500E+1	2.170000E-5	3.152205E+1
1.676997E+1	3.080000E-5	3.155560E+1
1.676500E+1	2.520000E-5	3.158876E+1
1.675999E+1	3.980000E-5	3.162218E+1
1.675500E+1	3.150000E-5	3.165547E+1
1.674997E+1	5.780000E-5	3.168903E+1
1.674498E+1	6.390000E-5	3.172232E+1
1.673997E+1	1.013000E-4	3.175574E+1
1.673498E+1	1.208000E-4	3.178903E+1
1.672995E+1	1.222000E-4	3.182259E+1
1.672499E+1	1.145000E-4	3.185568E+1
1.671999E+1	1.429000E-4	3.188903E+1
1.671498E+1	1.508000E-4	3.192246E+1
1.670997E+1	1.731000E-4	3.195588E+1
1.670498E+1	1.617000E-4	3.198917E+1
1.669999E+1	1.498000E-4	3.202246E+1
1.669499E+1	1.328000E-4	3.205582E+1
1.668993E+1	1.301000E-4	3.208957E+1
1.668499E+1	7.720000E-5	3.212253E+1
1.667995E+1	7.420000E-5	3.215615E+1
1.667499E+1	5.630000E-5	3.218924E+1
1.666999E+1	1.510000E-5	3.222260E+1
1.666498E+1	-3.800000E-5	3.225602E+1
1.665998E+1	-4.190000E-5	3.228938E+1
1.665498E+1	-9.700000E-5	3.232274E+1
1.664997E+1	-1.044000E-4	3.235616E+1
1.664494E+1	-1.147000E-4	3.238972E+1
1.663997E+1	-1.103000E-4	3.242287E+1
1.663499E+1	-1.179000E-4	3.245610E+1
1.662993E+1	-1.231000E-4	3.248985E+1
1.662499E+1	-1.164000E-4	3.252281E+1
1.661997E+1	-9.350000E-5	3.255630E+1
1.661498E+1	-7.580000E-5	3.258959E+1
1.660998E+1	-4.960000E-5	3.262295E+1
1.660498E+1	-3.160000E-5	3.265630E+1
1.659998E+1	-2.590000E-5	3.268966E+1
1.659499E+1	-1.800000E-6	3.272295E+1
1.658998E+1	1.680000E-5	3.275637E+1
1.658499E+1	6.400000E-6	3.278967E+1
1.657998E+1	1.800000E-5	3.282309E+1
1.657496E+1	3.100000E-5	3.285658E+1
1.656998E+1	2.430000E-5	3.288980E+1
1.656497E+1	4.010000E-5	3.292323E+1
1.655998E+1	1.260000E-5	3.295651E+1
1.655497E+1	3.480000E-5	3.298994E+1
1.654998E+1	2.690000E-5	3.302323E+1
1.654497E+1	2.800000E-5	3.305665E+1
1.653997E+1	2.220000E-5	3.309001E+1
1.653499E+1	1.410000E-5	3.312323E+1
1.652997E+1	2.100000E-5	3.315672E+1
1.652496E+1	1.030000E-5	3.319014E+1
1.651998E+1	3.000000E-6	3.322337E+1
1.651499E+1	-1.360000E-5	3.325666E+1
1.650996E+1	-1.950000E-5	3.329021E+1
1.650499E+1	-2.920000E-5	3.332337E+1
1.650000E+1	-2.590000E-5	3.335666E+1
1.649497E+1	-1.650000E-5	3.339022E+1
1.648998E+1	5.700000E-6	3.342351E+1
1.648496E+1	4.200000E-6	3.345700E+1
1.647998E+1	1.400000E-5	3.349022E+1
1.647499E+1	4.030000E-5	3.352351E+1
1.646998E+1	2.630000E-5	3.355693E+1
1.646499E+1	4.680000E-5	3.359023E+1
1.645998E+1	8.830000E-5	3.362365E+1
1.645499E+1	6.430000E-5	3.365694E+1
1.644996E+1	7.790000E-5	3.369049E+1
1.644497E+1	7.950000E-5	3.372379E+1
1.644000E+1	6.500000E-5	3.375694E+1
1.643499E+1	5.280000E-5	3.379036E+1
1.642998E+1	5.490000E-5	3.382379E+1
1.642497E+1	3.230000E-5	3.385721E+1
1.641998E+1	9.000000E-6	3.389050E+1
1.641499E+1	-1.450000E-5	3.392379E+1
1.640996E+1	-2.880000E-5	3.395735E+1
1.640499E+1	-2.730000E-5	3.399051E+1
1.639996E+1	-4.720000E-5	3.402406E+1
1.639497E+1	-8.750000E-5	3.405735E+1
1.639000E+1	-4.250000E-5	3.409051E+1
1.638497E+1	-5.180000E-5	3.412407E+1
1.637996E+1	-5.700000E-5	3.415749E+1
1.637499E+1	-4.900000E-5	3.419064E+1
1.637000E+1	-5.300000E-5	3.422393E+1
1.636499E+1	-6.030000E-5	3.425736E+1
1.635998E+1	-4.250000E-5	3.429078E+1
1.635497E+1	-4.140000E-5	3.432420E+1
