-1.050001E+2	6.457778E-4	0.000000E+0
-1.052001E+2	6.374444E-4	1.334266E+0
-1.054001E+2	6.388889E-4	2.668533E+0
-1.056001E+2	6.434444E-4	4.002800E+0
-1.058001E+2	6.374444E-4	5.337066E+0
-1.060001E+2	6.484445E-4	6.671332E+0
-1.062001E+2	6.292222E-4	8.005599E+0
-1.064001E+2	4.815556E-4	9.339865E+0
-1.066001E+2	4.397778E-4	1.067413E+1
-1.068001E+2	3.774444E-4	1.200840E+1
-1.070001E+2	3.455555E-4	1.334266E+1
-1.072001E+2	3.298889E-4	1.467693E+1
-1.074001E+2	3.280000E-4	1.601120E+1
-1.076001E+2	3.190000E-4	1.734546E+1
-1.078001E+2	3.065556E-4	1.867973E+1
-1.080001E+2	3.025556E-4	2.001400E+1
-1.082001E+2	2.955556E-4	2.134826E+1
-1.084001E+2	2.922222E-4	2.268253E+1
-1.086001E+2	2.912222E-4	2.401680E+1
-1.088001E+2	2.971111E-4	2.535106E+1
-1.090001E+2	2.964445E-4	2.668533E+1
-1.092001E+2	2.991111E-4	2.801959E+1
-1.094001E+2	2.987778E-4	2.935386E+1
-1.096001E+2	2.930000E-4	3.068813E+1
-1.098001E+2	2.965555E-4	3.202240E+1
-1.100001E+2	2.910000E-4	3.335666E+1
-1.102001E+2	2.826667E-4	3.469093E+1
-1.104001E+2	2.956667E-4	3.602519E+1
-1.106001E+2	2.974444E-4	3.735946E+1
-1.108001E+2	3.087778E-4	3.869373E+1
-1.110001E+2	3.003333E-4	4.002799E+1
-1.112001E+2	2.967778E-4	4.136226E+1
-1.114001E+2	2.963333E-4	4.269653E+1
-1.116001E+2	2.983333E-4	4.403079E+1
-1.118001E+2	2.897778E-4	4.536506E+1
-1.120001E+2	2.951111E-4	4.669933E+1
-1.122001E+2	2.930000E-4	4.803359E+1
-1.124001E+2	2.982222E-4	4.936786E+1
-1.126001E+2	3.007778E-4	5.070213E+1
-1.128001E+2	2.983333E-4	5.203639E+1
-1.130001E+2	2.934444E-4	5.337066E+1
-1.132001E+2	2.892222E-4	5.470493E+1
-1.134001E+2	2.977778E-4	5.603919E+1
-1.136001E+2	3.182222E-4	5.737346E+1
-1.138001E+2	3.188889E-4	5.870772E+1
-1.140001E+2	2.994445E-4	6.004199E+1
-1.142001E+2	3.080000E-4	6.137626E+1
-1.144001E+2	2.976667E-4	6.271052E+1
-1.146001E+2	3.068889E-4	6.404479E+1
-1.148001E+2	3.152222E-4	6.537906E+1
-1.150001E+2	3.108889E-4	6.671332E+1
-1.152001E+2	3.087778E-4	6.804758E+1
-1.154001E+2	3.135556E-4	6.938185E+1
-1.156001E+2	3.165556E-4	7.071612E+1
-1.158001E+2	3.238889E-4	7.205038E+1
-1.160001E+2	3.307778E-4	7.338465E+1
-1.162001E+2	3.325556E-4	7.471892E+1
-1.164001E+2	3.127778E-4	7.605318E+1
-1.166001E+2	3.150000E-4	7.738745E+1
-1.168001E+2	3.245556E-4	7.872172E+1
-1.170001E+2	3.241111E-4	8.005598E+1
-1.172001E+2	3.253333E-4	8.139025E+1
-1.174001E+2	3.172222E-4	8.272452E+1
-1.176001E+2	3.395556E-4	8.405878E+1
-1.178001E+2	3.338889E-4	8.539305E+1
-1.180001E+2	3.328889E-4	8.672732E+1
-1.182001E+2	3.426667E-4	8.806158E+1
-1.184001E+2	3.418889E-4	8.939585E+1
-1.186001E+2	3.412222E-4	9.073012E+1
-1.188001E+2	3.350000E-4	9.206438E+1
-1.190001E+2	3.447778E-4	9.339865E+1
-1.192001E+2	3.535555E-4	9.473292E+1
-1.194001E+2	3.374444E-4	9.606718E+1
-1.196001E+2	3.506667E-4	9.740145E+1
-1.198001E+2	3.462222E-4	9.873572E+1
-1.200001E+2	3.407778E-4	1.000700E+2
-1.202001E+2	3.506667E-4	1.014043E+2
-1.204001E+2	3.510000E-4	1.027385E+2
-1.206001E+2	3.495555E-4	1.040728E+2
-1.208001E+2	3.498889E-4	1.054071E+2
-1.210001E+2	3.452222E-4	1.067413E+2
-1.212001E+2	3.453333E-4	1.080756E+2
-1.214001E+2	3.478889E-4	1.094099E+2
-1.216001E+2	3.584444E-4	1.107441E+2
-1.218001E+2	3.478889E-4	1.120784E+2
-1.220001E+2	3.474444E-4	1.134126E+2
-1.222001E+2	3.608889E-4	1.147469E+2
-1.224001E+2	3.581111E-4	1.160812E+2
-1.226001E+2	3.542222E-4	1.174154E+2
-1.228001E+2	3.634444E-4	1.187497E+2
-1.230001E+2	3.585556E-4	1.200840E+2
-1.232001E+2	3.574445E-4	1.214182E+2
-1.234001E+2	3.551111E-4	1.227525E+2
-1.236001E+2	3.546667E-4	1.240868E+2
-1.238001E+2	3.638889E-4	1.254210E+2
-1.240001E+2	3.673333E-4	1.267553E+2
-1.242001E+2	3.551111E-4	1.280896E+2
-1.244001E+2	3.494445E-4	1.294238E+2
-1.246001E+2	3.644445E-4	1.307581E+2
-1.248001E+2	3.693333E-4	1.320924E+2
-1.250001E+2	3.736667E-4	1.334266E+2
-1.252001E+2	3.693333E-4	1.347609E+2
-1.254001E+2	3.727778E-4	1.360952E+2
-1.256001E+2	3.672222E-4	1.374294E+2
-1.258001E+2	3.664444E-4	1.387637E+2
-1.260001E+2	3.522222E-4	1.400980E+2
-1.262001E+2	3.636667E-4	1.414322E+2
-1.264001E+2	3.678889E-4	1.427665E+2
-1.266001E+2	3.723333E-4	1.441008E+2
-1.268001E+2	3.703333E-4	1.454350E+2
-1.270001E+2	3.723333E-4	1.467693E+2
-1.272001E+2	3.777778E-4	1.481036E+2
-1.274001E+2	3.715556E-4	1.494378E+2
-1.276001E+2	3.687778E-4	1.507721E+2
-1.278001E+2	3.556667E-4	1.521064E+2
-1.280001E+2	3.650000E-4	1.534406E+2
-1.282001E+2	3.775556E-4	1.547749E+2
-1.284001E+2	3.792222E-4	1.561092E+2
-1.286001E+2	3.630000E-4	1.574434E+2
-1.288001E+2	3.741111E-4	1.587777E+2
-1.290001E+2	3.633333E-4	1.601120E+2
-1.292001E+2	3.633333E-4	1.614462E+2
-1.294001E+2	3.714444E-4	1.627805E+2
-1.296001E+2	3.731111E-4	1.641148E+2
-1.298001E+2	3.664444E-4	1.654490E+2
-1.300001E+2	3.655555E-4	1.667833E+2
-1.302001E+2	3.714444E-4	1.681176E+2
-1.304001E+2	3.745556E-4	1.694518E+2
-1.306001E+2	3.712222E-4	1.707861E+2
-1.308001E+2	3.673333E-4	1.721204E+2
-1.310001E+2	3.638889E-4	1.734546E+2
-1.312001E+2	3.661111E-4	1.747889E+2
-1.314001E+2	3.786667E-4	1.761232E+2
-1.316001E+2	3.860000E-4	1.774574E+2
-1.318001E+2	3.866667E-4	1.787917E+2
-1.320001E+2	3.857778E-4	1.801260E+2
-1.322001E+2	3.811111E-4	1.814602E+2
-1.324001E+2	3.685555E-4	1.827945E+2
-1.326001E+2	3.740000E-4	1.841288E+2
-1.328001E+2	3.834445E-4	1.854630E+2
-1.330001E+2	3.882222E-4	1.867973E+2
-1.332001E+2	3.948889E-4	1.881316E+2
-1.334001E+2	3.925556E-4	1.894658E+2
-1.336001E+2	3.763333E-4	1.908001E+2
-1.338001E+2	3.927778E-4	1.921344E+2
-1.340001E+2	3.964444E-4	1.934686E+2
-1.342001E+2	3.981111E-4	1.948029E+2
-1.344001E+2	3.906667E-4	1.961372E+2
-1.346001E+2	4.015556E-4	1.974714E+2
-1.348001E+2	3.904444E-4	1.988057E+2
-1.350001E+2	3.957778E-4	2.001400E+2
-1.352001E+2	3.964444E-4	2.014742E+2
-1.354001E+2	3.988889E-4	2.028085E+2
-1.356001E+2	3.903333E-4	2.041428E+2
-1.358001E+2	4.012222E-4	2.054770E+2
-1.360001E+2	3.966667E-4	2.068113E+2
-1.362001E+2	3.981111E-4	2.081456E+2
-1.364001E+2	4.035555E-4	2.094798E+2
-1.366001E+2	4.113333E-4	2.108141E+2
-1.368001E+2	3.971111E-4	2.121484E+2
-1.370001E+2	4.045556E-4	2.134826E+2
-1.372001E+2	3.994445E-4	2.148169E+2
-1.374001E+2	4.064445E-4	2.161512E+2
-1.376001E+2	4.024444E-4	2.174854E+2
-1.378001E+2	4.023333E-4	2.188197E+2
-1.380001E+2	4.024444E-4	2.201540E+2
-1.382001E+2	4.066667E-4	2.214882E+2
-1.384001E+2	4.031111E-4	2.228225E+2
-1.386001E+2	3.975556E-4	2.241568E+2
-1.388001E+2	3.913333E-4	2.254910E+2
-1.390001E+2	4.004444E-4	2.268253E+2
-1.392001E+2	4.005556E-4	2.281596E+2
-1.394001E+2	4.093333E-4	2.294938E+2
-1.396001E+2	4.117778E-4	2.308281E+2
-1.398001E+2	4.173333E-4	2.321624E+2
-1.400001E+2	4.078889E-4	2.334966E+2
-1.402001E+2	4.048889E-4	2.348309E+2
-1.404001E+2	3.982222E-4	2.361652E+2
-1.406001E+2	3.992222E-4	2.374994E+2
-1.408001E+2	4.067778E-4	2.388337E+2
-1.410001E+2	4.100000E-4	2.401680E+2
-1.412001E+2	4.195556E-4	2.415022E+2
-1.414001E+2	4.234444E-4	2.428365E+2
-1.416001E+2	3.955555E-4	2.441708E+2
-1.418001E+2	3.916667E-4	2.455050E+2
-1.420001E+2	4.123333E-4	2.468393E+2
-1.422001E+2	4.160000E-4	2.481736E+2
-1.424001E+2	4.006667E-4	2.495078E+2
-1.426001E+2	4.048889E-4	2.508421E+2
-1.428001E+2	4.184445E-4	2.521764E+2
-1.430001E+2	4.095556E-4	2.535106E+2
-1.432001E+2	4.043333E-4	2.548449E+2
-1.434001E+2	4.134444E-4	2.561792E+2
-1.436001E+2	4.042222E-4	2.575134E+2
-1.438001E+2	4.121111E-4	2.588477E+2
-1.440001E+2	4.171111E-4	2.601819E+2
-1.442001E+2	4.145555E-4	2.615162E+2
-1.444001E+2	4.062222E-4	2.628505E+2
-1.446001E+2	4.021111E-4	2.641848E+2
-1.448001E+2	4.125556E-4	2.655190E+2
-1.450001E+2	4.015556E-4	2.668533E+2
-1.452001E+2	4.147778E-4	2.681876E+2
-1.454001E+2	4.181111E-4	2.695218E+2
-1.456001E+2	3.955555E-4	2.708561E+2
-1.458001E+2	3.972222E-4	2.721903E+2
-1.460001E+2	4.073333E-4	2.735246E+2
-1.462001E+2	4.183333E-4	2.748589E+2
-1.464001E+2	4.044444E-4	2.761931E+2
-1.466001E+2	4.146667E-4	2.775274E+2
-1.468001E+2	4.134444E-4	2.788617E+2
