6.929993E+1	-1.282083E-3	0.000000E+0
6.909993E+1	-5.585833E-3	1.334266E+0
6.889993E+1	-1.032083E-3	2.668533E+0
6.869993E+1	3.142208E-2	4.002800E+0
6.849993E+1	3.382375E-2	5.337066E+0
6.829993E+1	3.321667E-2	6.671332E+0
6.809993E+1	3.285375E-2	8.005599E+0
6.789993E+1	2.861250E-2	9.339865E+0
6.769993E+1	2.825792E-2	1.067413E+1
6.749993E+1	2.880708E-2	1.200840E+1
6.729993E+1	2.895333E-2	1.334266E+1
6.709993E+1	3.028875E-2	1.467693E+1
6.689993E+1	2.625958E-2	1.601120E+1
6.669993E+1	2.596917E-2	1.734546E+1
6.649993E+1	2.502667E-2	1.867973E+1
6.629993E+1	2.446500E-2	2.001400E+1
6.609993E+1	2.438250E-2	2.134826E+1
6.589993E+1	2.479333E-2	2.268253E+1
6.569993E+1	2.362083E-2	2.401680E+1
6.549993E+1	2.237708E-2	2.535106E+1
6.529993E+1	2.104792E-2	2.668533E+1
6.509993E+1	2.195583E-2	2.801959E+1
6.489993E+1	2.044792E-2	2.935386E+1
6.469993E+1	2.547917E-2	3.068813E+1
6.449993E+1	2.420542E-2	3.202240E+1
6.429993E+1	2.090625E-2	3.335666E+1
6.409993E+1	2.124875E-2	3.469093E+1
6.389993E+1	2.524625E-2	3.602519E+1
6.369993E+1	2.151583E-2	3.735946E+1
6.349993E+1	2.034833E-2	3.869373E+1
6.329993E+1	2.069917E-2	4.002799E+1
6.309993E+1	2.051667E-2	4.136226E+1
6.289993E+1	2.152375E-2	4.269653E+1
6.269993E+1	2.445083E-2	4.403079E+1
6.249993E+1	1.693958E-2	4.536506E+1
6.229993E+1	1.639583E-2	4.669933E+1
6.209993E+1	2.023792E-2	4.803359E+1
6.189993E+1	1.832250E-2	4.936786E+1
6.169993E+1	2.086667E-2	5.070213E+1
6.149993E+1	1.904875E-2	5.203639E+1
6.129993E+1	1.888958E-2	5.337066E+1
6.109993E+1	1.869125E-2	5.470493E+1
6.089993E+1	1.785875E-2	5.603919E+1
6.069993E+1	2.089958E-2	5.737346E+1
6.049993E+1	1.761083E-2	5.870772E+1
6.029993E+1	1.900333E-2	6.004199E+1
6.009993E+1	1.700083E-2	6.137626E+1
5.989993E+1	1.890583E-2	6.271052E+1
5.969993E+1	2.016542E-2	6.404479E+1
5.949993E+1	1.909583E-2	6.537906E+1
5.929993E+1	1.702083E-2	6.671332E+1
5.909993E+1	2.002125E-2	6.804758E+1
5.889993E+1	1.956500E-2	6.938185E+1
5.869993E+1	1.871958E-2	7.071612E+1
5.849993E+1	1.802125E-2	7.205038E+1
5.829993E+1	1.627583E-2	7.338465E+1
5.809993E+1	1.646083E-2	7.471892E+1
5.789993E+1	1.551417E-2	7.605318E+1
5.769993E+1	1.710750E-2	7.738745E+1
5.749993E+1	1.878042E-2	7.872172E+1
5.729993E+1	1.840833E-2	8.005598E+1
5.709993E+1	1.622667E-2	8.139025E+1
5.689993E+1	1.497833E-2	8.272452E+1
5.669993E+1	1.423542E-2	8.405878E+1
5.649993E+1	1.255292E-2	8.539305E+1
5.629993E+1	1.688208E-2	8.672732E+1
5.609993E+1	1.544042E-2	8.806158E+1
5.589993E+1	1.502792E-2	8.939585E+1
5.569993E+1	1.261458E-2	9.073012E+1
5.549993E+1	1.615708E-2	9.206438E+1
5.529993E+1	1.672750E-2	9.339865E+1
5.509993E+1	1.512458E-2	9.473292E+1
5.489993E+1	1.333667E-2	9.606718E+1
5.469993E+1	1.355833E-2	9.740145E+1
5.449993E+1	1.570042E-2	9.873572E+1
5.429993E+1	1.438708E-2	1.000700E+2
5.409993E+1	1.341917E-2	1.014043E+2
5.389993E+1	1.489792E-2	1.027385E+2
5.369993E+1	1.570792E-2	1.040728E+2
5.349993E+1	1.468917E-2	1.054071E+2
5.329993E+1	1.503333E-2	1.067413E+2
5.309993E+1	1.624708E-2	1.080756E+2
5.289993E+1	1.705542E-2	1.094099E+2
5.269993E+1	1.677083E-2	1.107441E+2
5.249993E+1	1.114417E-2	1.120784E+2
5.229993E+1	1.504792E-2	1.134126E+2
5.209993E+1	1.359542E-2	1.147469E+2
5.189993E+1	1.094208E-2	1.160812E+2
5.169993E+1	1.834167E-2	1.174154E+2
5.149993E+1	1.397875E-2	1.187497E+2
5.129993E+1	1.664958E-2	1.200840E+2
5.109993E+1	1.414042E-2	1.214182E+2
5.089993E+1	1.349708E-2	1.227525E+2
5.069993E+1	1.145875E-2	1.240868E+2
5.049993E+1	1.432250E-2	1.254210E+2
5.029993E+1	1.364833E-2	1.267553E+2
5.009993E+1	1.126833E-2	1.280896E+2
4.989993E+1	1.187167E-2	1.294238E+2
4.969993E+1	1.318333E-2	1.307581E+2
4.949993E+1	1.501500E-2	1.320924E+2
4.929993E+1	1.857250E-2	1.334266E+2
4.909993E+1	1.456000E-2	1.347609E+2
4.889993E+1	1.533750E-2	1.360952E+2
4.869993E+1	1.448125E-2	1.374294E+2
4.849993E+1	1.634792E-2	1.387637E+2
4.829993E+1	1.434167E-2	1.400980E+2
4.809993E+1	1.606625E-2	1.414322E+2
4.789993E+1	1.468875E-2	1.427665E+2
4.769993E+1	1.040083E-2	1.441008E+2
4.749993E+1	1.569750E-2	1.454350E+2
4.729993E+1	1.134125E-2	1.467693E+2
4.709993E+1	1.274792E-2	1.481036E+2
4.689993E+1	1.478708E-2	1.494378E+2
4.669993E+1	1.334958E-2	1.507721E+2
4.649993E+1	1.274625E-2	1.521064E+2
4.629993E+1	1.107042E-2	1.534406E+2
4.609993E+1	1.417583E-2	1.547749E+2
4.589993E+1	1.226375E-2	1.561092E+2
4.569993E+1	1.394375E-2	1.574434E+2
4.549993E+1	1.356667E-2	1.587777E+2
4.529993E+1	1.129375E-2	1.601120E+2
4.509993E+1	1.310542E-2	1.614462E+2
4.489993E+1	1.403250E-2	1.627805E+2
4.469993E+1	1.417917E-2	1.641148E+2
4.449993E+1	1.427167E-2	1.654490E+2
4.429993E+1	1.225875E-2	1.667833E+2
4.409993E+1	1.429167E-2	1.681176E+2
4.389993E+1	1.379292E-2	1.694518E+2
4.369993E+1	1.294542E-2	1.707861E+2
4.349993E+1	1.110625E-2	1.721204E+2
4.329993E+1	7.716250E-3	1.734546E+2
4.309993E+1	1.213500E-2	1.747889E+2
4.289993E+1	1.392125E-2	1.761232E+2
4.269993E+1	1.328542E-2	1.774574E+2
4.249993E+1	1.241125E-2	1.787917E+2
4.229993E+1	1.383542E-2	1.801260E+2
4.209993E+1	1.261333E-2	1.814602E+2
4.189993E+1	1.213417E-2	1.827945E+2
4.169993E+1	1.526917E-2	1.841288E+2
4.149993E+1	1.135750E-2	1.854630E+2
4.129993E+1	1.300375E-2	1.867973E+2
4.109993E+1	9.600000E-3	1.881316E+2
4.089993E+1	8.745833E-3	1.894658E+2
4.069993E+1	1.148000E-2	1.908001E+2
4.049993E+1	1.430792E-2	1.921344E+2
4.029993E+1	1.155333E-2	1.934686E+2
4.009993E+1	1.097417E-2	1.948029E+2
3.989993E+1	1.533750E-2	1.961372E+2
3.969993E+1	1.212250E-2	1.974714E+2
3.949993E+1	1.248208E-2	1.988057E+2
3.929993E+1	1.271083E-2	2.001400E+2
3.909993E+1	1.202583E-2	2.014742E+2
3.889993E+1	9.516667E-3	2.028085E+2
3.869993E+1	1.213167E-2	2.041428E+2
3.849993E+1	1.035375E-2	2.054770E+2
3.829993E+1	1.217917E-2	2.068113E+2
3.809993E+1	1.053125E-2	2.081456E+2
3.789993E+1	5.176667E-3	2.094798E+2
3.769993E+1	1.022625E-2	2.108141E+2
3.749993E+1	1.198458E-2	2.121484E+2
3.729993E+1	1.150292E-2	2.134826E+2
3.709993E+1	1.058250E-2	2.148169E+2
3.689993E+1	1.259667E-2	2.161512E+2
3.669993E+1	1.180333E-2	2.174854E+2
3.649993E+1	1.145042E-2	2.188197E+2
3.629993E+1	1.411875E-2	2.201540E+2
3.609993E+1	1.460792E-2	2.214882E+2
3.589993E+1	1.189583E-2	2.228225E+2
3.569993E+1	1.188167E-2	2.241568E+2
3.549993E+1	1.015000E-2	2.254910E+2
3.529993E+1	1.147083E-2	2.268253E+2
3.509993E+1	1.106667E-2	2.281596E+2
3.489993E+1	9.875417E-3	2.294938E+2
3.469993E+1	1.180750E-2	2.308281E+2
3.449993E+1	1.366667E-2	2.321624E+2
3.429993E+1	1.263042E-2	2.334966E+2
3.409993E+1	1.068000E-2	2.348309E+2
3.389993E+1	1.035125E-2	2.361652E+2
3.369993E+1	1.256958E-2	2.374994E+2
3.349993E+1	1.208708E-2	2.388337E+2
3.329993E+1	8.942500E-3	2.401680E+2
3.309993E+1	1.173542E-2	2.415022E+2
3.289993E+1	1.124250E-2	2.428365E+2
3.269993E+1	1.309667E-2	2.441708E+2
3.249993E+1	1.036458E-2	2.455050E+2
3.229993E+1	9.603750E-3	2.468393E+2
3.209993E+1	1.053542E-2	2.481736E+2
3.189993E+1	1.196417E-2	2.495078E+2
3.169993E+1	1.431625E-2	2.508421E+2
3.149993E+1	1.279042E-2	2.521764E+2
3.129993E+1	1.441125E-2	2.535106E+2
3.109993E+1	1.248458E-2	2.548449E+2
3.089993E+1	8.458333E-3	2.561792E+2
3.069993E+1	7.869584E-3	2.575134E+2
3.049993E+1	9.563333E-3	2.588477E+2
3.029993E+1	9.829166E-3	2.601819E+2
3.009993E+1	9.540416E-3	2.615162E+2
2.989993E+1	1.200458E-2	2.628505E+2
2.969993E+1	1.132250E-2	2.641848E+2
2.949993E+1	1.245083E-2	2.655190E+2
2.929993E+1	1.030583E-2	2.668533E+2
2.909993E+1	8.634167E-3	2.681876E+2
2.889993E+1	1.324750E-2	2.695218E+2
2.869993E+1	1.175208E-2	2.708561E+2
2.849993E+1	1.216292E-2	2.721903E+2
2.829993E+1	1.148458E-2	2.735246E+2
2.809993E+1	9.375833E-3	2.748589E+2
2.789993E+1	1.028042E-2	2.761931E+2
2.769993E+1	8.377500E-3	2.775274E+2
2.749993E+1	3.610833E-3	2.788617E+2
2.729993E+1	7.791667E-3	2.801960E+2
2.709993E+1	1.026667E-2	2.815302E+2
2.689993E+1	9.056667E-3	2.828645E+2
2.669993E+1	8.519583E-3	2.841988E+2
2.649993E+1	1.069167E-2	2.855330E+2
2.629993E+1	1.180958E-2	2.868673E+2
2.609993E+1	1.106875E-2	2.882015E+2
2.589993E+1	1.056125E-2	2.895358E+2
2.569993E+1	1.079417E-2	2.908701E+2
2.549993E+1	8.979583E-3	2.922043E+2
2.529993E+1	1.040250E-2	2.935386E+2
2.509993E+1	1.028667E-2	2.948729E+2
2.489993E+1	9.038334E-3	2.962072E+2
2.469993E+1	1.025375E-2	2.975414E+2
2.449993E+1	1.041042E-2	2.988757E+2
2.429993E+1	1.022042E-2	3.002100E+2
2.409993E+1	1.165458E-2	3.015442E+2
2.389993E+1	1.226833E-2	3.028785E+2
2.369993E+1	9.382083E-3	3.042127E+2
2.349993E+1	9.115000E-3	3.055470E+2
2.329993E+1	8.117083E-3	3.068813E+2
2.309993E+1	8.309167E-3	3.082155E+2
2.289993E+1	7.164584E-3	3.095498E+2
2.269993E+1	5.695833E-3	3.108841E+2
2.249993E+1	9.026667E-3	3.122184E+2
2.229993E+1	7.642917E-3	3.135526E+2
2.209993E+1	1.007458E-2	3.148869E+2
2.189993E+1	1.163375E-2	3.162211E+2
2.169993E+1	8.784584E-3	3.175554E+2
2.149993E+1	9.551667E-3	3.188897E+2
2.129993E+1	1.260500E-2	3.202239E+2
2.109993E+1	1.231208E-2	3.215582E+2
2.089993E+1	1.050500E-2	3.228925E+2
2.069993E+1	1.218083E-2	3.242267E+2
2.049993E+1	9.706250E-3	3.255610E+2
2.029993E+1	9.598333E-3	3.268953E+2
2.009993E+1	9.328334E-3	3.282296E+2
1.989993E+1	1.048042E-2	3.295638E+2
1.969993E+1	1.133625E-2	3.308981E+2
1.949993E+1	1.088667E-2	3.322323E+2
1.929993E+1	1.048833E-2	3.335666E+2
1.909993E+1	7.533750E-3	3.349009E+2
1.889993E+1	1.158208E-2	3.362351E+2
1.869993E+1	1.238833E-2	3.375694E+2
1.849993E+1	9.755000E-3	3.389037E+2
1.829993E+1	8.842084E-3	3.402379E+2
1.809993E+1	8.189583E-3	3.415722E+2
1.789993E+1	1.006958E-2	3.429065E+2
1.769993E+1	8.459167E-3	3.442408E+2
1.749993E+1	1.065833E-2	3.455750E+2
1.729993E+1	1.037083E-2	3.469093E+2
1.709993E+1	8.501667E-3	3.482435E+2
1.689993E+1	1.207917E-2	3.495778E+2
1.669993E+1	9.158750E-3	3.509121E+2
1.649993E+1	7.949167E-3	3.522463E+2
1.629993E+1	7.457917E-3	3.535806E+2
1.609993E+1	9.509583E-3	3.549149E+2
1.589993E+1	1.302458E-2	3.562491E+2
1.569993E+1	1.236500E-2	3.575834E+2
1.549993E+1	9.113333E-3	3.589177E+2
1.529993E+1	8.317500E-3	3.602519E+2
1.509993E+1	9.300834E-3	3.615862E+2
1.489993E+1	8.895000E-3	3.629205E+2
1.469993E+1	6.645833E-3	3.642547E+2
1.449993E+1	8.583750E-3	3.655890E+2
1.429993E+1	8.558333E-3	3.669233E+2
1.409993E+1	1.154250E-2	3.682575E+2
1.389993E+1	1.355875E-2	3.695918E+2
1.369993E+1	9.711250E-3	3.709261E+2
1.349993E+1	8.565834E-3	3.722603E+2
1.329993E+1	8.268750E-3	3.735946E+2
1.309993E+1	1.515375E-2	3.749289E+2
1.289993E+1	1.477333E-2	3.762631E+2
1.269993E+1	8.346667E-3	3.775974E+2
1.249993E+1	9.481667E-3	3.789317E+2
1.229993E+1	9.663333E-3	3.802659E+2
1.209993E+1	8.780833E-3	3.816002E+2
1.189993E+1	6.484167E-3	3.829345E+2
1.169993E+1	7.997083E-3	3.842687E+2
1.149993E+1	6.602083E-3	3.856030E+2
1.129993E+1	9.697500E-3	3.869373E+2
1.109993E+1	1.021917E-2	3.882715E+2
1.089993E+1	5.595000E-3	3.896058E+2
1.069993E+1	9.589166E-3	3.909401E+2
1.049993E+1	1.092083E-2	3.922743E+2
1.029993E+1	9.917917E-3	3.936086E+2
1.009993E+1	7.760000E-3	3.949429E+2
9.899930E+0	6.022500E-3	3.962771E+2
9.699930E+0	9.175000E-3	3.976114E+2
9.499930E+0	1.174083E-2	3.989456E+2
9.299930E+0	1.108083E-2	4.002799E+2
9.099930E+0	6.726667E-3	4.016142E+2
8.899930E+0	9.884584E-3	4.029485E+2
8.699930E+0	1.051958E-2	4.042827E+2
8.499930E+0	9.810417E-3	4.056170E+2
8.299930E+0	1.135167E-2	4.069513E+2
8.099930E+0	7.905417E-3	4.082855E+2
7.899930E+0	6.885833E-3	4.096198E+2
7.699930E+0	9.317500E-3	4.109541E+2
7.499930E+0	1.019083E-2	4.122883E+2
7.299930E+0	8.705833E-3	4.136226E+2
7.099930E+0	5.639167E-3	4.149568E+2
6.899930E+0	8.774167E-3	4.162911E+2
6.699930E+0	7.251250E-3	4.176254E+2
6.499930E+0	1.025000E-2	4.189597E+2
6.299930E+0	7.212917E-3	4.202939E+2
6.099930E+0	1.056792E-2	4.216282E+2
5.899930E+0	8.605833E-3	4.229625E+2
5.699930E+0	6.130417E-3	4.242967E+2
5.499930E+0	9.574166E-3	4.256310E+2
5.299930E+0	9.041667E-3	4.269653E+2
5.099930E+0	7.491250E-3	4.282995E+2
4.899930E+0	1.141583E-2	4.296338E+2
4.699930E+0	1.193417E-2	4.309680E+2
4.499930E+0	7.237917E-3	4.323023E+2
4.299930E+0	8.486250E-3	4.336366E+2
4.099930E+0	7.352083E-3	4.349709E+2
3.899930E+0	7.449167E-3	4.363051E+2
3.699930E+0	6.698750E-3	4.376394E+2
3.499930E+0	6.039167E-3	4.389737E+2
3.299930E+0	7.782917E-3	4.403079E+2
3.099930E+0	6.846667E-3	4.416422E+2
2.899930E+0	8.043333E-3	4.429764E+2
2.699930E+0	7.460834E-3	4.443107E+2
2.499930E+0	6.645833E-3	4.456450E+2
2.299930E+0	1.193833E-2	4.469792E+2
2.099930E+0	1.164708E-2	4.483135E+2
1.899930E+0	9.880417E-3	4.496478E+2
1.699930E+0	1.018750E-2	4.509821E+2
1.499930E+0	6.887083E-3	4.523163E+2
1.299930E+0	1.020792E-2	4.536506E+2
1.099930E+0	1.111625E-2	4.549849E+2
8.999300E-1	7.755000E-3	4.563191E+2
6.999300E-1	9.258334E-3	4.576534E+2
4.999300E-1	1.379417E-2	4.589876E+2
2.999300E-1	7.323334E-3	4.603219E+2
9.993000E-2	4.948750E-3	4.616562E+2
-1.000700E-1	8.943750E-3	4.629904E+2
-3.000700E-1	8.972083E-3	4.643247E+2
-5.000700E-1	5.219167E-3	4.656590E+2
-7.000700E-1	7.584583E-3	4.669933E+2
-9.000700E-1	4.460417E-3	4.683275E+2
-1.100070E+0	7.750417E-3	4.696618E+2
-1.300070E+0	8.186666E-3	4.709961E+2
-1.500070E+0	9.905417E-3	4.723303E+2
-1.700070E+0	7.675834E-3	4.736646E+2
-1.900070E+0	9.041250E-3	4.749988E+2
-2.100070E+0	6.973750E-3	4.763331E+2
-2.300070E+0	8.828750E-3	4.776674E+2
-2.500070E+0	1.048125E-2	4.790016E+2
-2.700070E+0	8.800833E-3	4.803359E+2
-2.900070E+0	7.921250E-3	4.816702E+2
-3.100070E+0	8.124583E-3	4.830045E+2
-3.300070E+0	1.089958E-2	4.843387E+2
-3.500070E+0	7.828750E-3	4.856730E+2
-3.700070E+0	9.906250E-3	4.870072E+2
-3.900070E+0	7.652916E-3	4.883415E+2
-4.100070E+0	6.205000E-3	4.896758E+2
-4.300070E+0	1.081833E-2	4.910100E+2
-4.500070E+0	1.119167E-2	4.923443E+2
-4.700070E+0	1.338750E-2	4.936786E+2
-4.900070E+0	1.021458E-2	4.950128E+2
-5.100070E+0	9.255000E-3	4.963471E+2
-5.300070E+0	8.915417E-3	4.976814E+2
-5.500070E+0	1.085542E-2	4.990157E+2
-5.700070E+0	1.215458E-2	5.003499E+2
-5.900070E+0	8.611667E-3	5.016842E+2
-6.100070E+0	6.634166E-3	5.030184E+2
-6.300070E+0	7.057917E-3	5.043527E+2
-6.500070E+0	9.452500E-3	5.056870E+2
-6.700070E+0	5.294583E-3	5.070212E+2
-6.900070E+0	5.174583E-3	5.083555E+2
-7.100070E+0	5.674167E-3	5.096898E+2
-7.300070E+0	4.887500E-3	5.110240E+2
-7.500070E+0	4.597500E-3	5.123583E+2
-7.700070E+0	9.476250E-3	5.136926E+2
-7.900070E+0	8.472917E-3	5.150269E+2
-8.100070E+0	8.452917E-3	5.163611E+2
-8.300070E+0	7.374167E-3	5.176954E+2
-8.500070E+0	4.006250E-3	5.190297E+2
-8.700070E+0	4.822500E-3	5.203639E+2
-8.900070E+0	7.426667E-3	5.216982E+2
-9.100070E+0	7.620833E-3	5.230325E+2
-9.300070E+0	9.897083E-3	5.243667E+2
-9.500070E+0	1.146333E-2	5.257010E+2
-9.700070E+0	1.133542E-2	5.270352E+2
-9.900070E+0	9.611666E-3	5.283695E+2
-1.010007E+1	7.645417E-3	5.297038E+2
-1.030007E+1	6.762500E-3	5.310380E+2
-1.050007E+1	4.476666E-3	5.323723E+2
-1.070007E+1	5.906250E-3	5.337065E+2
-1.090007E+1	8.223750E-3	5.350408E+2
-1.110007E+1	1.046875E-2	5.363751E+2
-1.130007E+1	1.127625E-2	5.377094E+2
-1.150007E+1	7.469583E-3	5.390436E+2
-1.170007E+1	6.231667E-3	5.403779E+2
-1.190007E+1	8.014583E-3	5.417122E+2
-1.210007E+1	8.295417E-3	5.430464E+2
-1.230007E+1	1.085625E-2	5.443807E+2
-1.250007E+1	9.095834E-3	5.457150E+2
-1.270007E+1	9.077917E-3	5.470493E+2
-1.290007E+1	1.193833E-2	5.483835E+2
-1.310007E+1	7.975833E-3	5.497178E+2
-1.330007E+1	8.452917E-3	5.510521E+2
-1.350007E+1	8.351250E-3	5.523863E+2
-1.370007E+1	7.132500E-3	5.537206E+2
-1.390007E+1	5.839167E-3	5.550548E+2
-1.410007E+1	9.105000E-3	5.563891E+2
-1.430007E+1	6.542083E-3	5.577234E+2
-1.450007E+1	9.423750E-3	5.590576E+2
-1.470007E+1	4.414584E-3	5.603919E+2
-1.490007E+1	8.147083E-3	5.617262E+2
-1.510007E+1	1.049500E-2	5.630604E+2
-1.530007E+1	5.970000E-3	5.643947E+2
-1.550007E+1	6.721250E-3	5.657289E+2
-1.570007E+1	5.716667E-3	5.670632E+2
-1.590007E+1	7.095833E-3	5.683975E+2
-1.610007E+1	7.382500E-3	5.697318E+2
-1.630007E+1	7.897084E-3	5.710660E+2
-1.650007E+1	1.034125E-2	5.724003E+2
-1.670007E+1	9.187084E-3	5.737346E+2
-1.690007E+1	1.058958E-2	5.750688E+2
-1.710007E+1	7.473750E-3	5.764031E+2
-1.730007E+1	6.187500E-3	5.777374E+2
-1.750007E+1	6.816667E-3	5.790717E+2
-1.770007E+1	9.135833E-3	5.804059E+2
-1.790007E+1	8.007917E-3	5.817402E+2
-1.810007E+1	5.551666E-3	5.830744E+2
-1.830007E+1	7.235417E-3	5.844087E+2
-1.850007E+1	8.523333E-3	5.857430E+2
-1.870007E+1	9.670417E-3	5.870772E+2
-1.890007E+1	7.662083E-3	5.884115E+2
-1.910007E+1	7.975833E-3	5.897458E+2
-1.930007E+1	9.350833E-3	5.910800E+2
-1.950007E+1	9.236250E-3	5.924143E+2
-1.970007E+1	3.030833E-3	5.937485E+2
-1.990007E+1	5.417916E-3	5.950828E+2
-2.010007E+1	5.686667E-3	5.964171E+2
-2.030007E+1	5.645833E-3	5.977513E+2
-2.050007E+1	7.782083E-3	5.990856E+2
-2.070007E+1	5.416667E-3	6.004199E+2
-2.090007E+1	5.942500E-3	6.017542E+2
-2.110007E+1	5.945000E-3	6.030884E+2
-2.130007E+1	6.936667E-3	6.044227E+2
-2.150007E+1	5.683333E-3	6.057570E+2
-2.170007E+1	7.002083E-3	6.070912E+2
-2.190007E+1	7.314583E-3	6.084255E+2
-2.210007E+1	8.304583E-3	6.097598E+2
-2.230007E+1	6.423750E-3	6.110941E+2
-2.250007E+1	7.599167E-3	6.124283E+2
-2.270007E+1	9.509583E-3	6.137626E+2
-2.290007E+1	9.200000E-3	6.150968E+2
-2.310007E+1	6.878750E-3	6.164311E+2
-2.330007E+1	8.800833E-3	6.177654E+2
-2.350007E+1	9.502917E-3	6.190996E+2
-2.370007E+1	8.702500E-3	6.204339E+2
-2.390007E+1	9.160417E-3	6.217681E+2
-2.410007E+1	7.982084E-3	6.231024E+2
-2.430007E+1	8.287500E-3	6.244367E+2
-2.450007E+1	5.358750E-3	6.257709E+2
-2.470007E+1	5.790417E-3	6.271052E+2
-2.490007E+1	8.838750E-3	6.284395E+2
-2.510007E+1	6.907084E-3	6.297737E+2
-2.530007E+1	7.100000E-3	6.311080E+2
-2.550007E+1	8.659584E-3	6.324423E+2
-2.570007E+1	1.121042E-2	6.337766E+2
-2.590007E+1	9.160417E-3	6.351108E+2
-2.610007E+1	6.727917E-3	6.364451E+2
-2.630007E+1	6.523333E-3	6.377794E+2
-2.650007E+1	7.175417E-3	6.391136E+2
-2.670007E+1	9.667500E-3	6.404479E+2
-2.690007E+1	6.783750E-3	6.417822E+2
-2.710007E+1	7.563333E-3	6.431164E+2
-2.730007E+1	5.907500E-3	6.444507E+2
-2.750007E+1	7.694583E-3	6.457850E+2
-2.770007E+1	5.985000E-3	6.471192E+2
-2.790007E+1	7.160833E-3	6.484535E+2
-2.810007E+1	7.879583E-3	6.497878E+2
-2.830007E+1	5.585417E-3	6.511220E+2
-2.850007E+1	6.844167E-3	6.524563E+2
-2.870007E+1	4.096667E-3	6.537905E+2
-2.890007E+1	6.860833E-3	6.551248E+2
-2.910007E+1	9.148750E-3	6.564591E+2
-2.930007E+1	5.618333E-3	6.577933E+2
-2.950007E+1	4.268750E-3	6.591276E+2
-2.970007E+1	8.246250E-3	6.604619E+2
-2.990007E+1	7.760000E-3	6.617961E+2
-3.010007E+1	1.124583E-2	6.631304E+2
-3.030007E+1	7.287917E-3	6.644647E+2
-3.050007E+1	7.591667E-3	6.657990E+2
-3.070007E+1	6.491250E-3	6.671332E+2
-3.090007E+1	5.437500E-3	6.684675E+2
-3.110007E+1	7.602917E-3	6.698018E+2
-3.130007E+1	7.965417E-3	6.711360E+2
-3.150007E+1	8.498333E-3	6.724703E+2
-3.170007E+1	6.909166E-3	6.738046E+2
-3.190007E+1	5.320417E-3	6.751388E+2
-3.210007E+1	5.955833E-3	6.764731E+2
-3.230007E+1	5.025833E-3	6.778074E+2
-3.250007E+1	7.400417E-3	6.791416E+2
-3.270007E+1	6.415833E-3	6.804759E+2
-3.290007E+1	8.874167E-3	6.818101E+2
-3.310007E+1	6.746250E-3	6.831444E+2
-3.330007E+1	7.532083E-3	6.844787E+2
-3.350007E+1	6.349167E-3	6.858129E+2
-3.370007E+1	5.471250E-3	6.871472E+2
-3.390007E+1	6.430417E-3	6.884815E+2
-3.410007E+1	7.685000E-3	6.898157E+2
-3.430007E+1	4.380833E-3	6.911500E+2
-3.450007E+1	2.703333E-3	6.924843E+2
-3.470007E+1	8.241250E-3	6.938185E+2
-3.490007E+1	5.104166E-3	6.951528E+2
-3.510007E+1	6.502500E-3	6.964871E+2
-3.530007E+1	5.207083E-3	6.978214E+2
-3.550007E+1	6.589583E-3	6.991556E+2
-3.570007E+1	8.742084E-3	7.004899E+2
-3.590007E+1	8.438750E-3	7.018242E+2
-3.610007E+1	6.618334E-3	7.031584E+2
-3.630007E+1	7.604583E-3	7.044927E+2
-3.650007E+1	8.417500E-3	7.058270E+2
-3.670007E+1	8.036667E-3	7.071612E+2
-3.690007E+1	6.445000E-3	7.084955E+2
-3.710007E+1	6.797500E-3	7.098297E+2
-3.730007E+1	4.894583E-3	7.111640E+2
-3.750007E+1	6.667500E-3	7.124983E+2
-3.770007E+1	5.885833E-3	7.138325E+2
-3.790007E+1	6.595416E-3	7.151668E+2
-3.810007E+1	6.367500E-3	7.165011E+2
-3.830007E+1	6.948333E-3	7.178353E+2
-3.850007E+1	5.714583E-3	7.191696E+2
-3.870007E+1	8.599167E-3	7.205038E+2
-3.890007E+1	8.034167E-3	7.218381E+2
-3.910007E+1	7.604583E-3	7.231724E+2
-3.930007E+1	8.556250E-3	7.245067E+2
-3.950007E+1	7.661250E-3	7.258409E+2
-3.970007E+1	8.002916E-3	7.271752E+2
-3.990007E+1	7.335000E-3	7.285095E+2
-4.010007E+1	5.269167E-3	7.298437E+2
-4.030007E+1	5.551250E-3	7.311780E+2
-4.050007E+1	5.895000E-3	7.325123E+2
-4.070007E+1	1.000917E-2	7.338466E+2
-4.090007E+1	5.672917E-3	7.351808E+2
-4.110007E+1	5.857083E-3	7.365151E+2
-4.130007E+1	9.046250E-3	7.378494E+2
-4.150007E+1	6.252500E-3	7.391836E+2
-4.170007E+1	7.146667E-3	7.405179E+2
-4.190007E+1	8.792916E-3	7.418521E+2
-4.210007E+1	5.765833E-3	7.431864E+2
-4.230007E+1	6.656667E-3	7.445207E+2
-4.250007E+1	5.987084E-3	7.458549E+2
-4.270007E+1	7.397500E-3	7.471892E+2
-4.290007E+1	2.511250E-3	7.485234E+2
-4.310007E+1	5.365833E-3	7.498577E+2
-4.330007E+1	6.413750E-3	7.511920E+2
-4.350007E+1	4.452917E-3	7.525262E+2
-4.370007E+1	6.766667E-3	7.538605E+2
-4.390007E+1	7.756250E-3	7.551948E+2
-4.410007E+1	4.163750E-3	7.565291E+2
-4.430007E+1	6.695417E-3	7.578633E+2
-4.450007E+1	5.826666E-3	7.591976E+2
-4.470007E+1	7.649583E-3	7.605319E+2
-4.490007E+1	4.987916E-3	7.618661E+2
-4.510007E+1	4.231667E-3	7.632004E+2
-4.530007E+1	5.122917E-3	7.645347E+2
-4.550007E+1	5.466667E-3	7.658690E+2
-4.570007E+1	6.920417E-3	7.672032E+2
-4.590007E+1	8.812083E-3	7.685375E+2
-4.610007E+1	5.913334E-3	7.698717E+2
-4.630007E+1	7.046250E-3	7.712060E+2
-4.650007E+1	6.074167E-3	7.725403E+2
-4.670007E+1	6.072083E-3	7.738745E+2
-4.690007E+1	3.872500E-3	7.752088E+2
-4.710007E+1	9.272916E-3	7.765431E+2
-4.730007E+1	7.740417E-3	7.778773E+2
-4.750007E+1	7.635416E-3	7.792116E+2
-4.770007E+1	4.466250E-3	7.805458E+2
-4.790007E+1	8.414167E-3	7.818801E+2
-4.810007E+1	5.815000E-3	7.832144E+2
-4.830007E+1	8.732083E-3	7.845486E+2
-4.850007E+1	6.072917E-3	7.858829E+2
-4.870007E+1	8.035417E-3	7.872172E+2
-4.890007E+1	6.493750E-3	7.885515E+2
-4.910007E+1	5.448333E-3	7.898857E+2
-4.930007E+1	5.337083E-3	7.912200E+2
-4.950007E+1	6.242916E-3	7.925543E+2
-4.970007E+1	1.006792E-2	7.938885E+2
-4.990007E+1	8.143334E-3	7.952228E+2
-5.010007E+1	4.084167E-3	7.965571E+2
-5.030007E+1	5.576666E-3	7.978913E+2
-5.050007E+1	6.728750E-3	7.992256E+2
-5.070007E+1	6.048333E-3	8.005599E+2
-5.090007E+1	6.988750E-3	8.018941E+2
-5.110007E+1	6.970417E-3	8.032284E+2
-5.130007E+1	6.314167E-3	8.045627E+2
-5.150007E+1	5.926250E-3	8.058969E+2
-5.170007E+1	7.277917E-3	8.072312E+2
-5.190007E+1	5.973333E-3	8.085654E+2
-5.210007E+1	6.420000E-3	8.098997E+2
-5.230007E+1	8.055833E-3	8.112340E+2
-5.250007E+1	7.952083E-3	8.125682E+2
-5.270007E+1	6.687917E-3	8.139025E+2
-5.290007E+1	3.489167E-3	8.152368E+2
-5.310007E+1	4.785417E-3	8.165710E+2
-5.330007E+1	4.048750E-3	8.179053E+2
-5.350007E+1	6.337500E-3	8.192396E+2
-5.370007E+1	5.004167E-3	8.205739E+2
-5.390007E+1	5.637083E-3	8.219081E+2
-5.410007E+1	8.413333E-3	8.232424E+2
-5.430007E+1	6.759167E-3	8.245767E+2
-5.450007E+1	7.114583E-3	8.259109E+2
-5.470007E+1	6.622083E-3	8.272452E+2
-5.490007E+1	6.399584E-3	8.285795E+2
-5.510007E+1	4.098333E-3	8.299137E+2
-5.530007E+1	5.664167E-3	8.312480E+2
-5.550007E+1	9.320834E-3	8.325823E+2
-5.570007E+1	6.558334E-3	8.339165E+2
-5.590007E+1	7.705417E-3	8.352508E+2
-5.610007E+1	8.979583E-3	8.365850E+2
-5.630007E+1	7.128750E-3	8.379193E+2
-5.650007E+1	4.844167E-3	8.392536E+2
-5.670007E+1	6.108750E-3	8.405878E+2
-5.690007E+1	2.343750E-3	8.419221E+2
-5.710007E+1	4.302917E-3	8.432564E+2
-5.730007E+1	1.642917E-3	8.445906E+2
-5.750007E+1	4.677083E-3	8.459249E+2
-5.770007E+1	7.168334E-3	8.472592E+2
-5.790007E+1	9.438333E-3	8.485934E+2
-5.810007E+1	6.038333E-3	8.499277E+2
-5.830007E+1	4.701250E-3	8.512620E+2
-5.850007E+1	5.304167E-3	8.525963E+2
-5.870007E+1	1.109750E-2	8.539305E+2
-5.890007E+1	9.165000E-3	8.552648E+2
-5.910007E+1	8.500417E-3	8.565991E+2
-5.930007E+1	7.737500E-3	8.579333E+2
-5.950007E+1	6.378750E-3	8.592676E+2
-5.970007E+1	8.541667E-3	8.606019E+2
-5.990007E+1	4.390833E-3	8.619361E+2
-6.010007E+1	9.538750E-3	8.632704E+2
-6.030007E+1	7.263334E-3	8.646047E+2
-6.050007E+1	8.280833E-3	8.659389E+2
-6.070007E+1	7.272917E-3	8.672732E+2
-6.090007E+1	7.792917E-3	8.686074E+2
-6.110007E+1	5.397500E-3	8.699417E+2
-6.130007E+1	2.547083E-3	8.712760E+2
-6.150007E+1	7.367917E-3	8.726102E+2
-6.170007E+1	6.820833E-3	8.739445E+2
-6.190007E+1	4.368750E-3	8.752788E+2
-6.210007E+1	5.609167E-3	8.766130E+2
-6.230007E+1	3.023750E-3	8.779473E+2
-6.250007E+1	6.857500E-3	8.792816E+2
-6.270007E+1	6.235417E-3	8.806158E+2
-6.290007E+1	7.722083E-3	8.819501E+2
-6.310007E+1	5.828750E-3	8.832844E+2
-6.330007E+1	8.347083E-3	8.846187E+2
-6.350007E+1	1.003833E-2	8.859529E+2
-6.370007E+1	6.420000E-3	8.872872E+2
-6.390007E+1	2.687917E-3	8.886215E+2
-6.410007E+1	3.791250E-3	8.899557E+2
-6.430007E+1	8.165416E-3	8.912900E+2
-6.450007E+1	7.595417E-3	8.926243E+2
-6.470007E+1	8.357500E-3	8.939585E+2
-6.490007E+1	7.682083E-3	8.952928E+2
-6.510007E+1	9.967500E-3	8.966270E+2
-6.530007E+1	7.857083E-3	8.979613E+2
-6.550007E+1	4.325000E-3	8.992956E+2
-6.570007E+1	6.311667E-3	9.006298E+2
-6.590007E+1	6.963333E-3	9.019641E+2
-6.610007E+1	5.885833E-3	9.032984E+2
-6.630007E+1	5.234583E-3	9.046326E+2
-6.650007E+1	4.977500E-3	9.059669E+2
-6.670007E+1	5.499166E-3	9.073011E+2
-6.690007E+1	8.707500E-3	9.086354E+2
-6.710007E+1	8.389167E-3	9.099697E+2
-6.730007E+1	6.440833E-3	9.113040E+2
-6.750007E+1	4.778333E-3	9.126382E+2
-6.770007E+1	4.956667E-3	9.139725E+2
-6.790007E+1	7.632083E-3	9.153068E+2
-6.810007E+1	7.965833E-3	9.166411E+2
-6.830007E+1	6.148333E-3	9.179753E+2
-6.850007E+1	6.177083E-3	9.193096E+2
-6.870007E+1	2.669583E-3	9.206439E+2
-6.890007E+1	4.917083E-3	9.219781E+2
-6.910007E+1	3.104583E-3	9.233124E+2
-6.930007E+1	4.944583E-3	9.246466E+2
-6.950007E+1	4.699583E-3	9.259809E+2
-6.970007E+1	7.121667E-3	9.273152E+2
-6.990007E+1	4.336250E-3	9.286494E+2
-7.010007E+1	4.711250E-3	9.299837E+2
-7.030007E+1	4.904167E-3	9.313180E+2
-7.050007E+1	5.284167E-3	9.326522E+2
-7.070007E+1	6.837500E-3	9.339865E+2
-7.090007E+1	9.338333E-3	9.353207E+2
-7.110007E+1	6.435833E-3	9.366550E+2
-7.130007E+1	5.793334E-3	9.379893E+2
-7.150007E+1	2.537917E-3	9.393235E+2
-7.170007E+1	4.882083E-3	9.406578E+2
-7.190007E+1	9.748750E-3	9.419921E+2
-7.210007E+1	8.848334E-3	9.433264E+2
-7.230007E+1	3.851667E-3	9.446606E+2
-7.250007E+1	5.379166E-3	9.459949E+2
-7.270007E+1	4.922083E-3	9.473292E+2
-7.290007E+1	2.135000E-3	9.486635E+2
-7.310007E+1	4.298334E-3	9.499977E+2
-7.330007E+1	3.827500E-3	9.513320E+2
-7.350007E+1	5.804583E-3	9.526663E+2
-7.370007E+1	7.615417E-3	9.540005E+2
-7.390007E+1	6.008334E-3	9.553348E+2
-7.410007E+1	7.785417E-3	9.566690E+2
-7.430007E+1	8.007083E-3	9.580033E+2
-7.450007E+1	6.206667E-3	9.593376E+2
-7.470007E+1	4.696667E-3	9.606718E+2
-7.490007E+1	5.137500E-3	9.620061E+2
-7.510007E+1	7.497916E-3	9.633404E+2
-7.530007E+1	4.752917E-3	9.646746E+2
-7.550007E+1	5.868750E-3	9.660089E+2
-7.570007E+1	9.716666E-3	9.673431E+2
-7.590007E+1	8.674583E-3	9.686774E+2
-7.610007E+1	6.394166E-3	9.700117E+2
-7.630007E+1	3.048750E-3	9.713459E+2
-7.650007E+1	4.045833E-3	9.726802E+2
-7.670007E+1	6.495000E-3	9.740145E+2
-7.690007E+1	6.947916E-3	9.753488E+2
-7.710007E+1	6.526667E-3	9.766830E+2
-7.730007E+1	5.465833E-3	9.780173E+2
-7.750007E+1	5.189583E-3	9.793516E+2
-7.770007E+1	9.379167E-3	9.806859E+2
-7.790007E+1	7.539167E-3	9.820201E+2
-7.810007E+1	7.998333E-3	9.833544E+2
-7.830007E+1	7.276667E-3	9.846886E+2
-7.850007E+1	4.097917E-3	9.860229E+2
-7.870007E+1	5.163333E-3	9.873572E+2
-7.890007E+1	5.622917E-3	9.886914E+2
-7.910007E+1	9.209166E-3	9.900257E+2
-7.930007E+1	7.367083E-3	9.913600E+2
-7.950007E+1	4.608750E-3	9.926942E+2
-7.970007E+1	4.892917E-3	9.940285E+2
-7.990007E+1	1.057167E-2	9.953627E+2
-8.010007E+1	8.997084E-3	9.966970E+2
-8.030007E+1	1.001667E-3	9.980313E+2
-8.050007E+1	4.735000E-3	9.993655E+2
-8.070007E+1	7.266250E-3	1.000700E+3
-8.090007E+1	5.415834E-3	1.002034E+3
-8.110007E+1	5.869583E-3	1.003368E+3
-8.130007E+1	1.087708E-2	1.004703E+3
-8.150007E+1	6.464167E-3	1.006037E+3
-8.170007E+1	8.911666E-3	1.007371E+3
-8.190007E+1	5.718750E-3	1.008705E+3
-8.210007E+1	6.460000E-3	1.010040E+3
-8.230007E+1	7.855000E-3	1.011374E+3
-8.250007E+1	4.699167E-3	1.012708E+3
-8.270007E+1	6.930833E-3	1.014042E+3
-8.290007E+1	8.160000E-3	1.015377E+3
-8.310007E+1	8.531250E-3	1.016711E+3
-8.330007E+1	6.260000E-3	1.018045E+3
-8.350007E+1	8.860833E-3	1.019380E+3
-8.370007E+1	9.036667E-3	1.020714E+3
-8.390007E+1	8.482500E-3	1.022048E+3
-8.410007E+1	1.035250E-2	1.023382E+3
-8.430007E+1	5.557084E-3	1.024717E+3
-8.450007E+1	4.267917E-3	1.026051E+3
-8.470007E+1	3.544167E-3	1.027385E+3
-8.490007E+1	3.227500E-3	1.028719E+3
-8.510007E+1	6.531666E-3	1.030054E+3
-8.530007E+1	5.167500E-3	1.031388E+3
-8.550007E+1	2.863333E-3	1.032722E+3
-8.570007E+1	5.948334E-3	1.034057E+3
-8.590007E+1	3.993750E-3	1.035391E+3
-8.610007E+1	4.985834E-3	1.036725E+3
-8.630007E+1	4.475417E-3	1.038059E+3
-8.650007E+1	4.485833E-3	1.039394E+3
-8.670007E+1	9.442084E-3	1.040728E+3
-8.690007E+1	9.135833E-3	1.042062E+3
-8.710007E+1	4.760833E-3	1.043396E+3
-8.730007E+1	3.105000E-3	1.044731E+3
-8.750007E+1	6.542500E-3	1.046065E+3
-8.770007E+1	4.673750E-3	1.047399E+3
-8.790007E+1	9.410417E-3	1.048733E+3
-8.810007E+1	6.471250E-3	1.050068E+3
-8.830007E+1	4.894583E-3	1.051402E+3
-8.850007E+1	5.884583E-3	1.052736E+3
-8.870007E+1	6.186667E-3	1.054070E+3
-8.890007E+1	6.547917E-3	1.055405E+3
-8.910007E+1	5.955833E-3	1.056739E+3
-8.930007E+1	2.937917E-3	1.058073E+3
-8.950007E+1	6.332500E-3	1.059408E+3
-8.970007E+1	6.363333E-3	1.060742E+3
-8.990007E+1	6.720417E-3	1.062076E+3
-9.010007E+1	2.404583E-3	1.063410E+3
-9.030007E+1	7.369167E-3	1.064745E+3
-9.050007E+1	4.543333E-3	1.066079E+3
-9.070007E+1	4.202917E-3	1.067413E+3
-9.090007E+1	4.295000E-3	1.068747E+3
-9.110007E+1	3.984584E-3	1.070082E+3
-9.130007E+1	3.322083E-3	1.071416E+3
-9.150007E+1	7.581667E-3	1.072750E+3
-9.170007E+1	4.864166E-3	1.074084E+3
-9.190007E+1	6.204583E-3	1.075419E+3
-9.210007E+1	6.130833E-3	1.076753E+3
-9.230007E+1	1.020875E-2	1.078087E+3
-9.250007E+1	5.596667E-3	1.079422E+3
-9.270007E+1	6.195000E-3	1.080756E+3
-9.290007E+1	4.224167E-3	1.082090E+3
-9.310007E+1	6.479583E-3	1.083424E+3
-9.330007E+1	6.206250E-3	1.084759E+3
-9.350007E+1	6.322500E-3	1.086093E+3
-9.370007E+1	6.931250E-3	1.087427E+3
-9.390007E+1	6.298750E-3	1.088761E+3
-9.410007E+1	6.632917E-3	1.090096E+3
-9.430007E+1	7.181667E-3	1.091430E+3
-9.450007E+1	6.767500E-3	1.092764E+3
-9.470007E+1	6.436666E-3	1.094099E+3
-9.490007E+1	8.274167E-3	1.095433E+3
-9.510007E+1	8.280833E-3	1.096767E+3
-9.530007E+1	2.683333E-3	1.098101E+3
-9.550007E+1	2.326250E-3	1.099436E+3
-9.570007E+1	5.620833E-3	1.100770E+3
-9.590007E+1	6.788333E-3	1.102104E+3
-9.610007E+1	6.670000E-3	1.103438E+3
-9.630007E+1	7.756667E-3	1.104773E+3
-9.650007E+1	7.693334E-3	1.106107E+3
-9.670007E+1	7.485833E-3	1.107441E+3
-9.690007E+1	4.554166E-3	1.108775E+3
-9.710007E+1	6.663750E-3	1.110110E+3
-9.730007E+1	6.900417E-3	1.111444E+3
-9.750007E+1	5.025417E-3	1.112778E+3
-9.770007E+1	5.057917E-3	1.114112E+3
-9.790007E+1	5.752083E-3	1.115447E+3
-9.810007E+1	7.891667E-3	1.116781E+3
-9.830007E+1	6.325000E-3	1.118115E+3
-9.850007E+1	4.735000E-3	1.119450E+3
-9.870007E+1	7.206667E-3	1.120784E+3
-9.890007E+1	5.175417E-3	1.122118E+3
-9.910007E+1	5.986250E-3	1.123452E+3
-9.930007E+1	5.053333E-3	1.124787E+3
-9.950007E+1	8.467500E-3	1.126121E+3
-9.970007E+1	8.085000E-3	1.127455E+3
-9.990007E+1	7.587500E-3	1.128789E+3
-1.001001E+2	7.918750E-3	1.130124E+3
-1.003001E+2	7.335417E-3	1.131458E+3
-1.005001E+2	7.773750E-3	1.132792E+3
-1.007001E+2	8.082917E-3	1.134126E+3
-1.009001E+2	7.025833E-3	1.135461E+3
-1.011001E+2	4.189167E-3	1.136795E+3
-1.013001E+2	8.484583E-3	1.138129E+3
-1.015001E+2	7.901667E-3	1.139464E+3
-1.017001E+2	8.822083E-3	1.140798E+3
-1.019001E+2	6.217083E-3	1.142132E+3
-1.021001E+2	4.151667E-3	1.143466E+3
-1.023001E+2	3.335833E-3	1.144801E+3
-1.025001E+2	6.857500E-3	1.146135E+3
-1.027001E+2	7.669167E-3	1.147469E+3
-1.029001E+2	5.265417E-3	1.148803E+3
-1.031001E+2	2.245833E-3	1.150138E+3
-1.033001E+2	4.829166E-3	1.151472E+3
-1.035001E+2	3.716250E-3	1.152806E+3
-1.037001E+2	5.587500E-4	1.154141E+3
-1.039001E+2	3.045417E-3	1.155475E+3
-1.041001E+2	6.141250E-3	1.156809E+3
-1.043001E+2	6.216250E-3	1.158143E+3
-1.045001E+2	5.215000E-3	1.159478E+3
-1.047001E+2	5.192083E-3	1.160812E+3
-1.049001E+2	6.342500E-3	1.162146E+3
-1.051001E+2	6.973333E-3	1.163480E+3
-1.053001E+2	7.636250E-3	1.164815E+3
-1.055001E+2	5.783333E-3	1.166149E+3
-1.057001E+2	5.214583E-3	1.167483E+3
-1.059001E+2	6.785833E-3	1.168817E+3
-1.061001E+2	5.407917E-3	1.170152E+3
-1.063001E+2	7.768750E-3	1.171486E+3
-1.065001E+2	5.765833E-3	1.172820E+3
-1.067001E+2	2.949167E-3	1.174154E+3
-1.069001E+2	2.451250E-3	1.175489E+3
-1.071001E+2	6.866666E-3	1.176823E+3
-1.073001E+2	2.835833E-3	1.178157E+3
-1.075001E+2	5.712917E-3	1.179492E+3
-1.077001E+2	6.064167E-3	1.180826E+3
-1.079001E+2	7.017500E-3	1.182160E+3
-1.081001E+2	6.255000E-3	1.183494E+3
-1.083001E+2	6.467500E-3	1.184829E+3
-1.085001E+2	4.790416E-3	1.186163E+3
-1.087001E+2	6.675417E-3	1.187497E+3
-1.089001E+2	9.377084E-3	1.188831E+3
-1.091001E+2	7.849167E-3	1.190166E+3
-1.093001E+2	7.282083E-3	1.191500E+3
-1.095001E+2	5.432917E-3	1.192834E+3
-1.097001E+2	7.325417E-3	1.194168E+3
-1.099001E+2	8.471250E-3	1.195503E+3
-1.101001E+2	6.856250E-3	1.196837E+3
-1.103001E+2	9.960417E-3	1.198171E+3
-1.105001E+2	8.278334E-3	1.199505E+3
-1.107001E+2	5.023750E-3	1.200840E+3
-1.109001E+2	4.396250E-3	1.202174E+3
-1.111001E+2	9.037917E-3	1.203508E+3
-1.113001E+2	1.086417E-2	1.204843E+3
-1.115001E+2	7.299583E-3	1.206177E+3
-1.117001E+2	6.804167E-3	1.207511E+3
-1.119001E+2	6.799167E-3	1.208845E+3
-1.121001E+2	5.660000E-3	1.210180E+3
-1.123001E+2	6.801250E-3	1.211514E+3
-1.125001E+2	6.736250E-3	1.212848E+3
-1.127001E+2	4.798333E-3	1.214182E+3
-1.129001E+2	4.861667E-3	1.215517E+3
-1.131001E+2	5.478333E-3	1.216851E+3
-1.133001E+2	6.513333E-3	1.218185E+3
-1.135001E+2	4.380000E-3	1.219520E+3
-1.137001E+2	2.159167E-3	1.220854E+3
-1.139001E+2	6.035417E-3	1.222188E+3
-1.141001E+2	6.623750E-3	1.223522E+3
-1.143001E+2	3.897917E-3	1.224857E+3
-1.145001E+2	3.740000E-3	1.226191E+3
-1.147001E+2	6.130417E-3	1.227525E+3
-1.149001E+2	6.393750E-3	1.228859E+3
-1.151001E+2	7.019583E-3	1.230194E+3
-1.153001E+2	3.847500E-3	1.231528E+3
-1.155001E+2	7.194583E-3	1.232862E+3
-1.157001E+2	8.715000E-3	1.234196E+3
-1.159001E+2	4.877083E-3	1.235531E+3
-1.161001E+2	3.694583E-3	1.236865E+3
-1.163001E+2	2.131667E-3	1.238199E+3
-1.165001E+2	6.584583E-3	1.239534E+3
-1.167001E+2	1.046125E-2	1.240868E+3
-1.169001E+2	6.853750E-3	1.242202E+3
-1.171001E+2	6.026667E-3	1.243536E+3
-1.173001E+2	6.085000E-3	1.244871E+3
-1.175001E+2	9.380000E-3	1.246205E+3
-1.177001E+2	7.226250E-3	1.247539E+3
-1.179001E+2	4.683750E-3	1.248873E+3
-1.181001E+2	8.740000E-3	1.250208E+3
-1.183001E+2	8.194166E-3	1.251542E+3
-1.185001E+2	6.544583E-3	1.252876E+3
-1.187001E+2	6.604167E-3	1.254210E+3
-1.189001E+2	7.536250E-3	1.255545E+3
-1.191001E+2	6.618750E-3	1.256879E+3
-1.193001E+2	4.417500E-3	1.258213E+3
-1.195001E+2	3.079583E-3	1.259547E+3
-1.197001E+2	5.566250E-3	1.260882E+3
-1.199001E+2	3.167083E-3	1.262216E+3
-1.201001E+2	5.912917E-3	1.263550E+3
-1.203001E+2	5.262916E-3	1.264885E+3
-1.205001E+2	4.253750E-3	1.266219E+3
-1.207001E+2	4.452917E-3	1.267553E+3
-1.209001E+2	5.763750E-3	1.268887E+3
-1.211001E+2	2.834583E-3	1.270222E+3
-1.213001E+2	6.358750E-3	1.271556E+3
-1.215001E+2	5.042917E-3	1.272890E+3
-1.217001E+2	4.052500E-3	1.274224E+3
-1.219001E+2	5.003750E-3	1.275559E+3
-1.221001E+2	3.163750E-3	1.276893E+3
-1.223001E+2	7.100833E-3	1.278227E+3
-1.225001E+2	7.489583E-3	1.279562E+3
-1.227001E+2	4.910416E-3	1.280896E+3
-1.229001E+2	6.079583E-3	1.282230E+3
-1.231001E+2	8.079167E-4	1.283564E+3
-1.233001E+2	5.672917E-3	1.284899E+3
-1.235001E+2	6.600000E-3	1.286233E+3
-1.237001E+2	6.145417E-3	1.287567E+3
-1.239001E+2	4.365000E-3	1.288901E+3
-1.241001E+2	3.581250E-3	1.290236E+3
-1.243001E+2	4.855000E-3	1.291570E+3
-1.245001E+2	8.290417E-3	1.292904E+3
-1.247001E+2	6.351667E-3	1.294238E+3
-1.249001E+2	5.358750E-3	1.295573E+3
-1.251001E+2	4.018333E-3	1.296907E+3
-1.253001E+2	3.347500E-3	1.298241E+3
-1.255001E+2	1.205833E-3	1.299576E+3
-1.257001E+2	1.276667E-3	1.300910E+3
-1.259001E+2	4.724167E-3	1.302244E+3
-1.261001E+2	7.645417E-3	1.303578E+3
-1.263001E+2	4.042916E-3	1.304913E+3
-1.265001E+2	4.879583E-3	1.306247E+3
-1.267001E+2	5.880000E-3	1.307581E+3
-1.269001E+2	6.692917E-3	1.308915E+3
-1.271001E+2	6.304584E-3	1.310250E+3
-1.273001E+2	3.485000E-3	1.311584E+3
-1.275001E+2	5.205833E-3	1.312918E+3
-1.277001E+2	7.175833E-3	1.314252E+3
-1.279001E+2	8.212917E-3	1.315587E+3
-1.281001E+2	6.522500E-3	1.316921E+3
-1.283001E+2	4.761667E-3	1.318255E+3
-1.285001E+2	4.973750E-3	1.319589E+3
-1.287001E+2	6.733333E-3	1.320924E+3
-1.289001E+2	3.055417E-3	1.322258E+3
-1.291001E+2	5.500000E-3	1.323592E+3
-1.293001E+2	7.563750E-3	1.324927E+3
-1.295001E+2	1.064625E-2	1.326261E+3
-1.297001E+2	8.244167E-3	1.327595E+3
-1.299001E+2	4.650417E-3	1.328929E+3
-1.301001E+2	5.659583E-3	1.330264E+3
-1.303001E+2	5.225000E-3	1.331598E+3
-1.305001E+2	1.558333E-3	1.332932E+3
-1.307001E+2	2.966667E-3	1.334266E+3
-1.309001E+2	3.046667E-3	1.335601E+3
-1.311001E+2	4.431667E-3	1.336935E+3
-1.313001E+2	2.162083E-3	1.338269E+3
-1.315001E+2	6.980000E-3	1.339604E+3
-1.317001E+2	2.994583E-3	1.340938E+3
-1.319001E+2	6.975417E-3	1.342272E+3
-1.321001E+2	3.463333E-3	1.343606E+3
-1.323001E+2	3.887500E-3	1.344941E+3
-1.325001E+2	2.837917E-3	1.346275E+3
-1.327001E+2	3.174167E-3	1.347609E+3
-1.329001E+2	4.694167E-3	1.348943E+3
-1.331001E+2	5.352500E-3	1.350278E+3
-1.333001E+2	6.491667E-3	1.351612E+3
-1.335001E+2	2.020000E-3	1.352946E+3
-1.337001E+2	6.299166E-3	1.354280E+3
-1.339001E+2	6.129583E-3	1.355615E+3
-1.341001E+2	4.595833E-3	1.356949E+3
-1.343001E+2	7.681667E-3	1.358283E+3
-1.345001E+2	3.992500E-3	1.359617E+3
-1.347001E+2	4.684167E-3	1.360952E+3
-1.349001E+2	6.207083E-3	1.362286E+3
-1.351001E+2	3.466250E-3	1.363620E+3
-1.353001E+2	8.325833E-3	1.364955E+3
-1.355001E+2	5.171250E-3	1.366289E+3
