6.907495E+1	-8.010000E-3	0.000000E+0
6.907490E+1	-1.737667E-2	3.335666E-4
6.907485E+1	-1.557333E-2	6.671332E-4
6.907480E+1	-1.876333E-2	1.000700E-3
6.907475E+1	-1.338333E-2	1.334266E-3
6.907470E+1	-1.757000E-2	1.667833E-3
6.907465E+1	-1.434333E-2	2.001400E-3
6.907460E+1	-1.962667E-2	2.334966E-3
6.907455E+1	-2.131667E-2	2.668533E-3
6.907450E+1	-1.928667E-2	3.002099E-3
6.907445E+1	-1.250000E-2	3.335666E-3
6.907440E+1	-2.479667E-2	3.669233E-3
6.907435E+1	-1.899333E-2	4.002799E-3
6.907430E+1	-1.689000E-2	4.336366E-3
6.907425E+1	-1.636667E-2	4.669933E-3
6.907420E+1	-1.449333E-2	5.003499E-3
6.907415E+1	-1.201000E-2	5.337066E-3
6.907410E+1	-2.119333E-2	5.670632E-3
6.907405E+1	-2.319333E-2	6.004199E-3
6.907400E+1	-1.918667E-2	6.337766E-3
6.907395E+1	-2.012000E-2	6.671332E-3
6.907390E+1	-2.230000E-2	7.004899E-3
6.907385E+1	-2.127333E-2	7.338465E-3
6.907380E+1	-2.154000E-2	7.672032E-3
6.907375E+1	-1.438000E-2	8.005599E-3
6.907370E+1	-3.162667E-2	8.339165E-3
6.907365E+1	-2.846000E-2	8.672732E-3
6.907360E+1	-2.085000E-2	9.006298E-3
6.907355E+1	-1.595000E-2	9.339865E-3
6.907350E+1	-1.826667E-2	9.673432E-3
6.907345E+1	-2.160333E-2	1.000700E-2
6.907340E+1	-2.072000E-2	1.034056E-2
6.907335E+1	-1.730333E-2	1.067413E-2
6.907330E+1	-1.391667E-2	1.100770E-2
6.907325E+1	-1.645333E-2	1.134126E-2
6.907320E+1	-1.711000E-2	1.167483E-2
6.907315E+1	-2.661667E-2	1.200840E-2
6.907310E+1	-2.441333E-2	1.234196E-2
6.907305E+1	-1.810333E-2	1.267553E-2
6.907300E+1	-2.371333E-2	1.300910E-2
6.907295E+1	-1.852667E-2	1.334266E-2
6.907290E+1	-1.270667E-2	1.367623E-2
6.907285E+1	-1.483000E-2	1.400980E-2
6.907280E+1	-1.381000E-2	1.434336E-2
6.907275E+1	-1.587000E-2	1.467693E-2
6.907270E+1	-2.427000E-2	1.501050E-2
6.907265E+1	-1.323667E-2	1.534406E-2
6.907260E+1	-9.466667E-3	1.567763E-2
6.907255E+1	-1.106667E-2	1.601120E-2
6.907250E+1	-1.844000E-2	1.634476E-2
6.907245E+1	-2.327000E-2	1.667833E-2
6.907240E+1	-1.881333E-2	1.701190E-2
6.907235E+1	-1.131000E-2	1.734546E-2
6.907230E+1	-2.725333E-2	1.767903E-2
6.907225E+1	-2.296667E-2	1.801260E-2
6.907220E+1	-1.457000E-2	1.834616E-2
6.907215E+1	-1.620333E-2	1.867973E-2
6.907210E+1	-1.756667E-2	1.901330E-2
6.907205E+1	-1.631333E-2	1.934686E-2
6.907200E+1	-1.699667E-2	1.968043E-2
6.907195E+1	-7.043333E-3	2.001400E-2
6.907190E+1	-1.492333E-2	2.034756E-2
6.907185E+1	-1.689333E-2	2.068113E-2
6.907180E+1	-2.188000E-2	2.101470E-2
6.907175E+1	-2.190333E-2	2.134826E-2
6.907170E+1	-1.660333E-2	2.168183E-2
6.907165E+1	-8.533333E-3	2.201540E-2
6.907160E+1	-1.683667E-2	2.234896E-2
6.907155E+1	-2.095000E-2	2.268253E-2
6.907150E+1	-2.103333E-2	2.301610E-2
6.907145E+1	-1.839667E-2	2.334966E-2
6.907140E+1	-1.654667E-2	2.368323E-2
6.907135E+1	-1.663667E-2	2.401680E-2
6.907130E+1	-1.319000E-2	2.435036E-2
6.907125E+1	-2.036333E-2	2.468393E-2
6.907120E+1	-1.724000E-2	2.501750E-2
6.907115E+1	-1.837667E-2	2.535106E-2
6.907110E+1	-1.984333E-2	2.568463E-2
6.907105E+1	-2.391000E-2	2.601819E-2
6.907100E+1	-1.305333E-2	2.635176E-2
6.907095E+1	-2.395000E-2	2.668533E-2
6.907090E+1	-1.275333E-2	2.701890E-2
6.907085E+1	-1.975000E-2	2.735246E-2
6.907080E+1	-2.549333E-2	2.768603E-2
6.907075E+1	-1.506000E-2	2.801960E-2
6.907070E+1	-1.684667E-2	2.835316E-2
6.907065E+1	-1.443333E-2	2.868673E-2
6.907060E+1	-1.329000E-2	2.902029E-2
6.907055E+1	-9.023333E-3	2.935386E-2
6.907050E+1	-1.384000E-2	2.968743E-2
6.907045E+1	-1.324333E-2	3.002100E-2
6.907040E+1	-1.784000E-2	3.035456E-2
6.907035E+1	-1.571667E-2	3.068813E-2
6.907030E+1	-1.813000E-2	3.102169E-2
6.907025E+1	-1.592333E-2	3.135526E-2
6.907020E+1	-8.783333E-3	3.168883E-2
6.907015E+1	-1.856000E-2	3.202239E-2
6.907010E+1	-1.462333E-2	3.235596E-2
6.907005E+1	-1.130000E-2	3.268953E-2
6.907000E+1	-6.926666E-3	3.302309E-2
6.906995E+1	-1.896333E-2	3.335666E-2
6.906990E+1	-1.838000E-2	3.369023E-2
6.906985E+1	-9.330000E-3	3.402380E-2
6.906980E+1	-1.339000E-2	3.435736E-2
6.906975E+1	-2.146000E-2	3.469093E-2
6.906970E+1	-2.331000E-2	3.502449E-2
6.906965E+1	-1.695000E-2	3.535806E-2
6.906960E+1	-1.321667E-2	3.569163E-2
6.906955E+1	-1.993333E-2	3.602519E-2
6.906950E+1	-2.756667E-2	3.635876E-2
6.906945E+1	-1.475000E-2	3.669233E-2
6.906940E+1	-1.483333E-2	3.702589E-2
6.906935E+1	-1.322667E-2	3.735946E-2
6.906930E+1	-2.269000E-2	3.769303E-2
6.906925E+1	-1.235000E-2	3.802659E-2
6.906920E+1	-1.325000E-2	3.836016E-2
6.906915E+1	-1.958000E-2	3.869373E-2
6.906910E+1	-1.605667E-2	3.902729E-2
6.906905E+1	-1.045333E-2	3.936086E-2
6.906900E+1	-1.751333E-2	3.969442E-2
6.906895E+1	-2.191333E-2	4.002799E-2
6.906890E+1	-4.870000E-3	4.036156E-2
6.906885E+1	-7.306667E-3	4.069513E-2
6.906880E+1	-9.966667E-3	4.102869E-2
6.906875E+1	-1.450667E-2	4.136226E-2
6.906870E+1	-1.340333E-2	4.169583E-2
6.906865E+1	-5.730000E-3	4.202939E-2
6.906860E+1	-1.505333E-2	4.236296E-2
6.906855E+1	-1.289333E-2	4.269652E-2
6.906850E+1	-1.363000E-2	4.303009E-2
6.906845E+1	-1.116333E-2	4.336366E-2
6.906840E+1	-1.268667E-2	4.369723E-2
6.906835E+1	-1.361333E-2	4.403079E-2
6.906830E+1	-1.788000E-2	4.436436E-2
6.906825E+1	-1.965333E-2	4.469793E-2
6.906820E+1	-2.655333E-2	4.503149E-2
6.906815E+1	-2.745667E-2	4.536506E-2
6.906810E+1	-1.529333E-2	4.569862E-2
6.906805E+1	-1.430333E-2	4.603219E-2
6.906800E+1	-2.160667E-2	4.636576E-2
6.906795E+1	-8.603333E-3	4.669933E-2
6.906790E+1	-1.899333E-2	4.703289E-2
6.906785E+1	-1.945333E-2	4.736646E-2
6.906780E+1	-2.951000E-2	4.770003E-2
6.906775E+1	-1.584000E-2	4.803359E-2
6.906770E+1	-1.079333E-2	4.836716E-2
6.906765E+1	-9.233333E-3	4.870072E-2
6.906760E+1	-2.184667E-2	4.903429E-2
6.906755E+1	-1.888667E-2	4.936786E-2
6.906750E+1	-1.229000E-2	4.970143E-2
6.906745E+1	-1.368000E-2	5.003499E-2
6.906740E+1	-1.428667E-2	5.036856E-2
6.906735E+1	-1.523667E-2	5.070212E-2
6.906730E+1	-2.138667E-2	5.103569E-2
6.906725E+1	-1.347667E-2	5.136926E-2
6.906720E+1	-1.577667E-2	5.170282E-2
6.906715E+1	-1.301667E-2	5.203639E-2
6.906710E+1	-1.671667E-2	5.236996E-2
6.906705E+1	-1.212667E-2	5.270352E-2
6.906700E+1	-1.204000E-2	5.303709E-2
6.906695E+1	-1.049000E-2	5.337066E-2
6.906690E+1	-6.173333E-3	5.370422E-2
6.906685E+1	-6.963333E-3	5.403779E-2
6.906680E+1	-1.208667E-2	5.437136E-2
6.906675E+1	-2.376667E-3	5.470492E-2
6.906670E+1	-8.423333E-3	5.503849E-2
6.906665E+1	-1.156000E-2	5.537206E-2
6.906660E+1	-1.540333E-2	5.570562E-2
6.906655E+1	-1.402000E-2	5.603919E-2
6.906650E+1	-1.393000E-2	5.637276E-2
6.906645E+1	-1.586667E-2	5.670632E-2
6.906640E+1	-1.385667E-2	5.703989E-2
6.906635E+1	-1.452000E-2	5.737346E-2
6.906630E+1	-8.973333E-3	5.770702E-2
6.906625E+1	-9.496666E-3	5.804059E-2
6.906620E+1	-8.196667E-3	5.837416E-2
6.906615E+1	-1.715667E-2	5.870772E-2
6.906610E+1	-1.310333E-2	5.904129E-2
6.906605E+1	-1.736333E-2	5.937486E-2
6.906600E+1	-1.230333E-2	5.970842E-2
6.906595E+1	-1.303333E-2	6.004199E-2
6.906590E+1	-7.440000E-3	6.037556E-2
6.906585E+1	-1.732000E-2	6.070912E-2
6.906580E+1	-7.073333E-3	6.104269E-2
6.906575E+1	-2.121000E-2	6.137626E-2
6.906570E+1	-3.036667E-3	6.170982E-2
6.906565E+1	-1.560667E-2	6.204339E-2
6.906560E+1	-1.212667E-2	6.237696E-2
6.906555E+1	-1.395667E-2	6.271052E-2
6.906550E+1	-1.427667E-2	6.304409E-2
6.906545E+1	-2.070667E-2	6.337766E-2
6.906540E+1	-6.816667E-3	6.371122E-2
6.906535E+1	-9.140000E-3	6.404479E-2
6.906530E+1	-6.970000E-3	6.437836E-2
6.906525E+1	-8.613333E-3	6.471192E-2
6.906520E+1	-9.016667E-3	6.504549E-2
6.906515E+1	-1.091667E-2	6.537905E-2
6.906510E+1	-1.686333E-2	6.571262E-2
6.906505E+1	-1.072333E-2	6.604619E-2
6.906500E+1	-1.119000E-2	6.637976E-2
6.906495E+1	-1.059667E-2	6.671332E-2
6.906490E+1	-1.179667E-2	6.704689E-2
6.906485E+1	1.276667E-3	6.738046E-2
6.906480E+1	-1.145333E-2	6.771402E-2
6.906475E+1	-1.431667E-2	6.804759E-2
6.906470E+1	-1.700333E-2	6.838115E-2
6.906465E+1	-1.775000E-2	6.871472E-2
6.906460E+1	-2.110333E-2	6.904829E-2
6.906455E+1	-7.843333E-3	6.938186E-2
6.906450E+1	-1.652333E-2	6.971542E-2
6.906445E+1	-1.298333E-2	7.004899E-2
6.906440E+1	-1.784667E-2	7.038256E-2
6.906435E+1	-1.614000E-2	7.071612E-2
6.906430E+1	-7.016667E-3	7.104969E-2
6.906425E+1	-1.210333E-2	7.138325E-2
6.906420E+1	-9.883333E-3	7.171682E-2
6.906415E+1	-4.500000E-3	7.205039E-2
6.906410E+1	-1.240333E-2	7.238396E-2
6.906405E+1	-1.522333E-2	7.271752E-2
6.906400E+1	-9.103334E-3	7.305109E-2
6.906395E+1	-1.252000E-2	7.338465E-2
6.906390E+1	-6.740000E-3	7.371822E-2
6.906385E+1	-2.183333E-3	7.405179E-2
6.906380E+1	-1.364000E-2	7.438535E-2
6.906375E+1	-6.903333E-3	7.471892E-2
6.906370E+1	-1.345667E-2	7.505248E-2
6.906365E+1	-2.126333E-2	7.538605E-2
6.906360E+1	-2.238333E-2	7.571962E-2
6.906355E+1	-7.026667E-3	7.605319E-2
6.906350E+1	-7.513333E-3	7.638675E-2
6.906345E+1	-1.323667E-2	7.672032E-2
6.906340E+1	-1.740000E-2	7.705389E-2
6.906335E+1	-7.216667E-3	7.738745E-2
6.906330E+1	-1.158333E-2	7.772102E-2
6.906325E+1	-3.783333E-3	7.805458E-2
6.906320E+1	-5.616667E-3	7.838815E-2
6.906315E+1	-1.119333E-2	7.872172E-2
6.906310E+1	-1.856667E-2	7.905529E-2
6.906305E+1	-1.389000E-2	7.938885E-2
6.906300E+1	-4.100000E-4	7.972242E-2
6.906295E+1	-4.713333E-3	8.005599E-2
6.906290E+1	-1.554667E-2	8.038955E-2
6.906285E+1	-1.019000E-2	8.072312E-2
6.906280E+1	1.103333E-3	8.105668E-2
6.906275E+1	-7.766667E-3	8.139025E-2
6.906270E+1	-1.086667E-2	8.172382E-2
6.906265E+1	-6.416667E-3	8.205739E-2
6.906260E+1	-5.110000E-3	8.239095E-2
6.906255E+1	-1.410333E-2	8.272452E-2
6.906250E+1	-1.062333E-2	8.305808E-2
6.906245E+1	-7.496667E-3	8.339165E-2
6.906240E+1	-6.706667E-3	8.372522E-2
6.906235E+1	-1.266000E-2	8.405878E-2
6.906230E+1	-1.856000E-2	8.439235E-2
6.906225E+1	-1.904667E-2	8.472592E-2
6.906220E+1	-1.272667E-2	8.505949E-2
6.906215E+1	-1.445333E-2	8.539305E-2
6.906210E+1	-4.656667E-3	8.572662E-2
6.906205E+1	-5.126667E-3	8.606018E-2
6.906200E+1	-1.139667E-2	8.639375E-2
6.906195E+1	-4.100000E-3	8.672732E-2
6.906190E+1	-1.466333E-2	8.706088E-2
6.906185E+1	-1.590667E-2	8.739445E-2
6.906180E+1	-4.143334E-3	8.772802E-2
6.906175E+1	-7.913333E-3	8.806159E-2
6.906170E+1	2.453333E-3	8.839515E-2
6.906165E+1	-7.050000E-3	8.872872E-2
6.906160E+1	3.670000E-3	8.906228E-2
6.906155E+1	6.976667E-3	8.939585E-2
6.906150E+1	-1.966667E-3	8.972942E-2
6.906145E+1	-1.032333E-2	9.006298E-2
6.906140E+1	-9.250000E-3	9.039655E-2
6.906135E+1	-4.680000E-3	9.073012E-2
6.906130E+1	-3.526667E-3	9.106369E-2
6.906125E+1	-3.300000E-3	9.139725E-2
6.906120E+1	-3.106667E-3	9.173082E-2
6.906115E+1	-1.390333E-2	9.206438E-2
6.906110E+1	-1.137000E-2	9.239795E-2
6.906105E+1	-1.372667E-2	9.273152E-2
6.906100E+1	-6.633333E-3	9.306508E-2
6.906095E+1	-1.124000E-2	9.339865E-2
6.906090E+1	-9.113333E-3	9.373222E-2
6.906085E+1	-1.262000E-2	9.406579E-2
6.906080E+1	-1.421333E-2	9.439935E-2
6.906075E+1	-1.113000E-2	9.473292E-2
6.906070E+1	-5.076667E-3	9.506648E-2
6.906065E+1	-1.221000E-2	9.540005E-2
6.906060E+1	-9.370000E-3	9.573361E-2
6.906055E+1	1.673333E-3	9.606718E-2
6.906050E+1	-1.130667E-2	9.640075E-2
6.906045E+1	-1.177333E-2	9.673432E-2
6.906040E+1	-5.826666E-3	9.706789E-2
6.906035E+1	-5.713333E-3	9.740145E-2
6.906030E+1	-8.470000E-3	9.773502E-2
6.906025E+1	-2.603333E-3	9.806858E-2
6.906020E+1	-6.506667E-3	9.840215E-2
6.906015E+1	2.046667E-3	9.873571E-2
6.906010E+1	-3.493333E-3	9.906928E-2
6.906005E+1	4.126667E-3	9.940285E-2
6.906000E+1	4.233333E-4	9.973641E-2
6.905995E+1	-4.956667E-3	1.000700E-1
6.905990E+1	-2.730000E-3	1.004035E-1
6.905985E+1	-8.313334E-3	1.007371E-1
6.905980E+1	-4.686667E-3	1.010707E-1
6.905975E+1	4.166667E-4	1.014042E-1
6.905970E+1	3.066667E-3	1.017378E-1
6.905965E+1	-2.886667E-3	1.020714E-1
6.905960E+1	-1.400333E-2	1.024050E-1
6.905955E+1	-4.780000E-3	1.027385E-1
6.905950E+1	-6.086667E-3	1.030721E-1
6.905945E+1	7.266667E-4	1.034056E-1
6.905940E+1	-8.520000E-3	1.037392E-1
6.905935E+1	-4.410000E-3	1.040728E-1
6.905930E+1	-2.110000E-3	1.044063E-1
6.905925E+1	-4.210000E-3	1.047399E-1
6.905920E+1	-1.946667E-3	1.050735E-1
6.905915E+1	-1.502333E-2	1.054070E-1
6.905910E+1	7.500000E-4	1.057406E-1
6.905905E+1	-3.213333E-3	1.060742E-1
6.905900E+1	-3.840000E-3	1.064077E-1
6.905895E+1	-2.973333E-3	1.067413E-1
6.905890E+1	-6.023333E-3	1.070749E-1
6.905885E+1	-9.950000E-3	1.074084E-1
6.905880E+1	-3.296667E-3	1.077420E-1
6.905875E+1	-1.253333E-3	1.080756E-1
6.905870E+1	-2.813333E-3	1.084091E-1
6.905865E+1	-4.146667E-3	1.087427E-1
6.905860E+1	-1.205333E-2	1.090763E-1
6.905855E+1	-1.562333E-2	1.094098E-1
6.905850E+1	-1.085333E-2	1.097434E-1
6.905845E+1	2.270000E-3	1.100770E-1
6.905840E+1	-3.886667E-3	1.104105E-1
6.905835E+1	-5.010000E-3	1.107441E-1
6.905830E+1	3.656667E-3	1.110777E-1
6.905825E+1	7.033334E-4	1.114112E-1
6.905820E+1	-1.100667E-2	1.117448E-1
6.905815E+1	-5.400000E-3	1.120784E-1
6.905810E+1	-1.990000E-3	1.124119E-1
6.905805E+1	7.433333E-4	1.127455E-1
6.905800E+1	-5.133333E-3	1.130791E-1
6.905795E+1	-6.856667E-3	1.134126E-1
6.905790E+1	-2.406667E-3	1.137462E-1
6.905785E+1	-6.033333E-4	1.140798E-1
6.905780E+1	8.340000E-3	1.144133E-1
6.905775E+1	7.583333E-3	1.147469E-1
6.905770E+1	3.826667E-3	1.150805E-1
6.905765E+1	-5.696667E-3	1.154140E-1
6.905760E+1	-1.006667E-3	1.157476E-1
6.905755E+1	3.803333E-3	1.160812E-1
6.905750E+1	-3.476667E-3	1.164147E-1
6.905745E+1	-2.710000E-3	1.167483E-1
6.905740E+1	4.036667E-3	1.170819E-1
6.905735E+1	-6.230000E-3	1.174154E-1
6.905730E+1	-5.560000E-3	1.177490E-1
6.905725E+1	-5.443333E-3	1.180826E-1
6.905720E+1	2.340000E-3	1.184161E-1
6.905715E+1	-1.230000E-3	1.187497E-1
6.905710E+1	-9.266667E-4	1.190833E-1
6.905705E+1	3.826667E-3	1.194168E-1
6.905700E+1	3.666667E-4	1.197504E-1
6.905695E+1	3.686667E-3	1.200840E-1
6.905690E+1	2.623333E-3	1.204175E-1
6.905685E+1	7.906667E-3	1.207511E-1
6.905680E+1	-4.666667E-4	1.210847E-1
6.905675E+1	6.433334E-4	1.214182E-1
6.905670E+1	-8.436667E-3	1.217518E-1
6.905665E+1	1.733333E-3	1.220854E-1
6.905660E+1	1.373333E-3	1.224189E-1
6.905655E+1	8.113333E-3	1.227525E-1
6.905650E+1	1.020000E-3	1.230861E-1
6.905645E+1	2.090000E-3	1.234196E-1
6.905640E+1	-3.466667E-3	1.237532E-1
6.905635E+1	-3.043333E-3	1.240868E-1
6.905630E+1	1.196667E-3	1.244203E-1
6.905625E+1	5.286667E-3	1.247539E-1
6.905620E+1	8.856666E-3	1.250875E-1
6.905615E+1	6.780000E-3	1.254210E-1
6.905610E+1	-1.153333E-3	1.257546E-1
6.905605E+1	9.100000E-4	1.260882E-1
6.905600E+1	2.470000E-3	1.264217E-1
6.905595E+1	4.460000E-3	1.267553E-1
6.905590E+1	1.103333E-3	1.270889E-1
6.905585E+1	-1.046667E-3	1.274224E-1
6.905580E+1	2.166667E-4	1.277560E-1
6.905575E+1	1.003333E-3	1.280896E-1
6.905570E+1	-5.966667E-4	1.284231E-1
6.905565E+1	-4.246667E-3	1.287567E-1
6.905560E+1	3.333333E-4	1.290903E-1
6.905555E+1	-1.510000E-3	1.294238E-1
6.905550E+1	2.156667E-3	1.297574E-1
6.905545E+1	1.613333E-3	1.300910E-1
6.905540E+1	-1.986667E-3	1.304245E-1
6.905535E+1	-3.140000E-3	1.307581E-1
6.905530E+1	-2.103333E-3	1.310917E-1
6.905525E+1	1.556667E-3	1.314252E-1
6.905520E+1	3.220000E-3	1.317588E-1
6.905515E+1	8.196667E-3	1.320924E-1
6.905510E+1	4.710000E-3	1.324259E-1
6.905505E+1	2.200000E-3	1.327595E-1
6.905500E+1	-3.266667E-3	1.330931E-1
6.905495E+1	3.590000E-3	1.334266E-1
6.905490E+1	4.623333E-3	1.337602E-1
6.905485E+1	5.866667E-3	1.340938E-1
6.905480E+1	1.407667E-2	1.344273E-1
6.905475E+1	6.350000E-3	1.347609E-1
6.905470E+1	1.973333E-3	1.350945E-1
6.905465E+1	1.833333E-4	1.354280E-1
6.905460E+1	7.253333E-3	1.357616E-1
6.905455E+1	9.470000E-3	1.360952E-1
6.905450E+1	-1.046667E-3	1.364287E-1
6.905445E+1	-7.383334E-3	1.367623E-1
6.905440E+1	6.936667E-3	1.370959E-1
6.905435E+1	1.410000E-2	1.374294E-1
6.905430E+1	1.007000E-2	1.377630E-1
6.905425E+1	1.209667E-2	1.380966E-1
6.905420E+1	1.165667E-2	1.384301E-1
6.905415E+1	3.630000E-3	1.387637E-1
6.905410E+1	-5.866667E-4	1.390973E-1
6.905405E+1	6.730000E-3	1.394308E-1
6.905400E+1	1.900000E-3	1.397644E-1
6.905395E+1	7.816667E-3	1.400980E-1
6.905390E+1	1.566667E-3	1.404315E-1
6.905385E+1	7.546667E-3	1.407651E-1
6.905380E+1	-2.983333E-3	1.410987E-1
6.905375E+1	1.306667E-3	1.414322E-1
6.905370E+1	-1.193333E-3	1.417658E-1
6.905365E+1	-2.866667E-4	1.420994E-1
6.905360E+1	6.386667E-3	1.424329E-1
6.905355E+1	6.923333E-3	1.427665E-1
6.905350E+1	6.896667E-3	1.431001E-1
6.905345E+1	8.996666E-3	1.434336E-1
6.905340E+1	5.883333E-3	1.437672E-1
6.905335E+1	1.026000E-2	1.441008E-1
6.905330E+1	8.300000E-3	1.444343E-1
6.905325E+1	5.790000E-3	1.447679E-1
6.905320E+1	-3.700000E-3	1.451015E-1
6.905315E+1	-2.700000E-3	1.454350E-1
6.905310E+1	9.733333E-3	1.457686E-1
6.905305E+1	1.071000E-2	1.461022E-1
6.905300E+1	1.032000E-2	1.464357E-1
6.905295E+1	1.129000E-2	1.467693E-1
6.905290E+1	6.996667E-3	1.471029E-1
6.905285E+1	3.986666E-3	1.474364E-1
6.905280E+1	4.723333E-3	1.477700E-1
6.905275E+1	7.476666E-3	1.481036E-1
6.905270E+1	1.294000E-2	1.484371E-1
6.905265E+1	8.273333E-3	1.487707E-1
6.905260E+1	1.549667E-2	1.491043E-1
6.905255E+1	7.060000E-3	1.494378E-1
6.905250E+1	1.386667E-3	1.497714E-1
6.905245E+1	5.810000E-3	1.501050E-1
6.905240E+1	9.520000E-3	1.504385E-1
6.905235E+1	1.511667E-2	1.507721E-1
6.905230E+1	7.720000E-3	1.511057E-1
6.905225E+1	9.396667E-3	1.514392E-1
6.905220E+1	7.426667E-3	1.517728E-1
6.905215E+1	1.030333E-2	1.521064E-1
6.905210E+1	5.830000E-3	1.524399E-1
6.905205E+1	-8.066667E-4	1.527735E-1
6.905200E+1	1.255333E-2	1.531071E-1
6.905195E+1	7.253333E-3	1.534406E-1
6.905190E+1	1.001333E-2	1.537742E-1
6.905185E+1	4.120000E-3	1.541078E-1
6.905180E+1	9.856666E-3	1.544413E-1
6.905175E+1	8.463333E-3	1.547749E-1
6.905170E+1	1.173000E-2	1.551085E-1
6.905165E+1	1.336667E-2	1.554420E-1
6.905160E+1	2.428000E-2	1.557756E-1
6.905155E+1	1.510000E-2	1.561092E-1
6.905150E+1	1.145000E-2	1.564427E-1
6.905145E+1	1.688333E-2	1.567763E-1
6.905140E+1	1.176667E-2	1.571099E-1
6.905135E+1	-8.766667E-4	1.574434E-1
6.905130E+1	9.236666E-3	1.577770E-1
6.905125E+1	7.173333E-3	1.581106E-1
6.905120E+1	1.483000E-2	1.584441E-1
6.905115E+1	-3.833333E-3	1.587777E-1
6.905110E+1	4.990000E-3	1.591113E-1
6.905105E+1	9.943333E-3	1.594448E-1
6.905100E+1	2.339000E-2	1.597784E-1
6.905095E+1	1.392667E-2	1.601120E-1
6.905090E+1	1.819333E-2	1.604455E-1
6.905085E+1	1.354333E-2	1.607791E-1
6.905080E+1	1.810000E-2	1.611127E-1
6.905075E+1	1.118000E-2	1.614462E-1
6.905070E+1	3.196667E-3	1.617798E-1
6.905065E+1	1.646333E-2	1.621134E-1
6.905060E+1	1.231000E-2	1.624469E-1
6.905055E+1	1.516333E-2	1.627805E-1
6.905050E+1	1.856000E-2	1.631141E-1
6.905045E+1	1.321667E-2	1.634476E-1
6.905040E+1	2.271667E-2	1.637812E-1
6.905035E+1	1.436333E-2	1.641148E-1
6.905030E+1	1.066333E-2	1.644483E-1
6.905025E+1	1.211333E-2	1.647819E-1
6.905020E+1	1.511333E-2	1.651155E-1
6.905015E+1	1.894333E-2	1.654490E-1
6.905010E+1	2.294333E-2	1.657826E-1
6.905005E+1	1.603333E-2	1.661162E-1
6.905000E+1	9.826667E-3	1.664497E-1
6.904995E+1	1.151667E-2	1.667833E-1
6.904990E+1	1.409667E-2	1.671169E-1
6.904985E+1	1.668000E-2	1.674504E-1
6.904980E+1	1.882000E-2	1.677840E-1
6.904975E+1	1.721333E-2	1.681176E-1
6.904970E+1	1.079667E-2	1.684511E-1
6.904965E+1	1.373000E-2	1.687847E-1
6.904960E+1	1.611333E-2	1.691183E-1
6.904955E+1	1.622000E-2	1.694518E-1
6.904950E+1	1.683000E-2	1.697854E-1
6.904945E+1	1.627667E-2	1.701190E-1
6.904940E+1	8.910000E-3	1.704525E-1
6.904935E+1	1.920667E-2	1.707861E-1
6.904930E+1	1.581333E-2	1.711197E-1
6.904925E+1	1.661333E-2	1.714532E-1
6.904920E+1	1.029333E-2	1.717868E-1
6.904915E+1	8.796667E-3	1.721204E-1
6.904910E+1	1.217333E-2	1.724539E-1
6.904905E+1	1.825667E-2	1.727875E-1
6.904900E+1	1.975667E-2	1.731211E-1
6.904895E+1	1.946667E-2	1.734546E-1
6.904890E+1	1.659667E-2	1.737882E-1
6.904885E+1	1.834333E-2	1.741218E-1
6.904880E+1	1.211000E-2	1.744553E-1
6.904875E+1	1.049667E-2	1.747889E-1
6.904870E+1	8.430000E-3	1.751225E-1
6.904865E+1	2.122667E-2	1.754560E-1
6.904860E+1	1.550000E-2	1.757896E-1
6.904855E+1	1.430000E-2	1.761232E-1
6.904850E+1	1.247000E-2	1.764567E-1
6.904845E+1	1.841333E-2	1.767903E-1
6.904840E+1	1.775000E-2	1.771239E-1
6.904835E+1	1.387667E-2	1.774574E-1
6.904830E+1	1.655000E-2	1.777910E-1
6.904825E+1	1.769667E-2	1.781246E-1
6.904820E+1	1.928667E-2	1.784581E-1
6.904815E+1	1.864000E-2	1.787917E-1
6.904810E+1	1.095333E-2	1.791253E-1
6.904805E+1	1.094000E-2	1.794588E-1
6.904800E+1	1.426000E-2	1.797924E-1
6.904795E+1	8.463333E-3	1.801260E-1
6.904790E+1	7.826666E-3	1.804595E-1
6.904785E+1	1.709333E-2	1.807931E-1
6.904780E+1	2.348333E-2	1.811267E-1
6.904775E+1	2.046000E-2	1.814602E-1
6.904770E+1	1.343000E-2	1.817938E-1
6.904765E+1	1.424667E-2	1.821274E-1
6.904760E+1	1.536000E-2	1.824609E-1
6.904755E+1	1.357000E-2	1.827945E-1
6.904750E+1	3.856667E-3	1.831281E-1
6.904745E+1	7.630000E-3	1.834616E-1
6.904740E+1	1.587333E-2	1.837952E-1
6.904735E+1	2.728667E-2	1.841288E-1
6.904730E+1	2.975667E-2	1.844623E-1
6.904725E+1	2.253667E-2	1.847959E-1
6.904720E+1	1.046667E-2	1.851295E-1
6.904715E+1	1.918000E-2	1.854630E-1
6.904710E+1	1.849000E-2	1.857966E-1
6.904705E+1	2.520333E-2	1.861302E-1
6.904700E+1	1.341333E-2	1.864637E-1
6.904695E+1	1.107333E-2	1.867973E-1
6.904690E+1	1.487667E-2	1.871309E-1
6.904685E+1	1.493000E-2	1.874644E-1
6.904680E+1	1.647000E-2	1.877980E-1
6.904675E+1	2.830667E-2	1.881316E-1
6.904670E+1	2.161000E-2	1.884651E-1
6.904665E+1	1.229333E-2	1.887987E-1
6.904660E+1	1.734000E-2	1.891323E-1
6.904655E+1	1.328000E-2	1.894658E-1
6.904650E+1	2.053000E-2	1.897994E-1
6.904645E+1	1.886667E-2	1.901330E-1
6.904640E+1	1.567333E-2	1.904665E-1
6.904635E+1	2.843000E-2	1.908001E-1
6.904630E+1	2.539000E-2	1.911337E-1
6.904625E+1	1.915000E-2	1.914672E-1
6.904620E+1	1.633000E-2	1.918008E-1
6.904615E+1	1.764667E-2	1.921344E-1
6.904610E+1	2.385333E-2	1.924679E-1
6.904605E+1	1.895333E-2	1.928015E-1
6.904600E+1	2.253000E-2	1.931351E-1
6.904595E+1	2.746000E-2	1.934686E-1
6.904590E+1	1.680667E-2	1.938022E-1
6.904585E+1	2.090333E-2	1.941358E-1
6.904580E+1	2.154000E-2	1.944693E-1
6.904575E+1	2.827333E-2	1.948029E-1
6.904570E+1	2.331333E-2	1.951365E-1
6.904565E+1	1.617000E-2	1.954700E-1
6.904560E+1	1.338000E-2	1.958036E-1
6.904555E+1	1.423333E-2	1.961372E-1
6.904550E+1	2.410000E-2	1.964707E-1
6.904545E+1	1.978667E-2	1.968043E-1
6.904540E+1	2.126667E-2	1.971379E-1
6.904535E+1	1.631000E-2	1.974714E-1
6.904530E+1	1.960000E-2	1.978050E-1
6.904525E+1	2.638000E-2	1.981386E-1
6.904520E+1	2.261000E-2	1.984721E-1
6.904515E+1	2.349333E-2	1.988057E-1
6.904510E+1	2.466333E-2	1.991393E-1
6.904505E+1	2.041000E-2	1.994728E-1
6.904500E+1	1.290000E-2	1.998064E-1
6.904495E+1	1.942000E-2	2.001400E-1
6.904490E+1	2.255000E-2	2.004735E-1
6.904485E+1	2.933333E-2	2.008071E-1
6.904480E+1	2.230000E-2	2.011407E-1
6.904475E+1	2.432333E-2	2.014742E-1
6.904470E+1	1.832000E-2	2.018078E-1
6.904465E+1	1.826333E-2	2.021414E-1
6.904460E+1	3.293333E-2	2.024749E-1
6.904455E+1	1.889333E-2	2.028085E-1
6.904450E+1	2.316333E-2	2.031421E-1
6.904445E+1	2.329667E-2	2.034756E-1
6.904440E+1	2.668333E-2	2.038092E-1
6.904435E+1	1.107333E-2	2.041428E-1
6.904430E+1	2.180333E-2	2.044763E-1
6.904425E+1	2.465667E-2	2.048099E-1
6.904420E+1	2.605000E-2	2.051435E-1
6.904415E+1	3.017000E-2	2.054770E-1
6.904410E+1	1.869000E-2	2.058106E-1
6.904405E+1	1.928333E-2	2.061442E-1
6.904400E+1	1.990000E-2	2.064777E-1
6.904395E+1	1.114000E-2	2.068113E-1
6.904390E+1	2.571333E-2	2.071449E-1
6.904385E+1	2.254667E-2	2.074784E-1
6.904380E+1	2.115000E-2	2.078120E-1
6.904375E+1	2.650000E-2	2.081456E-1
6.904370E+1	2.908667E-2	2.084791E-1
6.904365E+1	2.653333E-2	2.088127E-1
6.904360E+1	3.095333E-2	2.091463E-1
6.904355E+1	2.326667E-3	2.094798E-1
6.904350E+1	2.850000E-3	2.098134E-1
6.904345E+1	2.223667E-2	2.101470E-1
6.904340E+1	1.973667E-2	2.104805E-1
6.904335E+1	3.157667E-2	2.108141E-1
6.904330E+1	2.365000E-2	2.111477E-1
6.904325E+1	1.784000E-2	2.114812E-1
6.904320E+1	2.205000E-2	2.118148E-1
6.904315E+1	2.814667E-2	2.121484E-1
6.904310E+1	2.707667E-2	2.124819E-1
6.904305E+1	2.434667E-2	2.128155E-1
6.904300E+1	2.253667E-2	2.131491E-1
6.904295E+1	1.938333E-2	2.134826E-1
6.904290E+1	2.731000E-2	2.138162E-1
6.904285E+1	2.288333E-2	2.141498E-1
6.904280E+1	2.381333E-2	2.144833E-1
6.904275E+1	2.409000E-2	2.148169E-1
6.904270E+1	2.439667E-2	2.151505E-1
6.904265E+1	2.001667E-2	2.154840E-1
6.904260E+1	2.196667E-2	2.158176E-1
6.904255E+1	2.952000E-2	2.161512E-1
6.904250E+1	3.594000E-2	2.164847E-1
6.904245E+1	2.437000E-2	2.168183E-1
6.904240E+1	2.831667E-2	2.171519E-1
6.904235E+1	2.798000E-2	2.174854E-1
6.904230E+1	2.523333E-2	2.178190E-1
6.904225E+1	3.737667E-2	2.181526E-1
6.904220E+1	3.230333E-2	2.184861E-1
6.904215E+1	3.076333E-2	2.188197E-1
6.904210E+1	2.703333E-2	2.191533E-1
6.904205E+1	2.014000E-2	2.194868E-1
6.904200E+1	3.049000E-2	2.198204E-1
6.904195E+1	2.920000E-2	2.201540E-1
6.904190E+1	2.773333E-2	2.204875E-1
6.904185E+1	2.774333E-2	2.208211E-1
6.904180E+1	3.241667E-2	2.211547E-1
6.904175E+1	3.039000E-2	2.214882E-1
6.904170E+1	1.721667E-2	2.218218E-1
6.904165E+1	2.653667E-2	2.221554E-1
6.904160E+1	3.431000E-2	2.224889E-1
6.904155E+1	2.498667E-2	2.228225E-1
6.904150E+1	2.867333E-2	2.231561E-1
6.904145E+1	2.368333E-2	2.234896E-1
6.904140E+1	3.013333E-2	2.238232E-1
6.904135E+1	2.894667E-2	2.241568E-1
6.904130E+1	2.023333E-2	2.244903E-1
6.904125E+1	2.349000E-2	2.248239E-1
6.904120E+1	2.454333E-2	2.251575E-1
6.904115E+1	3.024000E-2	2.254910E-1
6.904110E+1	3.490000E-2	2.258246E-1
6.904105E+1	2.837000E-2	2.261582E-1
6.904100E+1	3.154667E-2	2.264917E-1
6.904095E+1	2.714000E-2	2.268253E-1
6.904090E+1	2.882667E-2	2.271589E-1
6.904085E+1	2.989333E-2	2.274924E-1
6.904080E+1	2.556333E-2	2.278260E-1
6.904075E+1	3.137667E-2	2.281596E-1
6.904070E+1	3.097333E-2	2.284931E-1
6.904065E+1	3.099667E-2	2.288267E-1
6.904060E+1	1.820667E-2	2.291603E-1
6.904055E+1	3.517333E-2	2.294938E-1
6.904050E+1	3.161334E-2	2.298274E-1
6.904045E+1	2.852000E-2	2.301610E-1
6.904040E+1	2.279000E-2	2.304945E-1
6.904035E+1	2.869000E-2	2.308281E-1
6.904030E+1	3.150667E-2	2.311617E-1
6.904025E+1	2.028000E-2	2.314952E-1
6.904020E+1	2.226667E-2	2.318288E-1
6.904015E+1	3.463333E-2	2.321624E-1
6.904010E+1	4.177667E-2	2.324959E-1
6.904005E+1	3.137333E-2	2.328295E-1
6.904000E+1	2.428333E-2	2.331631E-1
6.903995E+1	2.309667E-2	2.334966E-1
6.903990E+1	3.188000E-2	2.338302E-1
6.903985E+1	3.068667E-2	2.341638E-1
6.903980E+1	3.042000E-2	2.344973E-1
6.903975E+1	2.847000E-2	2.348309E-1
6.903970E+1	2.552000E-2	2.351645E-1
6.903965E+1	3.126000E-2	2.354980E-1
6.903960E+1	3.258667E-2	2.358316E-1
6.903955E+1	3.238000E-2	2.361652E-1
6.903950E+1	2.832000E-2	2.364987E-1
6.903945E+1	3.289333E-2	2.368323E-1
6.903940E+1	2.582667E-2	2.371659E-1
6.903935E+1	2.536333E-2	2.374994E-1
6.903930E+1	2.946333E-2	2.378330E-1
6.903925E+1	3.625667E-2	2.381666E-1
6.903920E+1	3.765333E-2	2.385001E-1
6.903915E+1	3.696667E-2	2.388337E-1
6.903910E+1	3.116667E-2	2.391673E-1
6.903905E+1	2.935000E-2	2.395008E-1
6.903900E+1	3.163000E-2	2.398344E-1
6.903895E+1	2.985667E-2	2.401680E-1
6.903890E+1	3.154000E-2	2.405015E-1
6.903885E+1	2.934333E-2	2.408351E-1
6.903880E+1	3.385000E-2	2.411687E-1
6.903875E+1	3.061000E-2	2.415022E-1
6.903870E+1	2.734000E-2	2.418358E-1
6.903865E+1	3.398000E-2	2.421694E-1
6.903860E+1	2.975000E-2	2.425029E-1
6.903855E+1	3.762000E-2	2.428365E-1
6.903850E+1	3.352000E-2	2.431701E-1
6.903845E+1	3.242333E-2	2.435036E-1
6.903840E+1	2.809667E-2	2.438372E-1
6.903835E+1	2.717333E-2	2.441708E-1
6.903830E+1	2.680333E-2	2.445043E-1
6.903825E+1	3.286667E-2	2.448379E-1
6.903820E+1	3.089667E-2	2.451715E-1
6.903815E+1	3.107667E-2	2.455050E-1
6.903810E+1	3.929667E-2	2.458386E-1
6.903805E+1	3.428333E-2	2.461722E-1
6.903800E+1	3.342000E-2	2.465057E-1
6.903795E+1	2.482000E-2	2.468393E-1
6.903790E+1	2.957333E-2	2.471729E-1
6.903785E+1	3.305333E-2	2.475064E-1
6.903780E+1	3.413000E-2	2.478400E-1
6.903775E+1	3.744000E-2	2.481735E-1
6.903770E+1	3.544667E-2	2.485071E-1
6.903765E+1	3.531000E-2	2.488407E-1
6.903760E+1	2.724000E-2	2.491743E-1
6.903755E+1	3.072333E-2	2.495078E-1
6.903750E+1	2.759000E-2	2.498414E-1
6.903745E+1	3.349667E-2	2.501750E-1
6.903740E+1	3.385000E-2	2.505085E-1
6.903735E+1	3.432667E-2	2.508421E-1
6.903730E+1	3.789667E-2	2.511756E-1
6.903725E+1	3.353000E-2	2.515092E-1
6.903720E+1	4.109333E-2	2.518428E-1
6.903715E+1	3.341667E-2	2.521763E-1
6.903710E+1	2.113333E-2	2.525099E-1
6.903705E+1	2.880333E-2	2.528435E-1
6.903700E+1	3.352000E-2	2.531770E-1
6.903695E+1	1.895667E-2	2.535106E-1
6.903690E+1	2.526000E-2	2.538442E-1
6.903685E+1	2.093333E-2	2.541777E-1
6.903680E+1	2.444000E-2	2.545113E-1
6.903675E+1	2.630333E-2	2.548449E-1
6.903670E+1	3.980667E-2	2.551785E-1
6.903665E+1	3.811333E-2	2.555120E-1
6.903660E+1	3.729000E-2	2.558456E-1
6.903655E+1	3.785000E-2	2.561792E-1
6.903650E+1	2.518333E-2	2.565127E-1
6.903645E+1	3.704000E-2	2.568463E-1
6.903640E+1	3.310000E-2	2.571799E-1
6.903635E+1	3.724333E-2	2.575134E-1
6.903630E+1	3.855667E-2	2.578470E-1
6.903625E+1	3.489667E-2	2.581806E-1
6.903620E+1	3.572667E-2	2.585141E-1
6.903615E+1	3.741333E-2	2.588477E-1
6.903610E+1	3.764333E-2	2.591813E-1
6.903605E+1	3.286667E-2	2.595148E-1
6.903600E+1	3.683000E-2	2.598484E-1
6.903595E+1	3.762000E-2	2.601820E-1
6.903590E+1	3.083000E-2	2.605155E-1
6.903585E+1	3.498000E-2	2.608491E-1
6.903580E+1	3.896667E-2	2.611827E-1
6.903575E+1	4.479000E-2	2.615162E-1
6.903570E+1	3.681000E-2	2.618498E-1
6.903565E+1	3.189000E-2	2.621834E-1
6.903560E+1	3.500333E-2	2.625169E-1
6.903555E+1	3.791333E-2	2.628505E-1
6.903550E+1	3.440667E-2	2.631840E-1
6.903545E+1	3.664333E-2	2.635176E-1
6.903540E+1	3.674000E-2	2.638512E-1
6.903535E+1	3.866000E-2	2.641847E-1
6.903530E+1	3.162333E-2	2.645183E-1
6.903525E+1	2.989667E-2	2.648519E-1
6.903520E+1	4.082333E-2	2.651854E-1
6.903515E+1	3.040333E-2	2.655190E-1
6.903510E+1	3.071667E-2	2.658526E-1
6.903505E+1	3.953333E-2	2.661861E-1
6.903500E+1	3.544333E-2	2.665197E-1
6.903495E+1	3.657000E-2	2.668533E-1
6.903490E+1	3.501667E-2	2.671869E-1
6.903485E+1	3.570333E-2	2.675204E-1
6.903480E+1	4.167667E-2	2.678540E-1
6.903475E+1	3.698667E-2	2.681876E-1
6.903470E+1	3.707000E-2	2.685211E-1
6.903465E+1	3.554667E-2	2.688547E-1
6.903460E+1	3.863333E-2	2.691883E-1
6.903455E+1	4.339333E-2	2.695218E-1
6.903450E+1	3.201000E-2	2.698554E-1
6.903445E+1	3.685000E-2	2.701890E-1
6.903440E+1	3.734333E-2	2.705225E-1
6.903435E+1	3.421333E-2	2.708561E-1
6.903430E+1	3.095000E-2	2.711897E-1
6.903425E+1	4.630667E-2	2.715232E-1
6.903420E+1	4.114333E-2	2.718568E-1
6.903415E+1	2.539667E-2	2.721904E-1
6.903410E+1	3.105333E-2	2.725239E-1
6.903405E+1	4.230667E-2	2.728575E-1
6.903400E+1	3.782667E-2	2.731911E-1
6.903395E+1	3.909000E-2	2.735246E-1
6.903390E+1	3.036000E-2	2.738582E-1
6.903385E+1	3.384333E-2	2.741917E-1
6.903380E+1	2.763667E-2	2.745253E-1
6.903375E+1	2.371333E-2	2.748589E-1
6.903370E+1	2.320667E-2	2.751924E-1
6.903365E+1	3.753333E-2	2.755260E-1
6.903360E+1	4.162667E-2	2.758596E-1
6.903355E+1	3.645667E-2	2.761931E-1
6.903350E+1	2.982333E-2	2.765267E-1
6.903345E+1	3.212667E-2	2.768603E-1
6.903340E+1	2.991333E-2	2.771938E-1
6.903335E+1	4.271667E-2	2.775274E-1
6.903330E+1	3.183333E-2	2.778610E-1
6.903325E+1	4.136000E-2	2.781945E-1
6.903320E+1	3.478667E-2	2.785281E-1
6.903315E+1	4.238667E-2	2.788617E-1
6.903310E+1	4.312667E-2	2.791952E-1
6.903305E+1	3.261000E-2	2.795288E-1
6.903300E+1	4.269000E-2	2.798624E-1
6.903295E+1	4.620667E-2	2.801960E-1
6.903290E+1	5.004333E-2	2.805295E-1
6.903285E+1	3.992667E-2	2.808631E-1
6.903280E+1	4.553333E-2	2.811967E-1
6.903275E+1	4.667000E-2	2.815302E-1
6.903270E+1	3.797667E-2	2.818638E-1
6.903265E+1	3.326000E-2	2.821974E-1
6.903260E+1	4.011667E-2	2.825309E-1
6.903255E+1	3.888000E-2	2.828645E-1
6.903250E+1	2.950000E-2	2.831981E-1
6.903245E+1	3.564667E-2	2.835316E-1
6.903240E+1	4.447000E-2	2.838652E-1
6.903235E+1	5.467667E-2	2.841988E-1
6.903230E+1	3.454333E-2	2.845323E-1
6.903225E+1	4.043333E-2	2.848659E-1
6.903220E+1	4.417667E-2	2.851995E-1
6.903215E+1	4.074667E-2	2.855330E-1
6.903210E+1	3.386000E-2	2.858666E-1
6.903205E+1	4.292000E-2	2.862001E-1
6.903200E+1	3.435000E-2	2.865337E-1
6.903195E+1	3.499000E-2	2.868673E-1
6.903190E+1	3.641667E-2	2.872008E-1
6.903185E+1	4.236333E-2	2.875344E-1
6.903180E+1	4.219333E-2	2.878680E-1
6.903175E+1	4.020000E-2	2.882015E-1
6.903170E+1	3.885333E-2	2.885351E-1
6.903165E+1	4.420333E-2	2.888687E-1
6.903160E+1	4.009333E-2	2.892022E-1
6.903155E+1	4.366000E-2	2.895358E-1
6.903150E+1	3.977000E-2	2.898694E-1
6.903145E+1	2.933000E-2	2.902029E-1
6.903140E+1	3.048667E-2	2.905365E-1
6.903135E+1	3.813333E-2	2.908701E-1
6.903130E+1	4.170000E-2	2.912036E-1
6.903125E+1	4.789333E-2	2.915372E-1
6.903120E+1	3.584667E-2	2.918708E-1
6.903115E+1	3.930667E-2	2.922044E-1
6.903110E+1	4.059333E-2	2.925379E-1
6.903105E+1	4.340000E-2	2.928715E-1
6.903100E+1	3.588667E-2	2.932051E-1
6.903095E+1	3.870000E-2	2.935386E-1
6.903090E+1	4.545667E-2	2.938722E-1
6.903085E+1	4.057667E-2	2.942058E-1
6.903080E+1	4.596667E-2	2.945393E-1
6.903075E+1	5.063667E-2	2.948729E-1
6.903070E+1	3.592333E-2	2.952065E-1
6.903065E+1	3.652000E-2	2.955400E-1
6.903060E+1	4.087000E-2	2.958736E-1
6.903055E+1	3.960667E-2	2.962072E-1
6.903050E+1	4.316667E-2	2.965407E-1
6.903045E+1	4.385000E-2	2.968743E-1
6.903040E+1	3.601667E-2	2.972079E-1
6.903035E+1	4.076000E-2	2.975414E-1
6.903030E+1	3.460333E-2	2.978750E-1
6.903025E+1	3.580667E-2	2.982085E-1
6.903020E+1	3.808000E-2	2.985421E-1
6.903015E+1	3.903000E-2	2.988757E-1
6.903010E+1	3.738667E-2	2.992092E-1
6.903005E+1	4.264000E-2	2.995428E-1
6.903000E+1	3.953000E-2	2.998764E-1
6.902995E+1	3.170667E-2	3.002099E-1
6.902990E+1	2.996667E-2	3.005435E-1
6.902985E+1	3.850667E-2	3.008771E-1
6.902980E+1	3.678000E-2	3.012106E-1
6.902975E+1	4.122333E-2	3.015442E-1
6.902970E+1	4.047000E-2	3.018778E-1
6.902965E+1	3.745000E-2	3.022113E-1
6.902960E+1	2.796000E-2	3.025449E-1
6.902955E+1	4.018667E-2	3.028785E-1
6.902950E+1	4.017333E-2	3.032120E-1
6.902945E+1	4.158333E-2	3.035456E-1
6.902940E+1	3.593333E-2	3.038792E-1
6.902935E+1	3.074000E-2	3.042127E-1
6.902930E+1	3.407000E-2	3.045463E-1
6.902925E+1	3.902000E-2	3.048799E-1
6.902920E+1	3.922000E-2	3.052135E-1
6.902915E+1	4.274000E-2	3.055470E-1
6.902910E+1	4.172667E-2	3.058806E-1
6.902905E+1	3.962334E-2	3.062142E-1
6.902900E+1	3.179000E-2	3.065477E-1
6.902895E+1	3.569333E-2	3.068813E-1
6.902890E+1	3.670667E-2	3.072149E-1
6.902885E+1	3.552667E-2	3.075484E-1
6.902880E+1	4.776667E-2	3.078820E-1
6.902875E+1	4.213334E-2	3.082156E-1
6.902870E+1	4.767000E-2	3.085491E-1
6.902865E+1	4.834000E-2	3.088827E-1
6.902860E+1	3.632000E-2	3.092162E-1
6.902855E+1	4.226667E-2	3.095498E-1
6.902850E+1	3.488667E-2	3.098834E-1
6.902845E+1	3.639333E-2	3.102169E-1
6.902840E+1	3.212333E-2	3.105505E-1
6.902835E+1	4.182000E-2	3.108841E-1
6.902830E+1	4.981667E-2	3.112176E-1
6.902825E+1	4.427333E-2	3.115512E-1
6.902820E+1	4.586333E-2	3.118848E-1
6.902815E+1	4.444667E-2	3.122183E-1
6.902810E+1	3.956333E-2	3.125519E-1
6.902805E+1	3.080333E-2	3.128855E-1
6.902800E+1	4.033333E-2	3.132190E-1
6.902795E+1	3.780000E-2	3.135526E-1
6.902790E+1	4.737667E-2	3.138862E-1
6.902785E+1	5.132667E-2	3.142197E-1
6.902780E+1	4.992667E-2	3.145533E-1
6.902775E+1	4.167000E-2	3.148869E-1
6.902770E+1	4.137000E-2	3.152204E-1
6.902765E+1	5.125667E-2	3.155540E-1
6.902760E+1	4.107667E-2	3.158876E-1
6.902755E+1	3.249667E-2	3.162211E-1
6.902750E+1	3.886000E-2	3.165547E-1
6.902745E+1	3.818000E-2	3.168883E-1
6.902740E+1	4.391333E-2	3.172219E-1
6.902735E+1	4.657667E-2	3.175554E-1
6.902730E+1	4.875000E-2	3.178890E-1
6.902725E+1	4.090333E-2	3.182226E-1
6.902720E+1	4.026333E-2	3.185561E-1
6.902715E+1	3.115000E-2	3.188897E-1
6.902710E+1	3.615667E-2	3.192233E-1
6.902705E+1	4.408333E-2	3.195568E-1
6.902700E+1	4.318000E-2	3.198904E-1
6.902695E+1	3.800000E-2	3.202240E-1
6.902690E+1	3.681667E-2	3.205575E-1
6.902685E+1	5.142000E-2	3.208911E-1
6.902680E+1	5.089000E-2	3.212246E-1
6.902675E+1	3.812333E-2	3.215582E-1
6.902670E+1	2.929000E-2	3.218918E-1
6.902665E+1	3.809333E-2	3.222253E-1
6.902660E+1	3.740000E-2	3.225589E-1
6.902655E+1	3.947000E-2	3.228925E-1
6.902650E+1	4.782333E-2	3.232260E-1
6.902645E+1	3.825667E-2	3.235596E-1
6.902640E+1	4.643000E-2	3.238932E-1
6.902635E+1	4.500333E-2	3.242267E-1
6.902630E+1	3.243333E-2	3.245603E-1
6.902625E+1	3.597000E-2	3.248939E-1
6.902620E+1	4.250000E-2	3.252274E-1
6.902615E+1	3.597333E-2	3.255610E-1
6.902610E+1	4.728667E-2	3.258946E-1
6.902605E+1	4.162333E-2	3.262281E-1
6.902600E+1	3.491667E-2	3.265617E-1
6.902595E+1	3.870333E-2	3.268953E-1
6.902590E+1	4.219333E-2	3.272288E-1
6.902585E+1	4.168000E-2	3.275624E-1
6.902580E+1	4.410333E-2	3.278960E-1
6.902575E+1	4.329666E-2	3.282295E-1
6.902570E+1	5.217000E-2	3.285631E-1
6.902565E+1	4.842333E-2	3.288967E-1
6.902560E+1	3.871000E-2	3.292302E-1
6.902555E+1	3.547000E-2	3.295638E-1
6.902550E+1	3.433667E-2	3.298974E-1
6.902545E+1	3.879333E-2	3.302310E-1
6.902540E+1	4.917667E-2	3.305645E-1
6.902535E+1	5.380333E-2	3.308981E-1
6.902530E+1	5.546000E-2	3.312317E-1
6.902525E+1	4.437000E-2	3.315652E-1
6.902520E+1	4.723333E-2	3.318988E-1
6.902515E+1	4.534000E-2	3.322323E-1
6.902510E+1	3.741333E-2	3.325659E-1
6.902505E+1	3.979000E-2	3.328995E-1
6.902500E+1	4.323667E-2	3.332330E-1
