-1.057501E+2	6.411111E-5	-9.480533E-14
-1.057551E+2	-2.255556E-5	3.335666E-2
-1.057601E+2	3.888889E-5	6.671332E-2
-1.057651E+2	3.455556E-5	1.000700E-1
-1.057701E+2	-7.777778E-6	1.334266E-1
-1.057751E+2	-1.104444E-4	1.667833E-1
-1.057801E+2	-1.262222E-4	2.001400E-1
-1.057851E+2	-8.555556E-5	2.334966E-1
-1.057901E+2	1.144444E-4	2.668533E-1
-1.057951E+2	8.355555E-5	3.002099E-1
-1.058001E+2	4.700000E-5	3.335666E-1
-1.058051E+2	-4.644445E-5	3.669233E-1
-1.058101E+2	-1.588889E-5	4.002799E-1
-1.058151E+2	3.566667E-5	4.336366E-1
-1.058201E+2	-1.288889E-4	4.669932E-1
-1.058251E+2	-9.022222E-5	5.003499E-1
-1.058301E+2	-4.233333E-5	5.337065E-1
-1.058351E+2	-4.777778E-6	5.670632E-1
-1.058401E+2	-6.022222E-5	6.004199E-1
-1.058451E+2	2.255556E-5	6.337765E-1
-1.058501E+2	2.100000E-5	6.671332E-1
-1.058551E+2	-4.011111E-5	7.004899E-1
-1.058601E+2	-9.666666E-6	7.338465E-1
-1.058651E+2	-3.466667E-5	7.672032E-1
-1.058701E+2	-1.160000E-4	8.005599E-1
-1.058751E+2	-4.211111E-5	8.339165E-1
-1.058801E+2	5.877778E-5	8.672732E-1
-1.058851E+2	-3.555556E-5	9.006298E-1
-1.058901E+2	-9.366667E-5	9.339865E-1
-1.058951E+2	-1.022222E-5	9.673432E-1
-1.059001E+2	4.355556E-5	1.000700E+0
-1.059051E+2	2.788889E-5	1.034056E+0
-1.059101E+2	1.192111E-3	1.067413E+0
-1.059151E+2	-2.711111E-5	1.100770E+0
-1.059201E+2	-9.333334E-6	1.134126E+0
-1.059251E+2	-4.577778E-5	1.167483E+0
-1.059301E+2	2.007778E-4	1.200840E+0
-1.059351E+2	2.443333E-4	1.234196E+0
-1.059401E+2	-1.045556E-4	1.267553E+0
-1.059451E+2	-5.944444E-5	1.300910E+0
-1.059501E+2	-1.300000E-4	1.334266E+0
-1.059551E+2	-7.488889E-5	1.367623E+0
-1.059601E+2	-5.611111E-5	1.400980E+0
-1.059651E+2	1.177778E-5	1.434336E+0
-1.059701E+2	-4.466667E-5	1.467693E+0
-1.059751E+2	3.366667E-5	1.501050E+0
-1.059801E+2	-3.188889E-5	1.534406E+0
-1.059851E+2	1.877778E-5	1.567763E+0
-1.059901E+2	-8.600000E-5	1.601120E+0
-1.059951E+2	-1.064444E-4	1.634476E+0
-1.060001E+2	-5.266667E-5	1.667833E+0
-1.060051E+2	-1.333333E-4	1.701190E+0
-1.060101E+2	-1.207778E-4	1.734546E+0
-1.060151E+2	8.000000E-6	1.767903E+0
-1.060201E+2	-4.811111E-5	1.801260E+0
-1.060251E+2	-1.144444E-5	1.834616E+0
-1.060301E+2	-5.277778E-5	1.867973E+0
-1.060351E+2	-5.033333E-5	1.901330E+0
-1.060401E+2	-1.233333E-5	1.934686E+0
-1.060451E+2	-1.287778E-4	1.968043E+0
-1.060501E+2	-1.182222E-4	2.001400E+0
-1.060551E+2	-6.477778E-5	2.034756E+0
-1.060601E+2	-1.811111E-5	2.068113E+0
-1.060651E+2	9.022222E-5	2.101470E+0
-1.060701E+2	-1.555556E-6	2.134826E+0
-1.060751E+2	1.500000E-5	2.168183E+0
-1.060801E+2	2.444444E-5	2.201540E+0
-1.060851E+2	1.315556E-4	2.234896E+0
-1.060901E+2	2.530000E-4	2.268253E+0
-1.060951E+2	3.057778E-4	2.301610E+0
-1.061001E+2	3.685555E-4	2.334966E+0
-1.061051E+2	4.074445E-4	2.368323E+0
-1.061101E+2	5.035556E-4	2.401680E+0
-1.061151E+2	3.266667E-4	2.435036E+0
-1.061201E+2	4.668889E-4	2.468393E+0
-1.061251E+2	4.371111E-4	2.501750E+0
-1.061301E+2	4.457778E-4	2.535106E+0
-1.061351E+2	3.973333E-4	2.568463E+0
-1.061401E+2	3.718889E-4	2.601820E+0
-1.061451E+2	3.830000E-4	2.635176E+0
-1.061501E+2	3.653333E-4	2.668533E+0
-1.061551E+2	3.862222E-4	2.701890E+0
-1.061601E+2	2.245556E-4	2.735246E+0
-1.061651E+2	2.560000E-4	2.768603E+0
-1.061701E+2	4.141111E-4	2.801960E+0
-1.061751E+2	3.735556E-4	2.835316E+0
-1.061801E+2	3.410000E-4	2.868673E+0
-1.061851E+2	3.388889E-4	2.902030E+0
-1.061901E+2	2.923333E-4	2.935386E+0
-1.061951E+2	3.883333E-4	2.968743E+0
-1.062001E+2	2.600000E-4	3.002100E+0
-1.062051E+2	3.366667E-4	3.035456E+0
-1.062101E+2	2.574445E-4	3.068813E+0
-1.062151E+2	1.612222E-4	3.102170E+0
-1.062201E+2	2.324445E-4	3.135526E+0
-1.062251E+2	3.244444E-4	3.168883E+0
-1.062301E+2	2.323333E-4	3.202240E+0
-1.062351E+2	2.244444E-4	3.235596E+0
-1.062401E+2	2.757778E-4	3.268953E+0
-1.062451E+2	2.104444E-4	3.302310E+0
-1.062501E+2	2.457778E-4	3.335666E+0
-1.062551E+2	2.533333E-4	3.369023E+0
-1.062601E+2	2.694445E-4	3.402380E+0
-1.062651E+2	2.554444E-4	3.435736E+0
-1.062701E+2	2.402222E-4	3.469093E+0
-1.062751E+2	2.444444E-4	3.502449E+0
-1.062801E+2	2.428889E-4	3.535806E+0
-1.062851E+2	1.900000E-4	3.569163E+0
-1.062901E+2	1.882222E-4	3.602519E+0
-1.062951E+2	1.472222E-4	3.635876E+0
-1.063001E+2	1.548889E-4	3.669233E+0
-1.063051E+2	2.260000E-4	3.702589E+0
-1.063101E+2	1.513333E-4	3.735946E+0
-1.063151E+2	2.434444E-4	3.769303E+0
-1.063201E+2	1.851111E-4	3.802659E+0
-1.063251E+2	1.408889E-4	3.836016E+0
-1.063301E+2	2.453333E-4	3.869373E+0
-1.063351E+2	2.391111E-4	3.902729E+0
-1.063401E+2	1.818889E-4	3.936086E+0
-1.063451E+2	2.545555E-4	3.969443E+0
-1.063501E+2	2.323333E-4	4.002800E+0
-1.063551E+2	2.807778E-4	4.036156E+0
-1.063601E+2	1.591111E-4	4.069513E+0
-1.063651E+2	1.500000E-4	4.102870E+0
-1.063701E+2	3.068889E-4	4.136226E+0
-1.063751E+2	1.952222E-4	4.169582E+0
-1.063801E+2	2.151111E-4	4.202939E+0
-1.063851E+2	2.560000E-4	4.236296E+0
-1.063901E+2	2.358889E-4	4.269652E+0
-1.063951E+2	1.296667E-4	4.303009E+0
-1.064001E+2	2.560000E-4	4.336366E+0
-1.064051E+2	1.944444E-4	4.369722E+0
-1.064101E+2	2.700000E-4	4.403079E+0
-1.064151E+2	1.950000E-4	4.436436E+0
-1.064201E+2	1.507778E-4	4.469792E+0
-1.064251E+2	1.198889E-4	4.503149E+0
-1.064301E+2	1.447778E-4	4.536506E+0
-1.064351E+2	1.275556E-4	4.569862E+0
-1.064401E+2	1.582222E-4	4.603219E+0
-1.064451E+2	2.986667E-4	4.636576E+0
-1.064501E+2	2.381111E-4	4.669932E+0
-1.064551E+2	1.480000E-4	4.703289E+0
-1.064601E+2	3.646667E-4	4.736646E+0
-1.064651E+2	2.683333E-4	4.770002E+0
-1.064701E+2	1.956667E-4	4.803359E+0
-1.064751E+2	1.768889E-4	4.836716E+0
-1.064801E+2	1.788889E-4	4.870072E+0
-1.064851E+2	1.642222E-4	4.903429E+0
-1.064901E+2	1.697778E-4	4.936786E+0
-1.064951E+2	1.327778E-4	4.970142E+0
-1.065001E+2	1.454444E-4	5.003499E+0
-1.065051E+2	1.796667E-4	5.036856E+0
-1.065101E+2	8.344444E-5	5.070212E+0
-1.065151E+2	1.944444E-4	5.103569E+0
-1.065201E+2	2.485556E-4	5.136926E+0
-1.065251E+2	2.555556E-4	5.170282E+0
-1.065301E+2	1.234444E-4	5.203639E+0
-1.065351E+2	8.000000E-5	5.236996E+0
-1.065401E+2	2.355556E-4	5.270352E+0
-1.065451E+2	1.545556E-4	5.303709E+0
-1.065501E+2	1.793333E-4	5.337066E+0
-1.065551E+2	1.700000E-4	5.370422E+0
-1.065601E+2	1.963333E-4	5.403779E+0
-1.065651E+2	1.846667E-4	5.437136E+0
-1.065701E+2	2.302222E-4	5.470492E+0
-1.065751E+2	1.463333E-4	5.503849E+0
-1.065801E+2	1.584444E-4	5.537206E+0
-1.065851E+2	1.631111E-4	5.570562E+0
-1.065901E+2	1.770000E-4	5.603919E+0
-1.065951E+2	8.022222E-5	5.637276E+0
-1.066001E+2	1.271111E-4	5.670632E+0
-1.066051E+2	8.033333E-5	5.703989E+0
-1.066101E+2	1.248889E-4	5.737346E+0
-1.066151E+2	5.866667E-5	5.770702E+0
-1.066201E+2	1.810000E-4	5.804059E+0
-1.066251E+2	8.233333E-5	5.837416E+0
-1.066301E+2	1.356667E-4	5.870772E+0
-1.066351E+2	2.147778E-4	5.904129E+0
-1.066401E+2	1.612222E-4	5.937486E+0
-1.066451E+2	1.417778E-4	5.970842E+0
-1.066501E+2	1.411111E-4	6.004199E+0
-1.066551E+2	2.323333E-4	6.037556E+0
-1.066601E+2	2.261111E-4	6.070912E+0
-1.066651E+2	1.110000E-4	6.104269E+0
-1.066701E+2	8.122222E-5	6.137626E+0
-1.066751E+2	1.452222E-4	6.170982E+0
-1.066801E+2	1.757778E-4	6.204339E+0
-1.066851E+2	3.054444E-4	6.237696E+0
-1.066901E+2	1.941111E-4	6.271052E+0
-1.066951E+2	1.663333E-4	6.304409E+0
-1.067001E+2	1.728889E-4	6.337766E+0
-1.067051E+2	1.906667E-4	6.371122E+0
-1.067101E+2	1.498889E-4	6.404479E+0
-1.067151E+2	2.063333E-4	6.437836E+0
-1.067201E+2	9.400000E-5	6.471192E+0
-1.067251E+2	1.276667E-4	6.504549E+0
-1.067301E+2	2.013333E-4	6.537906E+0
-1.067351E+2	1.341111E-4	6.571262E+0
-1.067401E+2	1.656667E-4	6.604619E+0
-1.067451E+2	1.553333E-4	6.637976E+0
-1.067501E+2	5.722222E-5	6.671332E+0
-1.067551E+2	4.700000E-5	6.704689E+0
-1.067601E+2	2.231111E-4	6.738046E+0
-1.067651E+2	2.045556E-4	6.771402E+0
-1.067701E+2	1.838889E-4	6.804759E+0
-1.067751E+2	1.582222E-4	6.838116E+0
-1.067801E+2	2.255556E-4	6.871472E+0
-1.067851E+2	2.706667E-4	6.904829E+0
-1.067901E+2	2.342222E-4	6.938185E+0
-1.067951E+2	1.714445E-4	6.971542E+0
-1.068001E+2	8.900000E-5	7.004899E+0
-1.068051E+2	1.132222E-4	7.038255E+0
-1.068101E+2	1.736667E-4	7.071612E+0
-1.068151E+2	5.933333E-5	7.104969E+0
-1.068201E+2	1.371111E-4	7.138325E+0
-1.068251E+2	1.087778E-4	7.171682E+0
-1.068301E+2	1.908889E-4	7.205039E+0
-1.068351E+2	1.977778E-4	7.238395E+0
-1.068401E+2	1.907778E-4	7.271752E+0
-1.068451E+2	6.033333E-5	7.305109E+0
-1.068501E+2	5.888889E-5	7.338465E+0
-1.068551E+2	4.466667E-5	7.371822E+0
-1.068601E+2	9.466667E-5	7.405179E+0
-1.068651E+2	1.132222E-4	7.438535E+0
-1.068701E+2	6.177778E-5	7.471892E+0
-1.068751E+2	2.844444E-5	7.505249E+0
-1.068801E+2	1.195556E-4	7.538605E+0
-1.068851E+2	2.234444E-4	7.571962E+0
-1.068901E+2	3.224445E-4	7.605319E+0
-1.068951E+2	2.717778E-4	7.638675E+0
-1.069001E+2	2.985556E-4	7.672032E+0
-1.069051E+2	1.432222E-4	7.705389E+0
-1.069101E+2	1.754444E-4	7.738745E+0
-1.069151E+2	1.552222E-4	7.772102E+0
-1.069201E+2	2.128889E-4	7.805459E+0
-1.069251E+2	6.766667E-5	7.838815E+0
-1.069301E+2	2.152222E-4	7.872172E+0
-1.069351E+2	2.455556E-4	7.905529E+0
-1.069401E+2	1.682222E-4	7.938885E+0
-1.069451E+2	1.306667E-4	7.972242E+0
-1.069501E+2	3.005555E-4	8.005599E+0
-1.069551E+2	3.142222E-4	8.038956E+0
-1.069601E+2	1.334444E-4	8.072312E+0
-1.069651E+2	1.295556E-4	8.105669E+0
-1.069701E+2	4.555556E-5	8.139026E+0
-1.069751E+2	6.300000E-5	8.172382E+0
-1.069801E+2	2.250000E-4	8.205739E+0
-1.069851E+2	1.742222E-4	8.239095E+0
-1.069901E+2	1.156667E-4	8.272451E+0
-1.069951E+2	1.843333E-4	8.305808E+0
