-1.000001E+2	1.400000E-4	5.720000E-5	0.000000E+0	1.000001E+2
-1.000071E+2	1.640000E-4	6.120000E-5	4.669933E-2	1.000071E+2
-1.000141E+2	1.856000E-4	7.240000E-5	9.339865E-2	1.000141E+2
-1.000211E+2	1.858000E-4	6.860000E-5	1.400980E-1	1.000211E+2
-1.000281E+2	1.944000E-4	7.540000E-5	1.867973E-1	1.000281E+2
-1.000351E+2	1.472000E-4	5.660000E-5	2.334966E-1	1.000351E+2
-1.000421E+2	1.556000E-4	4.940000E-5	2.801960E-1	1.000421E+2
-1.000491E+2	1.408000E-4	1.560000E-5	3.268953E-1	1.000491E+2
-1.000561E+2	1.476000E-4	3.120000E-5	3.735946E-1	1.000561E+2
-1.000631E+2	1.550000E-4	2.400000E-5	4.202939E-1	1.000631E+2
-1.000701E+2	1.668000E-4	1.100000E-5	4.669932E-1	1.000701E+2
-1.000771E+2	1.340000E-4	2.800000E-5	5.136926E-1	1.000771E+2
-1.000841E+2	1.706000E-4	5.200000E-5	5.603919E-1	1.000841E+2
-1.000911E+2	1.756000E-4	7.200000E-5	6.070912E-1	1.000911E+2
-1.000981E+2	1.750000E-4	5.720000E-5	6.537905E-1	1.000981E+2
-1.001051E+2	1.636000E-4	5.560000E-5	7.004899E-1	1.001051E+2
-1.001121E+2	1.632000E-4	6.560000E-5	7.471892E-1	1.001121E+2
-1.001191E+2	1.744000E-4	8.460000E-5	7.938885E-1	1.001191E+2
-1.001261E+2	1.708000E-4	9.280000E-5	8.405879E-1	1.001261E+2
-1.001331E+2	1.954000E-4	6.120000E-5	8.872872E-1	1.001331E+2
-1.001401E+2	1.542000E-4	2.040000E-5	9.339865E-1	1.001401E+2
-1.001471E+2	1.608000E-4	5.780000E-5	9.806858E-1	1.001471E+2
-1.001541E+2	1.618000E-4	4.980000E-5	1.027385E+0	1.001541E+2
-1.001611E+2	1.570000E-4	4.780000E-5	1.074085E+0	1.001611E+2
-1.001681E+2	1.502000E-4	8.100000E-5	1.120784E+0	1.001681E+2
-1.001751E+2	1.622000E-4	6.980000E-5	1.167483E+0	1.001751E+2
-1.001821E+2	1.810000E-4	6.800000E-5	1.214182E+0	1.001821E+2
-1.001891E+2	1.946000E-4	3.800000E-5	1.260882E+0	1.001891E+2
-1.001961E+2	1.290000E-4	-2.000000E-7	1.307581E+0	1.001961E+2
-1.002031E+2	1.550000E-4	2.560000E-5	1.354280E+0	1.002031E+2
-1.002101E+2	1.470000E-4	5.460000E-5	1.400980E+0	1.002101E+2
-1.002171E+2	1.582000E-4	4.680000E-5	1.447679E+0	1.002171E+2
-1.002241E+2	1.434000E-4	2.820000E-5	1.494378E+0	1.002241E+2
-1.002311E+2	1.778000E-4	4.760000E-5	1.541078E+0	1.002311E+2
-1.002381E+2	1.292000E-4	4.100000E-5	1.587777E+0	1.002381E+2
-1.002451E+2	1.644000E-4	8.740000E-5	1.634476E+0	1.002451E+2
-1.002521E+2	1.948000E-4	7.360000E-5	1.681176E+0	1.002521E+2
-1.002591E+2	2.036000E-4	9.280000E-5	1.727875E+0	1.002591E+2
-1.002661E+2	1.872000E-4	7.520000E-5	1.774574E+0	1.002661E+2
-1.002731E+2	1.654000E-4	5.960000E-5	1.821274E+0	1.002731E+2
-1.002801E+2	1.436000E-4	9.200000E-6	1.867973E+0	1.002801E+2
-1.002871E+2	1.276000E-4	2.040000E-5	1.914672E+0	1.002871E+2
-1.002941E+2	1.740000E-4	6.760000E-5	1.961372E+0	1.002941E+2
-1.003011E+2	1.834000E-4	8.440000E-5	2.008071E+0	1.003011E+2
-1.003081E+2	1.814000E-4	7.460000E-5	2.054770E+0	1.003081E+2
-1.003151E+2	2.026000E-4	1.028000E-4	2.101470E+0	1.003151E+2
-1.003221E+2	1.558000E-4	5.580000E-5	2.148169E+0	1.003221E+2
-1.003291E+2	1.770000E-4	3.080000E-5	2.194868E+0	1.003291E+2
-1.003361E+2	1.572000E-4	5.660000E-5	2.241568E+0	1.003361E+2
-1.003431E+2	1.472000E-4	5.900000E-5	2.288267E+0	1.003431E+2
-1.003501E+2	1.516000E-4	6.520000E-5	2.334966E+0	1.003501E+2
-1.003571E+2	1.500000E-4	5.580000E-5	2.381665E+0	1.003571E+2
-1.003641E+2	1.560000E-4	7.340000E-5	2.428365E+0	1.003641E+2
-1.003711E+2	1.648000E-4	4.720000E-5	2.475064E+0	1.003711E+2
-1.003781E+2	1.732000E-4	4.100000E-5	2.521764E+0	1.003781E+2
-1.003851E+2	1.416000E-4	1.260000E-5	2.568463E+0	1.003851E+2
-1.003921E+2	1.712000E-4	3.320000E-5	2.615162E+0	1.003921E+2
-1.003991E+2	1.666000E-4	5.800000E-5	2.661861E+0	1.003991E+2
-1.004061E+2	1.640000E-4	7.340000E-5	2.708561E+0	1.004061E+2
-1.004131E+2	1.902000E-4	6.260000E-5	2.755260E+0	1.004131E+2
-1.004201E+2	2.010000E-4	7.120000E-5	2.801960E+0	1.004201E+2
-1.004271E+2	2.014000E-4	7.660000E-5	2.848659E+0	1.004271E+2
-1.004341E+2	1.870000E-4	4.940000E-5	2.895358E+0	1.004341E+2
-1.004411E+2	1.752000E-4	1.920000E-5	2.942057E+0	1.004411E+2
-1.004481E+2	1.416000E-4	3.040000E-5	2.988757E+0	1.004481E+2
-1.004551E+2	1.716000E-4	8.100000E-5	3.035456E+0	1.004551E+2
-1.004621E+2	1.508000E-4	3.080000E-5	3.082155E+0	1.004621E+2
-1.004691E+2	1.830000E-4	4.600000E-5	3.128855E+0	1.004691E+2
-1.004761E+2	1.840000E-4	3.920000E-5	3.175554E+0	1.004761E+2
-1.004831E+2	1.568000E-4	7.880000E-5	3.222253E+0	1.004831E+2
-1.004901E+2	1.800000E-4	9.740000E-5	3.268953E+0	1.004901E+2
-1.004971E+2	1.800000E-4	7.100000E-5	3.315652E+0	1.004971E+2
-1.005041E+2	1.778000E-4	5.840000E-5	3.362351E+0	1.005041E+2
-1.005111E+2	1.730000E-4	1.108000E-4	3.409051E+0	1.005111E+2
-1.005181E+2	1.710000E-4	7.660000E-5	3.455750E+0	1.005181E+2
-1.005251E+2	1.724000E-4	4.560000E-5	3.502449E+0	1.005251E+2
-1.005321E+2	1.776000E-4	6.620000E-5	3.549149E+0	1.005321E+2
-1.005391E+2	1.434000E-4	8.880000E-5	3.595848E+0	1.005391E+2
-1.005461E+2	1.600000E-4	7.580000E-5	3.642547E+0	1.005461E+2
-1.005531E+2	1.438000E-4	7.340000E-5	3.689247E+0	1.005531E+2
-1.005601E+2	1.324000E-4	5.780000E-5	3.735946E+0	1.005601E+2
-1.005671E+2	1.622000E-4	6.500000E-5	3.782645E+0	1.005671E+2
-1.005741E+2	1.092000E-4	6.660000E-5	3.829345E+0	1.005741E+2
-1.005811E+2	1.534000E-4	6.940000E-5	3.876044E+0	1.005811E+2
-1.005881E+2	1.506000E-4	5.760000E-5	3.922743E+0	1.005881E+2
-1.005951E+2	1.326000E-4	6.320000E-5	3.969443E+0	1.005951E+2
-1.006021E+2	1.998000E-4	1.026000E-4	4.016142E+0	1.006021E+2
-1.006091E+2	1.708000E-4	6.040000E-5	4.062841E+0	1.006091E+2
-1.006161E+2	1.650000E-4	7.440000E-5	4.109540E+0	1.006161E+2
-1.006231E+2	2.172000E-4	1.086000E-4	4.156240E+0	1.006231E+2
-1.006301E+2	2.340000E-4	4.620000E-5	4.202939E+0	1.006301E+2
-1.006371E+2	1.778000E-4	7.480000E-5	4.249639E+0	1.006371E+2
-1.006441E+2	1.222000E-4	6.460000E-5	4.296338E+0	1.006441E+2
-1.006511E+2	1.716000E-4	5.040000E-5	4.343037E+0	1.006511E+2
-1.006581E+2	1.624000E-4	4.740000E-5	4.389737E+0	1.006581E+2
-1.006651E+2	1.278000E-4	1.046000E-4	4.436436E+0	1.006651E+2
-1.006721E+2	1.776000E-4	6.580000E-5	4.483135E+0	1.006721E+2
-1.006791E+2	1.956000E-4	6.100000E-5	4.529835E+0	1.006791E+2
-1.006861E+2	1.866000E-4	6.980000E-5	4.576534E+0	1.006861E+2
-1.006931E+2	1.654000E-4	4.580000E-5	4.623233E+0	1.006931E+2
-1.007001E+2	1.470000E-4	5.340000E-5	4.669932E+0	1.007001E+2
-1.007071E+2	1.348000E-4	3.640000E-5	4.716632E+0	1.007071E+2
-1.007141E+2	1.244000E-4	6.960000E-5	4.763331E+0	1.007141E+2
-1.007211E+2	1.304000E-4	5.820000E-5	4.810030E+0	1.007211E+2
-1.007281E+2	1.004000E-4	6.500000E-5	4.856730E+0	1.007281E+2
-1.007351E+2	1.392000E-4	6.660000E-5	4.903429E+0	1.007351E+2
-1.007421E+2	1.438000E-4	4.840000E-5	4.950129E+0	1.007421E+2
-1.007491E+2	1.422000E-4	7.100000E-5	4.996828E+0	1.007491E+2
-1.007561E+2	1.546000E-4	5.900000E-5	5.043527E+0	1.007561E+2
-1.007631E+2	1.312000E-4	6.020000E-5	5.090227E+0	1.007631E+2
-1.007701E+2	1.428000E-4	7.760000E-5	5.136926E+0	1.007701E+2
-1.007771E+2	1.478000E-4	7.100000E-5	5.183625E+0	1.007771E+2
-1.007841E+2	1.356000E-4	5.080000E-5	5.230324E+0	1.007841E+2
-1.007911E+2	1.444000E-4	5.420000E-5	5.277024E+0	1.007911E+2
-1.007981E+2	1.546000E-4	6.100000E-5	5.323723E+0	1.007981E+2
-1.008051E+2	1.314000E-4	5.460000E-5	5.370422E+0	1.008051E+2
-1.008121E+2	1.156000E-4	5.160000E-5	5.417122E+0	1.008121E+2
-1.008191E+2	1.332000E-4	5.160000E-5	5.463821E+0	1.008191E+2
-1.008261E+2	1.322000E-4	5.460000E-5	5.510520E+0	1.008261E+2
-1.008331E+2	1.246000E-4	8.280000E-5	5.557220E+0	1.008331E+2
-1.008401E+2	1.346000E-4	6.340000E-5	5.603919E+0	1.008401E+2
-1.008471E+2	1.142000E-4	3.800000E-5	5.650619E+0	1.008471E+2
-1.008541E+2	1.284000E-4	6.620000E-5	5.697318E+0	1.008541E+2
-1.008611E+2	1.266000E-4	5.440000E-5	5.744017E+0	1.008611E+2
-1.008681E+2	1.156000E-4	6.420000E-5	5.790716E+0	1.008681E+2
-1.008751E+2	1.194000E-4	4.660000E-5	5.837416E+0	1.008751E+2
-1.008821E+2	1.444000E-4	6.500000E-5	5.884115E+0	1.008821E+2
-1.008891E+2	1.110000E-4	5.740000E-5	5.930814E+0	1.008891E+2
-1.008961E+2	1.120000E-4	5.960000E-5	5.977514E+0	1.008961E+2
-1.009031E+2	1.484000E-4	6.840000E-5	6.024213E+0	1.009031E+2
-1.009101E+2	1.430000E-4	7.580000E-5	6.070912E+0	1.009101E+2
-1.009171E+2	1.278000E-4	7.340000E-5	6.117611E+0	1.009171E+2
-1.009241E+2	1.600000E-4	5.940000E-5	6.164311E+0	1.009241E+2
-1.009311E+2	1.488000E-4	5.700000E-5	6.211010E+0	1.009311E+2
-1.009381E+2	1.464000E-4	7.000000E-5	6.257710E+0	1.009381E+2
-1.009451E+2	1.380000E-4	5.740000E-5	6.304409E+0	1.009451E+2
-1.009521E+2	8.680000E-5	6.340000E-5	6.351108E+0	1.009521E+2
-1.009591E+2	1.322000E-4	5.900000E-5	6.397808E+0	1.009591E+2
-1.009661E+2	1.686000E-4	6.500000E-5	6.444507E+0	1.009661E+2
-1.009731E+2	1.730000E-4	7.680000E-5	6.491206E+0	1.009731E+2
-1.009801E+2	1.760000E-4	8.060000E-5	6.537906E+0	1.009801E+2
-1.009871E+2	1.358000E-4	6.420000E-5	6.584605E+0	1.009871E+2
-1.009941E+2	1.172000E-4	7.260000E-5	6.631304E+0	1.009941E+2
-1.010011E+2	1.040000E-4	2.620000E-5	6.678003E+0	1.010011E+2
-1.010081E+2	7.800000E-5	3.180000E-5	6.724703E+0	1.010081E+2
-1.010151E+2	1.510000E-4	5.740000E-5	6.771402E+0	1.010151E+2
-1.010221E+2	9.280000E-5	5.180000E-5	6.818101E+0	1.010221E+2
-1.010291E+2	9.320000E-5	2.440000E-5	6.864801E+0	1.010291E+2
-1.010361E+2	1.398000E-4	7.060000E-5	6.911500E+0	1.010361E+2
-1.010431E+2	1.046000E-4	6.220000E-5	6.958200E+0	1.010431E+2
-1.010501E+2	1.130000E-4	6.260000E-5	7.004899E+0	1.010501E+2
-1.010571E+2	1.522000E-4	6.900000E-5	7.051598E+0	1.010571E+2
-1.010641E+2	1.162000E-4	4.820000E-5	7.098298E+0	1.010641E+2
-1.010711E+2	1.120000E-4	5.820000E-5	7.144997E+0	1.010711E+2
-1.010781E+2	1.048000E-4	4.400000E-5	7.191696E+0	1.010781E+2
-1.010851E+2	1.278000E-4	7.100000E-5	7.238395E+0	1.010851E+2
-1.010921E+2	1.026000E-4	5.320000E-5	7.285095E+0	1.010921E+2
-1.010991E+2	9.940000E-5	3.020000E-5	7.331794E+0	1.010991E+2
-1.011061E+2	1.210000E-4	3.780000E-5	7.378493E+0	1.011061E+2
-1.011131E+2	1.068000E-4	1.520000E-5	7.425193E+0	1.011131E+2
-1.011201E+2	1.040000E-4	6.180000E-5	7.471892E+0	1.011201E+2
-1.011271E+2	1.338000E-4	5.640000E-5	7.518591E+0	1.011271E+2
-1.011341E+2	1.628000E-4	8.580000E-5	7.565290E+0	1.011341E+2
-1.011411E+2	1.490000E-4	4.620000E-5	7.611990E+0	1.011411E+2
-1.011481E+2	1.398000E-4	6.960000E-5	7.658689E+0	1.011481E+2
-1.011551E+2	1.010000E-4	4.780000E-5	7.705389E+0	1.011551E+2
-1.011621E+2	9.860000E-5	3.360000E-5	7.752088E+0	1.011621E+2
-1.011691E+2	1.198000E-4	2.400000E-5	7.798787E+0	1.011691E+2
-1.011761E+2	9.640000E-5	5.520000E-5	7.845487E+0	1.011761E+2
-1.011831E+2	9.960000E-5	6.120000E-5	7.892186E+0	1.011831E+2
-1.011901E+2	7.820000E-5	3.200000E-5	7.938885E+0	1.011901E+2
-1.011971E+2	8.160000E-5	6.860000E-5	7.985585E+0	1.011971E+2
-1.012041E+2	1.166000E-4	4.360000E-5	8.032284E+0	1.012041E+2
-1.012111E+2	1.012000E-4	5.160000E-5	8.078983E+0	1.012111E+2
-1.012181E+2	8.860000E-5	5.540000E-5	8.125683E+0	1.012181E+2
-1.012251E+2	1.074000E-4	4.380000E-5	8.172382E+0	1.012251E+2
-1.012321E+2	1.136000E-4	4.460000E-5	8.219081E+0	1.012321E+2
-1.012391E+2	1.212000E-4	5.200000E-5	8.265780E+0	1.012391E+2
-1.012461E+2	9.440000E-5	2.480000E-5	8.312480E+0	1.012461E+2
-1.012531E+2	9.500000E-5	3.340000E-5	8.359179E+0	1.012531E+2
-1.012601E+2	8.960000E-5	2.880000E-5	8.405878E+0	1.012601E+2
-1.012671E+2	1.024000E-4	7.080000E-5	8.452578E+0	1.012671E+2
-1.012741E+2	1.378000E-4	1.060000E-4	8.499277E+0	1.012741E+2
-1.012811E+2	9.660000E-5	5.040000E-5	8.545977E+0	1.012811E+2
-1.012881E+2	1.022000E-4	4.500000E-5	8.592676E+0	1.012881E+2
-1.012951E+2	9.360000E-5	6.840000E-5	8.639375E+0	1.012951E+2
-1.013021E+2	1.292000E-4	7.740000E-5	8.686074E+0	1.013021E+2
-1.013091E+2	1.410000E-4	6.560000E-5	8.732774E+0	1.013091E+2
-1.013161E+2	1.252000E-4	7.980000E-5	8.779473E+0	1.013161E+2
-1.013231E+2	1.030000E-4	6.760000E-5	8.826173E+0	1.013231E+2
-1.013301E+2	1.170000E-4	5.080000E-5	8.872871E+0	1.013301E+2
-1.013371E+2	1.022000E-4	1.400000E-5	8.919571E+0	1.013371E+2
-1.013441E+2	9.220000E-5	6.440000E-5	8.966270E+0	1.013441E+2
-1.013511E+2	8.120000E-5	3.900000E-5	9.012970E+0	1.013511E+2
-1.013581E+2	6.860000E-5	4.340000E-5	9.059669E+0	1.013581E+2
-1.013651E+2	9.620000E-5	5.440000E-5	9.106368E+0	1.013651E+2
-1.013721E+2	1.224000E-4	8.040000E-5	9.153068E+0	1.013721E+2
-1.013791E+2	1.138000E-4	4.900000E-5	9.199767E+0	1.013791E+2
-1.013861E+2	1.204000E-4	4.820000E-5	9.246467E+0	1.013861E+2
-1.013931E+2	1.078000E-4	5.360000E-5	9.293166E+0	1.013931E+2
-1.014001E+2	1.112000E-4	4.600000E-5	9.339865E+0	1.014001E+2
-1.014071E+2	8.640000E-5	6.460000E-5	9.386564E+0	1.014071E+2
-1.014141E+2	1.036000E-4	6.260000E-5	9.433264E+0	1.014141E+2
-1.014211E+2	1.034000E-4	3.160000E-5	9.479963E+0	1.014211E+2
-1.014281E+2	8.760000E-5	4.960000E-5	9.526662E+0	1.014281E+2
-1.014351E+2	1.142000E-4	4.240000E-5	9.573361E+0	1.014351E+2
-1.014421E+2	8.940000E-5	5.600000E-5	9.620061E+0	1.014421E+2
-1.014491E+2	9.560000E-5	4.720000E-5	9.666760E+0	1.014491E+2
-1.014561E+2	1.028000E-4	2.860000E-5	9.713460E+0	1.014561E+2
-1.014631E+2	9.860000E-5	3.900000E-5	9.760159E+0	1.014631E+2
-1.014701E+2	1.006000E-4	5.040000E-5	9.806858E+0	1.014701E+2
-1.014771E+2	1.038000E-4	5.060000E-5	9.853558E+0	1.014771E+2
-1.014841E+2	1.004000E-4	6.360000E-5	9.900257E+0	1.014841E+2
-1.014911E+2	8.580000E-5	4.500000E-5	9.946957E+0	1.014911E+2
-1.014981E+2	1.240000E-4	6.960000E-5	9.993655E+0	1.014981E+2
-1.015051E+2	1.072000E-4	6.460000E-5	1.004035E+1	1.015051E+2
-1.015121E+2	9.940000E-5	4.780000E-5	1.008705E+1	1.015121E+2
-1.015191E+2	1.028000E-4	4.440000E-5	1.013375E+1	1.015191E+2
-1.015261E+2	1.040000E-4	6.520000E-5	1.018045E+1	1.015261E+2
-1.015331E+2	8.720000E-5	6.620000E-5	1.022715E+1	1.015331E+2
-1.015401E+2	7.420000E-5	4.820000E-5	1.027385E+1	1.015401E+2
-1.015471E+2	9.080000E-5	6.720000E-5	1.032055E+1	1.015471E+2
-1.015541E+2	9.520000E-5	6.020000E-5	1.036725E+1	1.015541E+2
-1.015611E+2	1.008000E-4	2.940000E-5	1.041395E+1	1.015611E+2
-1.015681E+2	9.400000E-5	5.700000E-5	1.046065E+1	1.015681E+2
-1.015751E+2	9.840000E-5	4.440000E-5	1.050735E+1	1.015751E+2
-1.015821E+2	6.080000E-5	5.920000E-5	1.055405E+1	1.015821E+2
-1.015891E+2	9.340000E-5	5.580000E-5	1.060075E+1	1.015891E+2
-1.015961E+2	9.720000E-5	6.340000E-5	1.064745E+1	1.015961E+2
-1.016031E+2	1.072000E-4	6.280000E-5	1.069415E+1	1.016031E+2
-1.016101E+2	9.140000E-5	7.160000E-5	1.074084E+1	1.016101E+2
-1.016171E+2	1.166000E-4	7.280000E-5	1.078754E+1	1.016171E+2
-1.016241E+2	1.426000E-4	7.820000E-5	1.083424E+1	1.016241E+2
-1.016311E+2	1.100000E-4	3.640000E-5	1.088094E+1	1.016311E+2
-1.016381E+2	6.400000E-5	7.120000E-5	1.092764E+1	1.016381E+2
-1.016451E+2	7.420000E-5	3.180000E-5	1.097434E+1	1.016451E+2
-1.016521E+2	1.052000E-4	1.006000E-4	1.102104E+1	1.016521E+2
-1.016591E+2	1.218000E-4	5.500000E-5	1.106774E+1	1.016591E+2
-1.016661E+2	1.512000E-4	6.180000E-5	1.111444E+1	1.016661E+2
-1.016731E+2	1.492000E-4	5.320000E-5	1.116114E+1	1.016731E+2
-1.016801E+2	1.200000E-4	5.960000E-5	1.120784E+1	1.016801E+2
-1.016871E+2	9.740000E-5	8.080000E-5	1.125454E+1	1.016871E+2
-1.016941E+2	7.240000E-5	2.480000E-5	1.130124E+1	1.016941E+2
-1.017011E+2	8.440000E-5	6.180000E-5	1.134794E+1	1.017011E+2
-1.017081E+2	7.960000E-5	7.660000E-5	1.139464E+1	1.017081E+2
-1.017151E+2	7.680000E-5	7.820000E-5	1.144133E+1	1.017151E+2
-1.017221E+2	9.400000E-5	4.980000E-5	1.148803E+1	1.017221E+2
-1.017291E+2	7.900000E-5	5.980000E-5	1.153473E+1	1.017291E+2
-1.017361E+2	9.700000E-5	6.780000E-5	1.158143E+1	1.017361E+2
-1.017431E+2	1.326000E-4	4.660000E-5	1.162813E+1	1.017431E+2
-1.017501E+2	8.660000E-5	8.480000E-5	1.167483E+1	1.017501E+2
-1.017571E+2	1.188000E-4	5.180000E-5	1.172153E+1	1.017571E+2
-1.017641E+2	6.760000E-5	4.200000E-5	1.176823E+1	1.017641E+2
-1.017711E+2	7.080000E-5	5.860000E-5	1.181493E+1	1.017711E+2
-1.017781E+2	9.340000E-5	7.780000E-5	1.186163E+1	1.017781E+2
-1.017851E+2	7.340000E-5	4.480000E-5	1.190833E+1	1.017851E+2
-1.017921E+2	9.780000E-5	8.160000E-5	1.195503E+1	1.017921E+2
-1.017991E+2	1.262000E-4	6.080000E-5	1.200173E+1	1.017991E+2
-1.018061E+2	1.204000E-4	5.600000E-5	1.204843E+1	1.018061E+2
-1.018131E+2	9.280000E-5	5.000000E-5	1.209513E+1	1.018131E+2
-1.018201E+2	7.980000E-5	3.860000E-5	1.214182E+1	1.018201E+2
-1.018271E+2	8.640000E-5	5.500000E-5	1.218852E+1	1.018271E+2
-1.018341E+2	4.660000E-5	4.280000E-5	1.223522E+1	1.018341E+2
-1.018411E+2	8.440000E-5	6.480000E-5	1.228192E+1	1.018411E+2
-1.018481E+2	8.720000E-5	7.540000E-5	1.232862E+1	1.018481E+2
-1.018551E+2	9.760000E-5	6.040000E-5	1.237532E+1	1.018551E+2
-1.018621E+2	9.200000E-5	8.040000E-5	1.242202E+1	1.018621E+2
-1.018691E+2	9.740000E-5	4.880000E-5	1.246872E+1	1.018691E+2
-1.018761E+2	7.900000E-5	7.820000E-5	1.251542E+1	1.018761E+2
-1.018831E+2	1.212000E-4	5.460000E-5	1.256212E+1	1.018831E+2
-1.018901E+2	9.820000E-5	6.960000E-5	1.260882E+1	1.018901E+2
-1.018971E+2	1.078000E-4	5.000000E-5	1.265552E+1	1.018971E+2
-1.019041E+2	1.050000E-4	7.060000E-5	1.270222E+1	1.019041E+2
-1.019111E+2	8.940000E-5	2.960000E-5	1.274892E+1	1.019111E+2
-1.019181E+2	8.600000E-5	3.040000E-5	1.279562E+1	1.019181E+2
-1.019251E+2	1.090000E-4	4.920000E-5	1.284231E+1	1.019251E+2
-1.019321E+2	1.144000E-4	5.540000E-5	1.288901E+1	1.019321E+2
-1.019391E+2	8.600000E-5	3.440000E-5	1.293571E+1	1.019391E+2
-1.019461E+2	9.480000E-5	4.960000E-5	1.298241E+1	1.019461E+2
-1.019531E+2	1.026000E-4	6.560000E-5	1.302911E+1	1.019531E+2
-1.019601E+2	9.800000E-5	6.560000E-5	1.307581E+1	1.019601E+2
-1.019671E+2	6.260000E-5	1.680000E-5	1.312251E+1	1.019671E+2
-1.019741E+2	7.600000E-5	3.040000E-5	1.316921E+1	1.019741E+2
-1.019811E+2	9.100000E-5	8.240000E-5	1.321591E+1	1.019811E+2
-1.019881E+2	8.900000E-5	4.700000E-5	1.326261E+1	1.019881E+2
-1.019951E+2	9.180000E-5	4.220000E-5	1.330931E+1	1.019951E+2
-1.020021E+2	1.026000E-4	6.500000E-5	1.335601E+1	1.020021E+2
-1.020091E+2	7.200000E-5	6.980000E-5	1.340271E+1	1.020091E+2
-1.020161E+2	7.720000E-5	5.660000E-5	1.344941E+1	1.020161E+2
-1.020231E+2	9.820000E-5	4.200000E-5	1.349611E+1	1.020231E+2
-1.020301E+2	1.094000E-4	7.900000E-5	1.354280E+1	1.020301E+2
-1.020371E+2	8.760000E-5	4.580000E-5	1.358950E+1	1.020371E+2
-1.020441E+2	9.900000E-5	4.820000E-5	1.363620E+1	1.020441E+2
-1.020511E+2	8.440000E-5	3.860000E-5	1.368290E+1	1.020511E+2
-1.020581E+2	9.320000E-5	6.240000E-5	1.372960E+1	1.020581E+2
-1.020651E+2	9.400000E-5	7.020000E-5	1.377630E+1	1.020651E+2
-1.020721E+2	1.088000E-4	6.060000E-5	1.382300E+1	1.020721E+2
-1.020791E+2	1.144000E-4	5.440000E-5	1.386970E+1	1.020791E+2
-1.020861E+2	8.420000E-5	6.240000E-5	1.391640E+1	1.020861E+2
-1.020931E+2	1.116000E-4	5.380000E-5	1.396310E+1	1.020931E+2
-1.021001E+2	6.700000E-5	5.660000E-5	1.400980E+1	1.021001E+2
-1.021071E+2	1.022000E-4	5.640000E-5	1.405650E+1	1.021071E+2
-1.021141E+2	1.026000E-4	5.780000E-5	1.410320E+1	1.021141E+2
-1.021211E+2	7.620000E-5	7.340000E-5	1.414990E+1	1.021211E+2
-1.021281E+2	1.022000E-4	7.960000E-5	1.419660E+1	1.021281E+2
-1.021351E+2	1.162000E-4	6.740000E-5	1.424329E+1	1.021351E+2
-1.021421E+2	8.900000E-5	6.700000E-5	1.428999E+1	1.021421E+2
-1.021491E+2	9.100000E-5	6.380000E-5	1.433669E+1	1.021491E+2
-1.021561E+2	9.120000E-5	6.520000E-5	1.438339E+1	1.021561E+2
-1.021631E+2	1.222000E-4	7.220000E-5	1.443009E+1	1.021631E+2
-1.021701E+2	1.510000E-4	4.520000E-5	1.447679E+1	1.021701E+2
-1.021771E+2	1.770000E-4	4.640000E-5	1.452349E+1	1.021771E+2
-1.021841E+2	9.660000E-5	6.880000E-5	1.457019E+1	1.021841E+2
-1.021911E+2	6.480000E-5	6.400000E-5	1.461689E+1	1.021911E+2
-1.021981E+2	8.340000E-5	4.540000E-5	1.466359E+1	1.021981E+2
-1.022051E+2	1.164000E-4	8.880000E-5	1.471029E+1	1.022051E+2
-1.022121E+2	1.334000E-4	5.500000E-5	1.475699E+1	1.022121E+2
-1.022191E+2	1.288000E-4	4.300000E-5	1.480369E+1	1.022191E+2
-1.022261E+2	1.548000E-4	3.720000E-5	1.485039E+1	1.022261E+2
-1.022331E+2	1.482000E-4	2.420000E-5	1.489708E+1	1.022331E+2
-1.022401E+2	1.400000E-4	4.120000E-5	1.494378E+1	1.022401E+2
-1.022471E+2	6.880000E-5	6.160000E-5	1.499048E+1	1.022471E+2
-1.022541E+2	5.840000E-5	5.540000E-5	1.503718E+1	1.022541E+2
-1.022611E+2	7.460000E-5	3.480000E-5	1.508388E+1	1.022611E+2
-1.022681E+2	9.540000E-5	4.160000E-5	1.513058E+1	1.022681E+2
-1.022751E+2	8.880000E-5	7.040000E-5	1.517728E+1	1.022751E+2
-1.022821E+2	9.120000E-5	6.800000E-5	1.522398E+1	1.022821E+2
-1.022891E+2	9.860000E-5	5.980000E-5	1.527068E+1	1.022891E+2
-1.022961E+2	1.126000E-4	6.460000E-5	1.531738E+1	1.022961E+2
-1.023031E+2	8.240000E-5	8.420000E-5	1.536408E+1	1.023031E+2
-1.023101E+2	1.214000E-4	5.980000E-5	1.541078E+1	1.023101E+2
-1.023171E+2	1.064000E-4	4.660000E-5	1.545748E+1	1.023171E+2
-1.023241E+2	1.048000E-4	4.660000E-5	1.550418E+1	1.023241E+2
-1.023311E+2	8.760000E-5	7.520000E-5	1.555088E+1	1.023311E+2
-1.023381E+2	1.000000E-4	5.800000E-5	1.559757E+1	1.023381E+2
-1.023451E+2	9.240000E-5	5.520000E-5	1.564427E+1	1.023451E+2
-1.023521E+2	9.460000E-5	6.920000E-5	1.569097E+1	1.023521E+2
-1.023591E+2	1.080000E-4	7.040000E-5	1.573767E+1	1.023591E+2
-1.023661E+2	1.010000E-4	5.720000E-5	1.578437E+1	1.023661E+2
-1.023731E+2	1.030000E-4	6.400000E-5	1.583107E+1	1.023731E+2
-1.023801E+2	9.900000E-5	7.100000E-5	1.587777E+1	1.023801E+2
-1.023871E+2	6.980000E-5	7.720000E-5	1.592447E+1	1.023871E+2
-1.023941E+2	7.740000E-5	7.160000E-5	1.597117E+1	1.023941E+2
-1.024011E+2	6.660000E-5	7.920000E-5	1.601787E+1	1.024011E+2
-1.024081E+2	7.840000E-5	6.940000E-5	1.606457E+1	1.024081E+2
-1.024151E+2	8.640000E-5	6.960000E-5	1.611127E+1	1.024151E+2
-1.024221E+2	1.116000E-4	4.540000E-5	1.615797E+1	1.024221E+2
-1.024291E+2	8.340000E-5	5.980000E-5	1.620467E+1	1.024291E+2
-1.024361E+2	7.880000E-5	5.100000E-5	1.625137E+1	1.024361E+2
-1.024431E+2	8.940000E-5	3.900000E-5	1.629807E+1	1.024431E+2
-1.024501E+2	9.100000E-5	7.160000E-5	1.634476E+1	1.024501E+2
-1.024571E+2	1.008000E-4	6.120000E-5	1.639146E+1	1.024571E+2
-1.024641E+2	7.640000E-5	3.760000E-5	1.643816E+1	1.024641E+2
-1.024711E+2	9.380000E-5	4.740000E-5	1.648486E+1	1.024711E+2
-1.024781E+2	9.180000E-5	7.760000E-5	1.653156E+1	1.024781E+2
-1.024851E+2	1.002000E-4	5.300000E-5	1.657826E+1	1.024851E+2
-1.024921E+2	1.108000E-4	6.360000E-5	1.662496E+1	1.024921E+2
-1.024991E+2	8.440000E-5	7.300000E-5	1.667166E+1	1.024991E+2
-1.025061E+2	1.228000E-4	5.920000E-5	1.671836E+1	1.025061E+2
-1.025131E+2	1.348000E-4	1.740000E-5	1.676506E+1	1.025131E+2
-1.025201E+2	1.398000E-4	-9.600000E-6	1.681176E+1	1.025201E+2
-1.025271E+2	1.610000E-4	5.780000E-5	1.685846E+1	1.025271E+2
-1.025341E+2	1.280000E-4	7.280000E-5	1.690516E+1	1.025341E+2
-1.025411E+2	8.260000E-5	7.840000E-5	1.695185E+1	1.025411E+2
-1.025481E+2	1.006000E-4	6.180000E-5	1.699855E+1	1.025481E+2
-1.025551E+2	1.200000E-4	4.860000E-5	1.704525E+1	1.025551E+2
-1.025621E+2	1.490000E-4	3.460000E-5	1.709195E+1	1.025621E+2
-1.025691E+2	1.804000E-4	4.480000E-5	1.713865E+1	1.025691E+2
-1.025761E+2	1.284000E-4	2.580000E-5	1.718535E+1	1.025761E+2
-1.025831E+2	1.314000E-4	5.120000E-5	1.723205E+1	1.025831E+2
-1.025901E+2	9.600000E-5	5.720000E-5	1.727875E+1	1.025901E+2
-1.025971E+2	6.480000E-5	5.800000E-5	1.732545E+1	1.025971E+2
-1.026041E+2	9.880000E-5	3.380000E-5	1.737215E+1	1.026041E+2
-1.026111E+2	1.280000E-4	6.420000E-5	1.741885E+1	1.026111E+2
-1.026181E+2	1.126000E-4	6.320000E-5	1.746555E+1	1.026181E+2
-1.026251E+2	1.184000E-4	7.720000E-5	1.751225E+1	1.026251E+2
-1.026321E+2	1.150000E-4	6.720000E-5	1.755895E+1	1.026321E+2
-1.026391E+2	1.452000E-4	6.500000E-5	1.760565E+1	1.026391E+2
-1.026461E+2	1.280000E-4	5.800000E-5	1.765235E+1	1.026461E+2
-1.026531E+2	1.086000E-4	4.000000E-5	1.769904E+1	1.026531E+2
-1.026601E+2	1.192000E-4	4.960000E-5	1.774574E+1	1.026601E+2
-1.026671E+2	1.128000E-4	7.800000E-5	1.779244E+1	1.026671E+2
-1.026741E+2	1.174000E-4	5.380000E-5	1.783914E+1	1.026741E+2
-1.026811E+2	8.760000E-5	6.000000E-5	1.788584E+1	1.026811E+2
-1.026881E+2	1.112000E-4	4.420000E-5	1.793254E+1	1.026881E+2
-1.026951E+2	1.314000E-4	5.260000E-5	1.797924E+1	1.026951E+2
-1.027021E+2	1.126000E-4	6.440000E-5	1.802594E+1	1.027021E+2
-1.027091E+2	7.960000E-5	7.540000E-5	1.807264E+1	1.027091E+2
-1.027161E+2	9.760000E-5	2.720000E-5	1.811934E+1	1.027161E+2
-1.027231E+2	1.130000E-4	6.720000E-5	1.816604E+1	1.027231E+2
-1.027301E+2	1.120000E-4	5.160000E-5	1.821274E+1	1.027301E+2
-1.027371E+2	9.180000E-5	6.840000E-5	1.825944E+1	1.027371E+2
-1.027441E+2	9.460000E-5	6.400000E-5	1.830614E+1	1.027441E+2
-1.027511E+2	1.082000E-4	6.660000E-5	1.835283E+1	1.027511E+2
-1.027581E+2	9.540000E-5	5.960000E-5	1.839953E+1	1.027581E+2
-1.027651E+2	9.840000E-5	3.480000E-5	1.844623E+1	1.027651E+2
-1.027721E+2	9.520000E-5	4.840000E-5	1.849293E+1	1.027721E+2
-1.027791E+2	1.018000E-4	7.360000E-5	1.853963E+1	1.027791E+2
-1.027861E+2	1.072000E-4	6.660000E-5	1.858633E+1	1.027861E+2
-1.027931E+2	8.340000E-5	6.840000E-5	1.863303E+1	1.027931E+2
-1.028001E+2	9.420000E-5	5.200000E-5	1.867973E+1	1.028001E+2
-1.028071E+2	8.440000E-5	3.200000E-5	1.872643E+1	1.028071E+2
-1.028141E+2	8.480000E-5	5.760000E-5	1.877313E+1	1.028141E+2
-1.028211E+2	7.840000E-5	5.540000E-5	1.881983E+1	1.028211E+2
-1.028281E+2	9.820000E-5	3.600000E-5	1.886653E+1	1.028281E+2
-1.028351E+2	9.860000E-5	3.980000E-5	1.891323E+1	1.028351E+2
-1.028421E+2	7.960000E-5	7.140000E-5	1.895993E+1	1.028421E+2
-1.028491E+2	9.880000E-5	4.840000E-5	1.900663E+1	1.028491E+2
-1.028561E+2	9.360000E-5	6.780000E-5	1.905332E+1	1.028561E+2
-1.028631E+2	9.680000E-5	6.480000E-5	1.910002E+1	1.028631E+2
-1.028701E+2	1.312000E-4	4.720000E-5	1.914672E+1	1.028701E+2
-1.028771E+2	1.598000E-4	1.960000E-5	1.919342E+1	1.028771E+2
-1.028841E+2	1.590000E-4	1.460000E-5	1.924012E+1	1.028841E+2
-1.028911E+2	1.250000E-4	6.860000E-5	1.928682E+1	1.028911E+2
-1.028981E+2	1.006000E-4	4.520000E-5	1.933352E+1	1.028981E+2
-1.029051E+2	8.020000E-5	7.800000E-5	1.938022E+1	1.029051E+2
-1.029121E+2	1.028000E-4	7.920000E-5	1.942692E+1	1.029121E+2
-1.029191E+2	1.602000E-4	4.400000E-5	1.947362E+1	1.029191E+2
-1.029261E+2	1.492000E-4	3.200000E-5	1.952032E+1	1.029261E+2
-1.029331E+2	1.592000E-4	2.500000E-5	1.956702E+1	1.029331E+2
-1.029401E+2	1.114000E-4	4.420000E-5	1.961372E+1	1.029401E+2
-1.029471E+2	1.066000E-4	8.100000E-5	1.966042E+1	1.029471E+2
-1.029541E+2	9.920000E-5	8.140000E-5	1.970712E+1	1.029541E+2
-1.029611E+2	8.040000E-5	4.800000E-5	1.975381E+1	1.029611E+2
-1.029681E+2	1.108000E-4	8.780000E-5	1.980051E+1	1.029681E+2
-1.029751E+2	1.344000E-4	5.540000E-5	1.984721E+1	1.029751E+2
-1.029821E+2	1.328000E-4	5.200000E-5	1.989391E+1	1.029821E+2
-1.029891E+2	1.270000E-4	6.440000E-5	1.994061E+1	1.029891E+2
-1.029961E+2	1.258000E-4	8.260000E-5	1.998731E+1	1.029961E+2
-1.030031E+2	1.252000E-4	4.160000E-5	2.003401E+1	1.030031E+2
-1.030101E+2	1.462000E-4	6.660000E-5	2.008071E+1	1.030101E+2
-1.030171E+2	1.440000E-4	3.360000E-5	2.012741E+1	1.030171E+2
-1.030241E+2	1.228000E-4	6.640000E-5	2.017411E+1	1.030241E+2
-1.030311E+2	1.122000E-4	6.740000E-5	2.022081E+1	1.030311E+2
-1.030381E+2	6.560000E-5	6.540000E-5	2.026751E+1	1.030381E+2
-1.030451E+2	1.188000E-4	4.860000E-5	2.031421E+1	1.030451E+2
-1.030521E+2	1.058000E-4	4.980000E-5	2.036091E+1	1.030521E+2
-1.030591E+2	1.380000E-4	5.900000E-5	2.040760E+1	1.030591E+2
-1.030661E+2	1.286000E-4	2.020000E-5	2.045430E+1	1.030661E+2
-1.030731E+2	1.394000E-4	3.040000E-5	2.050100E+1	1.030731E+2
-1.030801E+2	1.578000E-4	3.340000E-5	2.054770E+1	1.030801E+2
-1.030871E+2	1.386000E-4	6.760000E-5	2.059440E+1	1.030871E+2
-1.030941E+2	1.020000E-4	8.940000E-5	2.064110E+1	1.030941E+2
-1.031011E+2	9.040000E-5	5.540000E-5	2.068780E+1	1.031011E+2
-1.031081E+2	8.940000E-5	6.700000E-5	2.073450E+1	1.031081E+2
-1.031151E+2	1.026000E-4	7.300000E-5	2.078120E+1	1.031151E+2
-1.031221E+2	9.980000E-5	8.520000E-5	2.082790E+1	1.031221E+2
-1.031291E+2	8.920000E-5	6.280000E-5	2.087460E+1	1.031291E+2
-1.031361E+2	1.028000E-4	9.000000E-5	2.092130E+1	1.031361E+2
-1.031431E+2	1.308000E-4	7.500000E-5	2.096800E+1	1.031431E+2
-1.031501E+2	1.128000E-4	5.560000E-5	2.101470E+1	1.031501E+2
-1.031571E+2	1.102000E-4	6.400000E-5	2.106140E+1	1.031571E+2
-1.031641E+2	1.474000E-4	5.880000E-5	2.110810E+1	1.031641E+2
-1.031711E+2	1.432000E-4	4.740000E-5	2.115479E+1	1.031711E+2
-1.031781E+2	1.042000E-4	6.180000E-5	2.120149E+1	1.031781E+2
-1.031851E+2	8.360000E-5	4.880000E-5	2.124819E+1	1.031851E+2
-1.031921E+2	9.420000E-5	7.360000E-5	2.129489E+1	1.031921E+2
-1.031991E+2	1.314000E-4	6.580000E-5	2.134159E+1	1.031991E+2
-1.032061E+2	1.240000E-4	5.340000E-5	2.138829E+1	1.032061E+2
-1.032131E+2	1.154000E-4	7.260000E-5	2.143499E+1	1.032131E+2
-1.032201E+2	1.338000E-4	4.140000E-5	2.148169E+1	1.032201E+2
-1.032271E+2	1.636000E-4	1.760000E-5	2.152839E+1	1.032271E+2
-1.032341E+2	1.286000E-4	5.240000E-5	2.157509E+1	1.032341E+2
-1.032411E+2	1.146000E-4	6.340000E-5	2.162179E+1	1.032411E+2
-1.032481E+2	1.278000E-4	7.100000E-5	2.166849E+1	1.032481E+2
-1.032551E+2	8.760000E-5	4.540000E-5	2.171519E+1	1.032551E+2
-1.032621E+2	8.820000E-5	5.920000E-5	2.176188E+1	1.032621E+2
-1.032691E+2	1.122000E-4	6.660000E-5	2.180858E+1	1.032691E+2
-1.032761E+2	7.860000E-5	4.920000E-5	2.185528E+1	1.032761E+2
-1.032831E+2	1.204000E-4	4.180000E-5	2.190198E+1	1.032831E+2
-1.032901E+2	1.042000E-4	5.480000E-5	2.194868E+1	1.032901E+2
-1.032971E+2	1.490000E-4	4.780000E-5	2.199538E+1	1.032971E+2
