6.569996E+1	-1.882857E-5	-9.480533E-14
6.569296E+1	1.482308E-21	4.669933E-2
6.568595E+1	1.365714E-5	9.339865E-2
6.567896E+1	2.048572E-5	1.400980E-1
6.567195E+1	2.297143E-5	1.867973E-1
6.566496E+1	-2.714286E-6	2.334966E-1
6.565795E+1	-1.971429E-6	2.801960E-1
6.565096E+1	-6.085714E-6	3.268953E-1
6.564395E+1	9.000000E-6	3.735946E-1
6.563696E+1	1.020000E-5	4.202939E-1
6.562995E+1	3.942857E-6	4.669932E-1
6.562296E+1	1.885714E-5	5.136926E-1
6.561595E+1	1.477143E-5	5.603919E-1
6.560896E+1	9.457143E-6	6.070912E-1
6.560195E+1	-6.428571E-6	6.537905E-1
6.559496E+1	7.000000E-6	7.004899E-1
6.558795E+1	5.257143E-6	7.471892E-1
6.558096E+1	-3.142857E-6	7.938885E-1
6.557395E+1	1.277143E-5	8.405879E-1
6.556696E+1	2.285714E-5	8.872872E-1
6.555995E+1	1.465714E-5	9.339865E-1
6.555296E+1	-8.000000E-7	9.806858E-1
6.554595E+1	1.260000E-5	1.027385E+0
6.553896E+1	-1.657143E-6	1.074085E+0
6.553195E+1	-1.157143E-5	1.120784E+0
6.552496E+1	-1.100000E-5	1.167483E+0
6.551795E+1	-7.228572E-6	1.214182E+0
6.551096E+1	-8.342857E-6	1.260882E+0
6.550395E+1	-7.514286E-6	1.307581E+0
6.549696E+1	-2.685714E-6	1.354280E+0
6.548995E+1	1.262857E-5	1.400980E+0
6.548296E+1	-3.271428E-5	1.447679E+0
6.547595E+1	-5.000000E-6	1.494378E+0
6.546896E+1	1.297143E-5	1.541078E+0
6.546195E+1	2.400000E-6	1.587777E+0
6.545496E+1	4.771428E-6	1.634476E+0
6.544795E+1	-1.017143E-5	1.681176E+0
6.544096E+1	-2.337143E-5	1.727875E+0
6.543395E+1	-1.585714E-5	1.774574E+0
6.542696E+1	6.942857E-6	1.821274E+0
6.541995E+1	6.285715E-7	1.867973E+0
6.541296E+1	2.000000E-5	1.914672E+0
6.540595E+1	6.742857E-6	1.961372E+0
6.539896E+1	1.305714E-5	2.008071E+0
6.539195E+1	2.057143E-6	2.054770E+0
6.538496E+1	8.485715E-6	2.101470E+0
6.537795E+1	9.200000E-6	2.148169E+0
6.537096E+1	2.300000E-5	2.194868E+0
6.536395E+1	2.340000E-5	2.241568E+0
6.535696E+1	2.011429E-5	2.288267E+0
6.534995E+1	1.180000E-5	2.334966E+0
6.534296E+1	1.297143E-5	2.381665E+0
6.533595E+1	2.100000E-5	2.428365E+0
6.532896E+1	4.022857E-5	2.475064E+0
6.532195E+1	1.205714E-5	2.521764E+0
6.531496E+1	-2.942857E-6	2.568463E+0
6.530795E+1	-2.228571E-5	2.615162E+0
6.530096E+1	-5.728571E-5	2.661861E+0
6.529395E+1	-6.711428E-5	2.708561E+0
6.528696E+1	-7.840000E-5	2.755260E+0
6.527995E+1	-1.120286E-4	2.801960E+0
6.527296E+1	-9.331429E-5	2.848659E+0
6.526595E+1	-6.208572E-5	2.895358E+0
6.525896E+1	-2.600000E-5	2.942057E+0
6.525195E+1	6.971429E-6	2.988757E+0
6.524496E+1	2.182857E-5	3.035456E+0
6.523795E+1	3.100000E-5	3.082155E+0
6.523096E+1	3.305714E-5	3.128855E+0
6.522395E+1	2.917143E-5	3.175554E+0
6.521696E+1	1.542857E-5	3.222253E+0
6.520995E+1	3.137143E-5	3.268953E+0
6.520296E+1	2.745714E-5	3.315652E+0
6.519595E+1	2.720000E-5	3.362351E+0
6.518896E+1	-4.200000E-6	3.409051E+0
6.518195E+1	1.537143E-5	3.455750E+0
6.517496E+1	2.434286E-5	3.502449E+0
6.516795E+1	2.245714E-5	3.549149E+0
6.516096E+1	1.368571E-5	3.595848E+0
6.515395E+1	-7.142857E-6	3.642547E+0
6.514696E+1	2.828571E-6	3.689247E+0
6.513995E+1	7.828571E-6	3.735946E+0
6.513296E+1	1.771429E-6	3.782645E+0
6.512595E+1	3.228571E-6	3.829345E+0
6.511896E+1	-1.914286E-6	3.876044E+0
6.511195E+1	-8.942857E-6	3.922743E+0
6.510496E+1	-1.600000E-6	3.969443E+0
6.509795E+1	3.620000E-5	4.016142E+0
6.509096E+1	1.382857E-5	4.062841E+0
6.508395E+1	-3.000000E-6	4.109540E+0
6.507696E+1	8.371429E-6	4.156240E+0
6.506995E+1	7.942857E-6	4.202939E+0
6.506296E+1	-1.594286E-5	4.249639E+0
6.505595E+1	-9.428571E-7	4.296338E+0
6.504896E+1	1.611429E-5	4.343037E+0
6.504195E+1	2.400000E-6	4.389737E+0
6.503496E+1	1.631428E-5	4.436436E+0
6.502795E+1	1.357143E-5	4.483135E+0
6.502096E+1	1.454286E-5	4.529835E+0
6.501395E+1	-4.257143E-6	4.576534E+0
6.500696E+1	5.171429E-6	4.623233E+0
6.499995E+1	-4.314286E-6	4.669932E+0
6.499296E+1	2.274286E-5	4.716632E+0
6.498595E+1	9.457143E-6	4.763331E+0
6.497896E+1	-2.342857E-6	4.810030E+0
6.497195E+1	1.591429E-5	4.856730E+0
6.496496E+1	2.800000E-6	4.903429E+0
6.495795E+1	1.200000E-6	4.950129E+0
6.495096E+1	9.857143E-6	4.996828E+0
6.494395E+1	1.528571E-5	5.043527E+0
6.493696E+1	1.077143E-5	5.090227E+0
6.492995E+1	7.828571E-6	5.136926E+0
6.492296E+1	1.194286E-5	5.183625E+0
6.491595E+1	-1.174286E-5	5.230324E+0
6.490896E+1	-4.600000E-6	5.277024E+0
6.490195E+1	-8.428571E-6	5.323723E+0
6.489496E+1	-7.571429E-6	5.370422E+0
6.488795E+1	-2.628571E-6	5.417122E+0
6.488096E+1	-3.142857E-7	5.463821E+0
6.487395E+1	2.971429E-6	5.510520E+0
6.486696E+1	8.600000E-6	5.557220E+0
6.485995E+1	-1.594286E-5	5.603919E+0
6.485296E+1	-1.160000E-5	5.650619E+0
6.484595E+1	-6.800000E-6	5.697318E+0
6.483896E+1	-1.785714E-5	5.744017E+0
6.483195E+1	-1.660000E-5	5.790716E+0
6.482496E+1	-1.422857E-5	5.837416E+0
6.481796E+1	-1.174286E-5	5.884115E+0
6.481095E+1	5.000000E-6	5.930814E+0
