6.916993E+1	6.416666E-4	0.000000E+0
6.916988E+1	6.430000E-4	3.335666E-4
6.916983E+1	6.416666E-4	6.671332E-4
6.916978E+1	6.663333E-4	1.000700E-3
6.916973E+1	6.210000E-4	1.334266E-3
6.916968E+1	6.403333E-4	1.667833E-3
6.916963E+1	6.443333E-4	2.001400E-3
6.916958E+1	6.450000E-4	2.334966E-3
6.916953E+1	6.640000E-4	2.668533E-3
6.916948E+1	6.443333E-4	3.002099E-3
6.916943E+1	6.380000E-4	3.335666E-3
6.916938E+1	6.290000E-4	3.669233E-3
6.916933E+1	6.416666E-4	4.002799E-3
6.916928E+1	6.433334E-4	4.336366E-3
6.916923E+1	6.496666E-4	4.669933E-3
6.916918E+1	6.383333E-4	5.003499E-3
6.916913E+1	6.270000E-4	5.337066E-3
6.916908E+1	6.353334E-4	5.670632E-3
6.916903E+1	6.416666E-4	6.004199E-3
6.916898E+1	6.506667E-4	6.337766E-3
6.916893E+1	6.383333E-4	6.671332E-3
6.916888E+1	6.423334E-4	7.004899E-3
6.916883E+1	6.100000E-4	7.338465E-3
6.916878E+1	6.163333E-4	7.672032E-3
6.916873E+1	6.390000E-4	8.005599E-3
6.916868E+1	6.253333E-4	8.339165E-3
6.916863E+1	6.223333E-4	8.672732E-3
6.916858E+1	6.160000E-4	9.006298E-3
6.916853E+1	6.276667E-4	9.339865E-3
6.916848E+1	6.286667E-4	9.673432E-3
6.916843E+1	6.443333E-4	1.000700E-2
6.916838E+1	6.250000E-4	1.034056E-2
6.916833E+1	6.293333E-4	1.067413E-2
6.916828E+1	6.226667E-4	1.100770E-2
6.916823E+1	6.240000E-4	1.134126E-2
6.916818E+1	6.230000E-4	1.167483E-2
6.916813E+1	6.200000E-4	1.200840E-2
6.916808E+1	6.376667E-4	1.234196E-2
6.916803E+1	6.173333E-4	1.267553E-2
6.916798E+1	6.313333E-4	1.300910E-2
6.916793E+1	6.320000E-4	1.334266E-2
6.916788E+1	6.236667E-4	1.367623E-2
6.916783E+1	6.156667E-4	1.400980E-2
6.916778E+1	6.326667E-4	1.434336E-2
6.916773E+1	6.193334E-4	1.467693E-2
6.916768E+1	6.356667E-4	1.501050E-2
6.916763E+1	6.530000E-4	1.534406E-2
6.916758E+1	6.400000E-4	1.567763E-2
6.916753E+1	6.313333E-4	1.601120E-2
6.916748E+1	6.390000E-4	1.634476E-2
6.916743E+1	6.396667E-4	1.667833E-2
6.916738E+1	6.363333E-4	1.701190E-2
6.916733E+1	6.246667E-4	1.734546E-2
6.916728E+1	6.266666E-4	1.767903E-2
6.916723E+1	6.483333E-4	1.801260E-2
6.916718E+1	6.396667E-4	1.834616E-2
6.916713E+1	6.370000E-4	1.867973E-2
6.916708E+1	6.443333E-4	1.901330E-2
6.916703E+1	6.403333E-4	1.934686E-2
6.916698E+1	6.576666E-4	1.968043E-2
6.916693E+1	6.466667E-4	2.001400E-2
6.916688E+1	6.373333E-4	2.034756E-2
6.916683E+1	6.396667E-4	2.068113E-2
6.916678E+1	6.196667E-4	2.101470E-2
6.916673E+1	6.583334E-4	2.134826E-2
6.916668E+1	6.356667E-4	2.168183E-2
6.916663E+1	6.286667E-4	2.201540E-2
6.916658E+1	6.413333E-4	2.234896E-2
6.916653E+1	6.300000E-4	2.268253E-2
6.916648E+1	6.560000E-4	2.301610E-2
6.916643E+1	6.423334E-4	2.334966E-2
6.916638E+1	6.476667E-4	2.368323E-2
6.916633E+1	6.483333E-4	2.401680E-2
6.916628E+1	6.403333E-4	2.435036E-2
6.916623E+1	6.253333E-4	2.468393E-2
6.916618E+1	6.383333E-4	2.501750E-2
6.916613E+1	6.220000E-4	2.535106E-2
6.916608E+1	6.340000E-4	2.568463E-2
6.916603E+1	6.436667E-4	2.601819E-2
6.916598E+1	6.466667E-4	2.635176E-2
6.916593E+1	6.440000E-4	2.668533E-2
6.916588E+1	6.283333E-4	2.701890E-2
6.916583E+1	6.243333E-4	2.735246E-2
6.916578E+1	6.250000E-4	2.768603E-2
6.916573E+1	6.263333E-4	2.801960E-2
6.916568E+1	6.536667E-4	2.835316E-2
6.916563E+1	6.370000E-4	2.868673E-2
6.916558E+1	6.250000E-4	2.902029E-2
6.916553E+1	6.243333E-4	2.935386E-2
6.916548E+1	6.200000E-4	2.968743E-2
6.916543E+1	6.256666E-4	3.002100E-2
6.916538E+1	6.353334E-4	3.035456E-2
6.916533E+1	6.410000E-4	3.068813E-2
6.916528E+1	6.616667E-4	3.102169E-2
6.916523E+1	6.143333E-4	3.135526E-2
6.916518E+1	6.293333E-4	3.168883E-2
6.916513E+1	6.160000E-4	3.202239E-2
6.916508E+1	6.240000E-4	3.235596E-2
6.916503E+1	6.306667E-4	3.268953E-2
6.916498E+1	6.203334E-4	3.302309E-2
6.916493E+1	6.206667E-4	3.335666E-2
6.916488E+1	6.310000E-4	3.369023E-2
6.916483E+1	6.300000E-4	3.402380E-2
6.916478E+1	6.336666E-4	3.435736E-2
6.916473E+1	6.300000E-4	3.469093E-2
6.916468E+1	6.343334E-4	3.502449E-2
6.916463E+1	6.283333E-4	3.535806E-2
6.916458E+1	6.300000E-4	3.569163E-2
6.916453E+1	6.180000E-4	3.602519E-2
6.916448E+1	6.500000E-4	3.635876E-2
6.916443E+1	6.133333E-4	3.669233E-2
6.916438E+1	6.130000E-4	3.702589E-2
6.916433E+1	5.693333E-4	3.735946E-2
6.916428E+1	6.210000E-4	3.769303E-2
6.916423E+1	6.240000E-4	3.802659E-2
6.916418E+1	6.246667E-4	3.836016E-2
6.916413E+1	6.470000E-4	3.869373E-2
6.916408E+1	6.280000E-4	3.902729E-2
6.916403E+1	6.683333E-4	3.936086E-2
6.916398E+1	6.493333E-4	3.969442E-2
6.916393E+1	6.440000E-4	4.002799E-2
6.916388E+1	6.340000E-4	4.036156E-2
6.916383E+1	6.250000E-4	4.069513E-2
6.916378E+1	6.276667E-4	4.102869E-2
6.916373E+1	6.490000E-4	4.136226E-2
6.916368E+1	6.560000E-4	4.169583E-2
6.916363E+1	6.533333E-4	4.202939E-2
6.916358E+1	6.770000E-4	4.236296E-2
6.916353E+1	6.593333E-4	4.269652E-2
6.916348E+1	6.436667E-4	4.303009E-2
6.916343E+1	6.400000E-4	4.336366E-2
6.916338E+1	6.450000E-4	4.369723E-2
6.916333E+1	6.486666E-4	4.403079E-2
6.916328E+1	6.140000E-4	4.436436E-2
6.916323E+1	6.400000E-4	4.469793E-2
6.916318E+1	6.510000E-4	4.503149E-2
6.916313E+1	6.503334E-4	4.536506E-2
6.916308E+1	6.453333E-4	4.569862E-2
6.916303E+1	6.440000E-4	4.603219E-2
6.916298E+1	6.513333E-4	4.636576E-2
6.916293E+1	6.410000E-4	4.669933E-2
6.916288E+1	6.510000E-4	4.703289E-2
6.916283E+1	6.440000E-4	4.736646E-2
6.916278E+1	6.626667E-4	4.770003E-2
6.916273E+1	6.306667E-4	4.803359E-2
6.916268E+1	6.160000E-4	4.836716E-2
6.916263E+1	6.300000E-4	4.870072E-2
6.916258E+1	6.596667E-4	4.903429E-2
6.916253E+1	6.453333E-4	4.936786E-2
6.916248E+1	6.493333E-4	4.970143E-2
6.916243E+1	6.693333E-4	5.003499E-2
6.916238E+1	6.393333E-4	5.036856E-2
6.916233E+1	6.313333E-4	5.070212E-2
6.916228E+1	6.410000E-4	5.103569E-2
6.916223E+1	6.400000E-4	5.136926E-2
6.916218E+1	6.730000E-4	5.170282E-2
6.916213E+1	6.543333E-4	5.203639E-2
6.916208E+1	6.346666E-4	5.236996E-2
6.916203E+1	6.356667E-4	5.270352E-2
6.916198E+1	6.383333E-4	5.303709E-2
6.916193E+1	6.426667E-4	5.337066E-2
6.916188E+1	6.260000E-4	5.370422E-2
6.916183E+1	6.370000E-4	5.403779E-2
6.916178E+1	6.396667E-4	5.437136E-2
6.916173E+1	6.386667E-4	5.470492E-2
6.916168E+1	6.316667E-4	5.503849E-2
6.916163E+1	6.423334E-4	5.537206E-2
6.916158E+1	6.630000E-4	5.570562E-2
6.916153E+1	6.490000E-4	5.603919E-2
6.916148E+1	6.310000E-4	5.637276E-2
6.916143E+1	6.413333E-4	5.670632E-2
6.916138E+1	6.523333E-4	5.703989E-2
6.916133E+1	6.446667E-4	5.737346E-2
6.916128E+1	6.326667E-4	5.770702E-2
6.916123E+1	6.300000E-4	5.804059E-2
6.916118E+1	6.140000E-4	5.837416E-2
6.916113E+1	6.036666E-4	5.870772E-2
6.916108E+1	6.373333E-4	5.904129E-2
6.916103E+1	6.440000E-4	5.937486E-2
6.916098E+1	6.300000E-4	5.970842E-2
6.916093E+1	6.340000E-4	6.004199E-2
6.916088E+1	6.486666E-4	6.037556E-2
6.916083E+1	6.446667E-4	6.070912E-2
6.916078E+1	6.393333E-4	6.104269E-2
6.916073E+1	6.600000E-4	6.137626E-2
6.916068E+1	6.630000E-4	6.170982E-2
6.916063E+1	6.590000E-4	6.204339E-2
6.916058E+1	6.263333E-4	6.237696E-2
6.916053E+1	6.340000E-4	6.271052E-2
6.916048E+1	6.526667E-4	6.304409E-2
6.916043E+1	6.340000E-4	6.337766E-2
6.916038E+1	6.453333E-4	6.371122E-2
6.916033E+1	6.433334E-4	6.404479E-2
6.916028E+1	6.343334E-4	6.437836E-2
6.916023E+1	6.363333E-4	6.471192E-2
6.916018E+1	6.410000E-4	6.504549E-2
6.916013E+1	6.446667E-4	6.537905E-2
6.916008E+1	6.313333E-4	6.571262E-2
6.916003E+1	6.400000E-4	6.604619E-2
6.915998E+1	6.250000E-4	6.637976E-2
6.915993E+1	6.243333E-4	6.671332E-2
6.915988E+1	6.326667E-4	6.704689E-2
6.915983E+1	6.390000E-4	6.738046E-2
6.915978E+1	6.476667E-4	6.771402E-2
6.915973E+1	6.446667E-4	6.804759E-2
6.915968E+1	6.503334E-4	6.838115E-2
6.915963E+1	6.460000E-4	6.871472E-2
6.915958E+1	6.313333E-4	6.904829E-2
6.915953E+1	6.386667E-4	6.938186E-2
6.915948E+1	6.326667E-4	6.971542E-2
6.915943E+1	6.190000E-4	7.004899E-2
6.915938E+1	6.310000E-4	7.038256E-2
6.915933E+1	6.676667E-4	7.071612E-2
6.915928E+1	6.473333E-4	7.104969E-2
6.915923E+1	6.600000E-4	7.138325E-2
6.915918E+1	6.566666E-4	7.171682E-2
6.915913E+1	6.493333E-4	7.205039E-2
6.915908E+1	6.506667E-4	7.238396E-2
6.915903E+1	6.376667E-4	7.271752E-2
6.915898E+1	6.616667E-4	7.305109E-2
6.915893E+1	6.366667E-4	7.338465E-2
6.915888E+1	6.446667E-4	7.371822E-2
6.915883E+1	6.633333E-4	7.405179E-2
6.915878E+1	6.706667E-4	7.438535E-2
6.915873E+1	6.613333E-4	7.471892E-2
6.915868E+1	6.550000E-4	7.505248E-2
6.915863E+1	6.440000E-4	7.538605E-2
6.915858E+1	6.700000E-4	7.571962E-2
6.915853E+1	6.526667E-4	7.605319E-2
6.915848E+1	6.206667E-4	7.638675E-2
6.915843E+1	6.406667E-4	7.672032E-2
6.915838E+1	6.393333E-4	7.705389E-2
6.915833E+1	6.596667E-4	7.738745E-2
6.915828E+1	6.376667E-4	7.772102E-2
6.915823E+1	6.353334E-4	7.805458E-2
6.915818E+1	6.630000E-4	7.838815E-2
6.915813E+1	6.600000E-4	7.872172E-2
6.915808E+1	6.570000E-4	7.905529E-2
6.915803E+1	6.440000E-4	7.938885E-2
6.915798E+1	6.330000E-4	7.972242E-2
6.915793E+1	6.353334E-4	8.005599E-2
6.915788E+1	6.100000E-4	8.038955E-2
6.915783E+1	6.286667E-4	8.072312E-2
6.915778E+1	6.133333E-4	8.105668E-2
6.915773E+1	6.406667E-4	8.139025E-2
6.915768E+1	6.196667E-4	8.172382E-2
6.915763E+1	6.013333E-4	8.205739E-2
6.915758E+1	6.153333E-4	8.239095E-2
6.915753E+1	6.190000E-4	8.272452E-2
6.915748E+1	6.263333E-4	8.305808E-2
6.915743E+1	6.396667E-4	8.339165E-2
6.915738E+1	6.470000E-4	8.372522E-2
6.915733E+1	6.456667E-4	8.405878E-2
6.915728E+1	6.380000E-4	8.439235E-2
6.915723E+1	6.183333E-4	8.472592E-2
6.915718E+1	6.373333E-4	8.505949E-2
6.915713E+1	6.550000E-4	8.539305E-2
6.915708E+1	6.600000E-4	8.572662E-2
6.915703E+1	6.446667E-4	8.606018E-2
6.915698E+1	6.406667E-4	8.639375E-2
6.915693E+1	6.403333E-4	8.672732E-2
6.915688E+1	6.410000E-4	8.706088E-2
6.915683E+1	6.420000E-4	8.739445E-2
6.915678E+1	6.430000E-4	8.772802E-2
6.915673E+1	6.490000E-4	8.806159E-2
6.915668E+1	6.330000E-4	8.839515E-2
6.915663E+1	6.253333E-4	8.872872E-2
6.915658E+1	6.293333E-4	8.906228E-2
6.915653E+1	6.450000E-4	8.939585E-2
6.915648E+1	6.423334E-4	8.972942E-2
6.915643E+1	6.456667E-4	9.006298E-2
6.915638E+1	6.490000E-4	9.039655E-2
6.915633E+1	6.500000E-4	9.073012E-2
6.915628E+1	6.750000E-4	9.106369E-2
6.915623E+1	6.410000E-4	9.139725E-2
6.915618E+1	6.553333E-4	9.173082E-2
6.915613E+1	6.876666E-4	9.206438E-2
6.915608E+1	6.730000E-4	9.239795E-2
6.915603E+1	6.406667E-4	9.273152E-2
6.915598E+1	6.250000E-4	9.306508E-2
6.915593E+1	6.416666E-4	9.339865E-2
6.915588E+1	6.483333E-4	9.373222E-2
6.915583E+1	6.420000E-4	9.406579E-2
6.915578E+1	6.286667E-4	9.439935E-2
6.915573E+1	6.440000E-4	9.473292E-2
6.915568E+1	6.350000E-4	9.506648E-2
6.915563E+1	6.510000E-4	9.540005E-2
6.915558E+1	6.560000E-4	9.573361E-2
6.915553E+1	6.310000E-4	9.606718E-2
6.915548E+1	6.616667E-4	9.640075E-2
6.915543E+1	6.566666E-4	9.673432E-2
6.915538E+1	6.533333E-4	9.706789E-2
6.915533E+1	6.556667E-4	9.740145E-2
6.915528E+1	6.270000E-4	9.773502E-2
6.915523E+1	6.333333E-4	9.806858E-2
6.915518E+1	6.550000E-4	9.840215E-2
6.915513E+1	6.616667E-4	9.873571E-2
6.915508E+1	6.453333E-4	9.906928E-2
6.915503E+1	6.376667E-4	9.940285E-2
6.915498E+1	6.330000E-4	9.973641E-2
6.915493E+1	6.523333E-4	1.000700E-1
6.915488E+1	6.490000E-4	1.004035E-1
6.915483E+1	6.286667E-4	1.007371E-1
6.915478E+1	6.606667E-4	1.010707E-1
6.915473E+1	6.540000E-4	1.014042E-1
6.915468E+1	6.190000E-4	1.017378E-1
6.915463E+1	6.180000E-4	1.020714E-1
6.915458E+1	6.300000E-4	1.024050E-1
6.915453E+1	6.380000E-4	1.027385E-1
6.915448E+1	6.300000E-4	1.030721E-1
6.915443E+1	6.430000E-4	1.034056E-1
6.915438E+1	6.403333E-4	1.037392E-1
6.915433E+1	6.570000E-4	1.040728E-1
6.915428E+1	6.300000E-4	1.044063E-1
6.915423E+1	6.293333E-4	1.047399E-1
6.915418E+1	6.383333E-4	1.050735E-1
6.915413E+1	6.423334E-4	1.054070E-1
6.915408E+1	6.280000E-4	1.057406E-1
6.915403E+1	6.353334E-4	1.060742E-1
6.915398E+1	6.283333E-4	1.064077E-1
6.915393E+1	6.470000E-4	1.067413E-1
6.915388E+1	6.226667E-4	1.070749E-1
6.915383E+1	6.310000E-4	1.074084E-1
6.915378E+1	6.423334E-4	1.077420E-1
6.915373E+1	6.363333E-4	1.080756E-1
6.915368E+1	6.190000E-4	1.084091E-1
6.915363E+1	6.400000E-4	1.087427E-1
6.915358E+1	6.273334E-4	1.090763E-1
6.915353E+1	6.513333E-4	1.094098E-1
6.915348E+1	6.330000E-4	1.097434E-1
6.915343E+1	6.353334E-4	1.100770E-1
6.915338E+1	6.370000E-4	1.104105E-1
6.915333E+1	6.570000E-4	1.107441E-1
6.915328E+1	6.596667E-4	1.110777E-1
6.915323E+1	6.306667E-4	1.114112E-1
6.915318E+1	6.443333E-4	1.117448E-1
6.915313E+1	6.523333E-4	1.120784E-1
6.915308E+1	6.376667E-4	1.124119E-1
6.915303E+1	6.380000E-4	1.127455E-1
6.915298E+1	6.546667E-4	1.130791E-1
6.915293E+1	6.450000E-4	1.134126E-1
6.915288E+1	6.243333E-4	1.137462E-1
6.915283E+1	6.580000E-4	1.140798E-1
6.915278E+1	6.556667E-4	1.144133E-1
6.915273E+1	6.593333E-4	1.147469E-1
6.915268E+1	6.556667E-4	1.150805E-1
6.915263E+1	6.400000E-4	1.154140E-1
6.915258E+1	6.383333E-4	1.157476E-1
6.915253E+1	6.526667E-4	1.160812E-1
6.915248E+1	6.293333E-4	1.164147E-1
6.915243E+1	6.340000E-4	1.167483E-1
6.915238E+1	6.136667E-4	1.170819E-1
6.915233E+1	6.326667E-4	1.174154E-1
6.915228E+1	6.540000E-4	1.177490E-1
6.915223E+1	6.706667E-4	1.180826E-1
6.915218E+1	6.636667E-4	1.184161E-1
6.915213E+1	6.476667E-4	1.187497E-1
6.915208E+1	6.423334E-4	1.190833E-1
6.915203E+1	6.356667E-4	1.194168E-1
6.915198E+1	6.500000E-4	1.197504E-1
6.915193E+1	6.203334E-4	1.200840E-1
6.915188E+1	6.346666E-4	1.204175E-1
6.915183E+1	6.306667E-4	1.207511E-1
6.915178E+1	6.420000E-4	1.210847E-1
6.915173E+1	6.450000E-4	1.214182E-1
6.915168E+1	6.680000E-4	1.217518E-1
6.915163E+1	6.263333E-4	1.220854E-1
6.915158E+1	6.180000E-4	1.224189E-1
6.915153E+1	6.210000E-4	1.227525E-1
6.915148E+1	6.070000E-4	1.230861E-1
6.915143E+1	6.303333E-4	1.234196E-1
6.915138E+1	6.500000E-4	1.237532E-1
6.915133E+1	6.580000E-4	1.240868E-1
6.915128E+1	6.570000E-4	1.244203E-1
6.915123E+1	6.410000E-4	1.247539E-1
6.915118E+1	6.186666E-4	1.250875E-1
6.915113E+1	6.513333E-4	1.254210E-1
6.915108E+1	6.650000E-4	1.257546E-1
6.915103E+1	6.330000E-4	1.260882E-1
6.915098E+1	6.363333E-4	1.264217E-1
6.915093E+1	6.256666E-4	1.267553E-1
6.915088E+1	6.300000E-4	1.270889E-1
6.915083E+1	6.556667E-4	1.274224E-1
6.915078E+1	6.373333E-4	1.277560E-1
6.915073E+1	6.406667E-4	1.280896E-1
6.915068E+1	6.370000E-4	1.284231E-1
6.915063E+1	6.143333E-4	1.287567E-1
6.915058E+1	6.306667E-4	1.290903E-1
6.915053E+1	6.400000E-4	1.294238E-1
6.915048E+1	6.576666E-4	1.297574E-1
6.915043E+1	6.376667E-4	1.300910E-1
6.915038E+1	6.400000E-4	1.304245E-1
6.915033E+1	6.240000E-4	1.307581E-1
6.915028E+1	6.303333E-4	1.310917E-1
6.915023E+1	6.460000E-4	1.314252E-1
6.915018E+1	6.440000E-4	1.317588E-1
6.915013E+1	6.210000E-4	1.320924E-1
6.915008E+1	6.203334E-4	1.324259E-1
6.915003E+1	6.280000E-4	1.327595E-1
6.914998E+1	6.176667E-4	1.330931E-1
6.914993E+1	6.213333E-4	1.334266E-1
6.914988E+1	6.500000E-4	1.337602E-1
6.914983E+1	6.513333E-4	1.340938E-1
6.914978E+1	6.370000E-4	1.344273E-1
6.914973E+1	6.503334E-4	1.347609E-1
6.914968E+1	6.263333E-4	1.350945E-1
6.914963E+1	6.546667E-4	1.354280E-1
6.914958E+1	6.473333E-4	1.357616E-1
6.914953E+1	6.103333E-4	1.360952E-1
6.914948E+1	6.276667E-4	1.364287E-1
6.914943E+1	6.233333E-4	1.367623E-1
6.914938E+1	6.400000E-4	1.370959E-1
6.914933E+1	6.470000E-4	1.374294E-1
6.914928E+1	6.593333E-4	1.377630E-1
6.914923E+1	6.486666E-4	1.380966E-1
6.914918E+1	6.480000E-4	1.384301E-1
6.914913E+1	6.510000E-4	1.387637E-1
6.914908E+1	6.350000E-4	1.390973E-1
6.914903E+1	6.380000E-4	1.394308E-1
6.914898E+1	6.373333E-4	1.397644E-1
6.914893E+1	6.566666E-4	1.400980E-1
6.914888E+1	6.360000E-4	1.404315E-1
6.914883E+1	6.310000E-4	1.407651E-1
6.914878E+1	6.663333E-4	1.410987E-1
6.914873E+1	6.700000E-4	1.414322E-1
6.914868E+1	6.493333E-4	1.417658E-1
6.914863E+1	6.596667E-4	1.420994E-1
6.914858E+1	6.710000E-4	1.424329E-1
6.914853E+1	6.520000E-4	1.427665E-1
6.914848E+1	6.573334E-4	1.431001E-1
6.914843E+1	6.470000E-4	1.434336E-1
6.914838E+1	6.690000E-4	1.437672E-1
6.914833E+1	6.613333E-4	1.441008E-1
6.914828E+1	6.280000E-4	1.444343E-1
6.914823E+1	6.496666E-4	1.447679E-1
6.914818E+1	6.780000E-4	1.451015E-1
6.914813E+1	6.596667E-4	1.454350E-1
6.914808E+1	6.393333E-4	1.457686E-1
6.914803E+1	6.300000E-4	1.461022E-1
6.914798E+1	6.460000E-4	1.464357E-1
6.914793E+1	6.600000E-4	1.467693E-1
6.914788E+1	6.543333E-4	1.471029E-1
6.914783E+1	6.506667E-4	1.474364E-1
6.914778E+1	6.433334E-4	1.477700E-1
6.914773E+1	6.503334E-4	1.481036E-1
6.914768E+1	6.550000E-4	1.484371E-1
6.914763E+1	6.590000E-4	1.487707E-1
6.914758E+1	6.573334E-4	1.491043E-1
6.914753E+1	6.510000E-4	1.494378E-1
6.914748E+1	6.493333E-4	1.497714E-1
6.914743E+1	6.390000E-4	1.501050E-1
6.914738E+1	6.500000E-4	1.504385E-1
6.914733E+1	6.400000E-4	1.507721E-1
6.914728E+1	6.710000E-4	1.511057E-1
6.914723E+1	6.583334E-4	1.514392E-1
6.914718E+1	6.536667E-4	1.517728E-1
6.914713E+1	6.770000E-4	1.521064E-1
6.914708E+1	6.486666E-4	1.524399E-1
6.914703E+1	6.430000E-4	1.527735E-1
6.914698E+1	6.456667E-4	1.531071E-1
6.914693E+1	6.393333E-4	1.534406E-1
6.914688E+1	6.383333E-4	1.537742E-1
6.914683E+1	6.450000E-4	1.541078E-1
6.914678E+1	6.203334E-4	1.544413E-1
6.914673E+1	6.330000E-4	1.547749E-1
6.914668E+1	6.066667E-4	1.551085E-1
6.914663E+1	6.373333E-4	1.554420E-1
6.914658E+1	6.260000E-4	1.557756E-1
6.914653E+1	6.276667E-4	1.561092E-1
6.914648E+1	6.376667E-4	1.564427E-1
6.914643E+1	6.373333E-4	1.567763E-1
6.914638E+1	6.230000E-4	1.571099E-1
6.914633E+1	6.546667E-4	1.574434E-1
6.914628E+1	6.473333E-4	1.577770E-1
6.914623E+1	6.426667E-4	1.581106E-1
6.914618E+1	6.460000E-4	1.584441E-1
6.914613E+1	6.560000E-4	1.587777E-1
6.914608E+1	6.506667E-4	1.591113E-1
6.914603E+1	6.520000E-4	1.594448E-1
6.914598E+1	6.583334E-4	1.597784E-1
6.914593E+1	6.663333E-4	1.601120E-1
6.914588E+1	6.820000E-4	1.604455E-1
6.914583E+1	6.593333E-4	1.607791E-1
6.914578E+1	6.550000E-4	1.611127E-1
6.914573E+1	6.350000E-4	1.614462E-1
6.914568E+1	6.500000E-4	1.617798E-1
6.914563E+1	6.450000E-4	1.621134E-1
6.914558E+1	6.483333E-4	1.624469E-1
6.914553E+1	6.903333E-4	1.627805E-1
6.914548E+1	6.563333E-4	1.631141E-1
6.914543E+1	6.413333E-4	1.634476E-1
6.914538E+1	6.640000E-4	1.637812E-1
6.914533E+1	6.636667E-4	1.641148E-1
6.914528E+1	6.576666E-4	1.644483E-1
6.914523E+1	6.636667E-4	1.647819E-1
6.914518E+1	6.670000E-4	1.651155E-1
6.914513E+1	6.480000E-4	1.654490E-1
6.914508E+1	6.423334E-4	1.657826E-1
6.914503E+1	6.443333E-4	1.661162E-1
6.914498E+1	6.406667E-4	1.664497E-1
6.914493E+1	6.450000E-4	1.667833E-1
6.914488E+1	6.496666E-4	1.671169E-1
6.914483E+1	6.440000E-4	1.674504E-1
6.914478E+1	6.453333E-4	1.677840E-1
6.914473E+1	6.330000E-4	1.681176E-1
6.914468E+1	6.496666E-4	1.684511E-1
6.914463E+1	6.470000E-4	1.687847E-1
6.914458E+1	6.563333E-4	1.691183E-1
6.914453E+1	6.670000E-4	1.694518E-1
6.914448E+1	6.613333E-4	1.697854E-1
6.914443E+1	6.323333E-4	1.701190E-1
6.914438E+1	6.546667E-4	1.704525E-1
6.914433E+1	6.530000E-4	1.707861E-1
6.914428E+1	6.556667E-4	1.711197E-1
6.914423E+1	6.650000E-4	1.714532E-1
6.914418E+1	6.536667E-4	1.717868E-1
6.914413E+1	6.456667E-4	1.721204E-1
6.914408E+1	6.743333E-4	1.724539E-1
6.914403E+1	6.723333E-4	1.727875E-1
6.914398E+1	6.660000E-4	1.731211E-1
6.914393E+1	6.586667E-4	1.734546E-1
6.914388E+1	6.326667E-4	1.737882E-1
6.914383E+1	6.346666E-4	1.741218E-1
6.914378E+1	6.500000E-4	1.744553E-1
6.914373E+1	6.353334E-4	1.747889E-1
6.914368E+1	6.450000E-4	1.751225E-1
6.914363E+1	6.473333E-4	1.754560E-1
6.914358E+1	6.680000E-4	1.757896E-1
6.914353E+1	6.573334E-4	1.761232E-1
6.914348E+1	6.480000E-4	1.764567E-1
6.914343E+1	6.260000E-4	1.767903E-1
6.914338E+1	6.423334E-4	1.771239E-1
6.914333E+1	6.356667E-4	1.774574E-1
6.914328E+1	6.380000E-4	1.777910E-1
6.914323E+1	6.473333E-4	1.781246E-1
6.914318E+1	6.263333E-4	1.784581E-1
6.914313E+1	6.290000E-4	1.787917E-1
6.914308E+1	6.260000E-4	1.791253E-1
6.914303E+1	6.276667E-4	1.794588E-1
6.914298E+1	6.340000E-4	1.797924E-1
6.914293E+1	6.330000E-4	1.801260E-1
6.914288E+1	6.356667E-4	1.804595E-1
6.914283E+1	6.200000E-4	1.807931E-1
6.914278E+1	6.426667E-4	1.811267E-1
6.914273E+1	6.493333E-4	1.814602E-1
6.914268E+1	6.353334E-4	1.817938E-1
6.914263E+1	6.450000E-4	1.821274E-1
6.914258E+1	6.090000E-4	1.824609E-1
6.914253E+1	6.330000E-4	1.827945E-1
6.914248E+1	6.376667E-4	1.831281E-1
6.914243E+1	6.650000E-4	1.834616E-1
6.914238E+1	6.540000E-4	1.837952E-1
6.914233E+1	6.463333E-4	1.841288E-1
6.914228E+1	6.446667E-4	1.844623E-1
6.914223E+1	6.450000E-4	1.847959E-1
6.914218E+1	6.586667E-4	1.851295E-1
6.914213E+1	6.586667E-4	1.854630E-1
6.914208E+1	6.533333E-4	1.857966E-1
6.914203E+1	6.300000E-4	1.861302E-1
6.914198E+1	6.650000E-4	1.864637E-1
6.914193E+1	6.800000E-4	1.867973E-1
6.914188E+1	6.460000E-4	1.871309E-1
6.914183E+1	6.493333E-4	1.874644E-1
6.914178E+1	6.733334E-4	1.877980E-1
6.914173E+1	6.756667E-4	1.881316E-1
6.914168E+1	6.620000E-4	1.884651E-1
6.914163E+1	6.390000E-4	1.887987E-1
6.914158E+1	6.353334E-4	1.891323E-1
6.914153E+1	6.680000E-4	1.894658E-1
6.914148E+1	6.573334E-4	1.897994E-1
6.914143E+1	6.680000E-4	1.901330E-1
6.914138E+1	6.373333E-4	1.904665E-1
6.914133E+1	6.586667E-4	1.908001E-1
6.914128E+1	6.400000E-4	1.911337E-1
6.914123E+1	6.496666E-4	1.914672E-1
6.914118E+1	6.610000E-4	1.918008E-1
6.914113E+1	6.763333E-4	1.921344E-1
6.914108E+1	6.743333E-4	1.924679E-1
6.914103E+1	6.806666E-4	1.928015E-1
6.914098E+1	6.646666E-4	1.931351E-1
6.914093E+1	6.753333E-4	1.934686E-1
6.914088E+1	6.696667E-4	1.938022E-1
6.914083E+1	6.750000E-4	1.941358E-1
6.914078E+1	6.626667E-4	1.944693E-1
6.914073E+1	6.500000E-4	1.948029E-1
6.914068E+1	6.420000E-4	1.951365E-1
6.914063E+1	6.506667E-4	1.954700E-1
6.914058E+1	6.623333E-4	1.958036E-1
6.914053E+1	6.430000E-4	1.961372E-1
6.914048E+1	6.410000E-4	1.964707E-1
6.914043E+1	6.736667E-4	1.968043E-1
6.914038E+1	6.690000E-4	1.971379E-1
6.914033E+1	6.643333E-4	1.974714E-1
6.914028E+1	6.720000E-4	1.978050E-1
6.914023E+1	6.290000E-4	1.981386E-1
6.914018E+1	6.380000E-4	1.984721E-1
6.914013E+1	6.596667E-4	1.988057E-1
6.914008E+1	6.456667E-4	1.991393E-1
6.914003E+1	6.353334E-4	1.994728E-1
6.913998E+1	6.516667E-4	1.998064E-1
6.913993E+1	6.503334E-4	2.001400E-1
6.913988E+1	6.450000E-4	2.004735E-1
6.913983E+1	6.360000E-4	2.008071E-1
6.913978E+1	6.580000E-4	2.011407E-1
6.913973E+1	6.430000E-4	2.014742E-1
6.913968E+1	6.336666E-4	2.018078E-1
6.913963E+1	6.323333E-4	2.021414E-1
6.913958E+1	6.303333E-4	2.024749E-1
6.913953E+1	6.430000E-4	2.028085E-1
6.913948E+1	6.540000E-4	2.031421E-1
6.913943E+1	6.403333E-4	2.034756E-1
6.913938E+1	6.626667E-4	2.038092E-1
6.913933E+1	6.500000E-4	2.041428E-1
6.913928E+1	6.326667E-4	2.044763E-1
6.913923E+1	6.400000E-4	2.048099E-1
6.913918E+1	6.390000E-4	2.051435E-1
6.913913E+1	6.233333E-4	2.054770E-1
6.913908E+1	6.443333E-4	2.058106E-1
6.913903E+1	6.653334E-4	2.061442E-1
6.913898E+1	6.510000E-4	2.064777E-1
6.913893E+1	6.596667E-4	2.068113E-1
6.913888E+1	6.610000E-4	2.071449E-1
6.913883E+1	6.603333E-4	2.074784E-1
6.913878E+1	6.583334E-4	2.078120E-1
6.913873E+1	6.456667E-4	2.081456E-1
6.913868E+1	6.570000E-4	2.084791E-1
6.913863E+1	6.590000E-4	2.088127E-1
6.913858E+1	6.596667E-4	2.091463E-1
6.913853E+1	6.630000E-4	2.094798E-1
6.913848E+1	6.630000E-4	2.098134E-1
6.913843E+1	6.840000E-4	2.101470E-1
6.913838E+1	6.656667E-4	2.104805E-1
6.913833E+1	6.816667E-4	2.108141E-1
6.913828E+1	6.720000E-4	2.111477E-1
6.913823E+1	6.873333E-4	2.114812E-1
6.913818E+1	6.570000E-4	2.118148E-1
6.913813E+1	6.473333E-4	2.121484E-1
6.913808E+1	6.413333E-4	2.124819E-1
6.913803E+1	6.583334E-4	2.128155E-1
6.913798E+1	6.556667E-4	2.131491E-1
6.913793E+1	6.680000E-4	2.134826E-1
6.913788E+1	6.530000E-4	2.138162E-1
6.913783E+1	6.690000E-4	2.141498E-1
6.913778E+1	6.473333E-4	2.144833E-1
6.913773E+1	6.520000E-4	2.148169E-1
6.913768E+1	6.676667E-4	2.151505E-1
6.913763E+1	6.653334E-4	2.154840E-1
6.913758E+1	6.466667E-4	2.158176E-1
6.913753E+1	6.646666E-4	2.161512E-1
6.913748E+1	6.553333E-4	2.164847E-1
6.913743E+1	6.566666E-4	2.168183E-1
6.913738E+1	6.646666E-4	2.171519E-1
6.913733E+1	6.850000E-4	2.174854E-1
6.913728E+1	6.643333E-4	2.178190E-1
6.913723E+1	6.633333E-4	2.181526E-1
6.913718E+1	6.650000E-4	2.184861E-1
6.913713E+1	6.500000E-4	2.188197E-1
6.913708E+1	6.560000E-4	2.191533E-1
6.913703E+1	6.486666E-4	2.194868E-1
6.913698E+1	6.533333E-4	2.198204E-1
6.913693E+1	6.723333E-4	2.201540E-1
6.913688E+1	6.596667E-4	2.204875E-1
6.913683E+1	6.696667E-4	2.208211E-1
6.913678E+1	6.523333E-4	2.211547E-1
6.913673E+1	6.626667E-4	2.214882E-1
6.913668E+1	6.533333E-4	2.218218E-1
6.913663E+1	6.766667E-4	2.221554E-1
6.913658E+1	6.440000E-4	2.224889E-1
6.913653E+1	6.463333E-4	2.228225E-1
6.913648E+1	6.660000E-4	2.231561E-1
6.913643E+1	6.683333E-4	2.234896E-1
6.913638E+1	6.636667E-4	2.238232E-1
6.913633E+1	6.383333E-4	2.241568E-1
6.913628E+1	6.486666E-4	2.244903E-1
6.913623E+1	6.556667E-4	2.248239E-1
6.913618E+1	6.413333E-4	2.251575E-1
6.913613E+1	6.483333E-4	2.254910E-1
6.913608E+1	6.343334E-4	2.258246E-1
6.913603E+1	6.340000E-4	2.261582E-1
6.913598E+1	6.546667E-4	2.264917E-1
6.913593E+1	6.480000E-4	2.268253E-1
6.913588E+1	6.466667E-4	2.271589E-1
6.913583E+1	6.520000E-4	2.274924E-1
6.913578E+1	6.430000E-4	2.278260E-1
6.913573E+1	6.460000E-4	2.281596E-1
6.913568E+1	6.470000E-4	2.284931E-1
6.913563E+1	6.550000E-4	2.288267E-1
6.913558E+1	6.493333E-4	2.291603E-1
6.913553E+1	6.630000E-4	2.294938E-1
6.913548E+1	6.610000E-4	2.298274E-1
6.913543E+1	6.520000E-4	2.301610E-1
6.913538E+1	6.410000E-4	2.304945E-1
6.913533E+1	6.510000E-4	2.308281E-1
6.913528E+1	6.516667E-4	2.311617E-1
6.913523E+1	6.430000E-4	2.314952E-1
6.913518E+1	6.670000E-4	2.318288E-1
6.913513E+1	6.716666E-4	2.321624E-1
6.913508E+1	6.280000E-4	2.324959E-1
6.913503E+1	6.506667E-4	2.328295E-1
6.913498E+1	6.620000E-4	2.331631E-1
6.913493E+1	6.580000E-4	2.334966E-1
6.913488E+1	6.550000E-4	2.338302E-1
6.913483E+1	6.486666E-4	2.341638E-1
6.913478E+1	6.450000E-4	2.344973E-1
6.913473E+1	6.590000E-4	2.348309E-1
6.913468E+1	6.620000E-4	2.351645E-1
6.913463E+1	6.616667E-4	2.354980E-1
6.913458E+1	6.216667E-4	2.358316E-1
6.913453E+1	6.543333E-4	2.361652E-1
6.913448E+1	6.646666E-4	2.364987E-1
6.913443E+1	6.770000E-4	2.368323E-1
6.913438E+1	6.523333E-4	2.371659E-1
6.913433E+1	6.580000E-4	2.374994E-1
6.913428E+1	6.673333E-4	2.378330E-1
6.913423E+1	6.440000E-4	2.381666E-1
6.913418E+1	6.600000E-4	2.385001E-1
6.913413E+1	6.620000E-4	2.388337E-1
6.913408E+1	6.653334E-4	2.391673E-1
6.913403E+1	6.760000E-4	2.395008E-1
6.913398E+1	6.550000E-4	2.398344E-1
6.913393E+1	6.473333E-4	2.401680E-1
6.913388E+1	6.823333E-4	2.405015E-1
6.913383E+1	6.560000E-4	2.408351E-1
6.913378E+1	6.523333E-4	2.411687E-1
6.913373E+1	6.670000E-4	2.415022E-1
6.913368E+1	6.650000E-4	2.418358E-1
6.913363E+1	6.586667E-4	2.421694E-1
6.913358E+1	6.726666E-4	2.425029E-1
6.913353E+1	6.360000E-4	2.428365E-1
6.913348E+1	6.566666E-4	2.431701E-1
6.913343E+1	6.530000E-4	2.435036E-1
6.913338E+1	6.393333E-4	2.438372E-1
6.913333E+1	6.560000E-4	2.441708E-1
6.913328E+1	6.470000E-4	2.445043E-1
6.913323E+1	6.506667E-4	2.448379E-1
6.913318E+1	6.736667E-4	2.451715E-1
6.913313E+1	6.693333E-4	2.455050E-1
6.913308E+1	6.790000E-4	2.458386E-1
6.913303E+1	6.456667E-4	2.461722E-1
6.913298E+1	6.666667E-4	2.465057E-1
6.913293E+1	6.850000E-4	2.468393E-1
6.913288E+1	6.676667E-4	2.471729E-1
6.913283E+1	6.376667E-4	2.475064E-1
6.913278E+1	6.526667E-4	2.478400E-1
6.913273E+1	6.630000E-4	2.481735E-1
6.913268E+1	6.220000E-4	2.485071E-1
6.913263E+1	6.533333E-4	2.488407E-1
6.913258E+1	6.590000E-4	2.491743E-1
6.913253E+1	6.330000E-4	2.495078E-1
6.913248E+1	6.516667E-4	2.498414E-1
6.913243E+1	6.616667E-4	2.501750E-1
6.913238E+1	6.703333E-4	2.505085E-1
6.913233E+1	6.300000E-4	2.508421E-1
6.913228E+1	6.596667E-4	2.511756E-1
6.913223E+1	6.556667E-4	2.515092E-1
6.913218E+1	6.553333E-4	2.518428E-1
6.913213E+1	6.723333E-4	2.521763E-1
6.913208E+1	6.690000E-4	2.525099E-1
6.913203E+1	6.420000E-4	2.528435E-1
6.913198E+1	6.530000E-4	2.531770E-1
6.913193E+1	6.560000E-4	2.535106E-1
6.913188E+1	6.690000E-4	2.538442E-1
6.913183E+1	6.670000E-4	2.541777E-1
6.913178E+1	6.680000E-4	2.545113E-1
6.913173E+1	6.663333E-4	2.548449E-1
6.913168E+1	6.503334E-4	2.551785E-1
6.913163E+1	6.560000E-4	2.555120E-1
6.913158E+1	6.653334E-4	2.558456E-1
6.913153E+1	6.640000E-4	2.561792E-1
6.913148E+1	6.526667E-4	2.565127E-1
6.913143E+1	6.713333E-4	2.568463E-1
6.913138E+1	6.750000E-4	2.571799E-1
6.913133E+1	6.743333E-4	2.575134E-1
6.913128E+1	6.460000E-4	2.578470E-1
6.913123E+1	6.490000E-4	2.581806E-1
6.913118E+1	6.500000E-4	2.585141E-1
6.913113E+1	6.716666E-4	2.588477E-1
6.913108E+1	6.950000E-4	2.591813E-1
6.913103E+1	7.130000E-4	2.595148E-1
6.913098E+1	6.860000E-4	2.598484E-1
6.913093E+1	6.796666E-4	2.601820E-1
6.913088E+1	6.630000E-4	2.605155E-1
6.913083E+1	6.693333E-4	2.608491E-1
6.913078E+1	6.806666E-4	2.611827E-1
6.913073E+1	6.663333E-4	2.615162E-1
6.913068E+1	6.660000E-4	2.618498E-1
6.913063E+1	6.606667E-4	2.621834E-1
6.913058E+1	6.520000E-4	2.625169E-1
6.913053E+1	6.710000E-4	2.628505E-1
6.913048E+1	6.623333E-4	2.631840E-1
6.913043E+1	6.770000E-4	2.635176E-1
6.913038E+1	6.680000E-4	2.638512E-1
6.913033E+1	6.710000E-4	2.641847E-1
6.913028E+1	6.620000E-4	2.645183E-1
6.913023E+1	6.436667E-4	2.648519E-1
6.913018E+1	6.730000E-4	2.651854E-1
6.913013E+1	6.760000E-4	2.655190E-1
6.913008E+1	6.610000E-4	2.658526E-1
6.913003E+1	6.600000E-4	2.661861E-1
6.912998E+1	6.650000E-4	2.665197E-1
6.912993E+1	6.686667E-4	2.668533E-1
6.912988E+1	6.890000E-4	2.671869E-1
6.912983E+1	6.813334E-4	2.675204E-1
6.912978E+1	6.570000E-4	2.678540E-1
6.912973E+1	6.576666E-4	2.681876E-1
6.912968E+1	6.693333E-4	2.685211E-1
6.912963E+1	6.900000E-4	2.688547E-1
6.912958E+1	6.850000E-4	2.691883E-1
6.912953E+1	6.640000E-4	2.695218E-1
6.912948E+1	6.620000E-4	2.698554E-1
6.912943E+1	6.623333E-4	2.701890E-1
6.912938E+1	6.663333E-4	2.705225E-1
6.912933E+1	6.620000E-4	2.708561E-1
6.912928E+1	6.810000E-4	2.711897E-1
6.912923E+1	6.736667E-4	2.715232E-1
6.912918E+1	6.576666E-4	2.718568E-1
6.912913E+1	6.570000E-4	2.721904E-1
6.912908E+1	6.800000E-4	2.725239E-1
6.912903E+1	6.773333E-4	2.728575E-1
6.912898E+1	6.690000E-4	2.731911E-1
6.912893E+1	6.486666E-4	2.735246E-1
6.912888E+1	6.576666E-4	2.738582E-1
6.912883E+1	6.423334E-4	2.741917E-1
6.912878E+1	6.593333E-4	2.745253E-1
6.912873E+1	6.703333E-4	2.748589E-1
6.912868E+1	6.676667E-4	2.751924E-1
6.912863E+1	6.473333E-4	2.755260E-1
6.912858E+1	6.730000E-4	2.758596E-1
6.912853E+1	6.766667E-4	2.761931E-1
6.912848E+1	6.620000E-4	2.765267E-1
6.912843E+1	6.406667E-4	2.768603E-1
6.912838E+1	6.736667E-4	2.771938E-1
6.912833E+1	6.706667E-4	2.775274E-1
6.912828E+1	6.530000E-4	2.778610E-1
6.912823E+1	6.676667E-4	2.781945E-1
6.912818E+1	6.666667E-4	2.785281E-1
6.912813E+1	6.773333E-4	2.788617E-1
6.912808E+1	6.653334E-4	2.791952E-1
6.912803E+1	6.650000E-4	2.795288E-1
6.912798E+1	6.776667E-4	2.798624E-1
6.912793E+1	6.760000E-4	2.801960E-1
6.912788E+1	6.826667E-4	2.805295E-1
6.912783E+1	6.826667E-4	2.808631E-1
6.912778E+1	6.800000E-4	2.811967E-1
6.912773E+1	6.740000E-4	2.815302E-1
6.912768E+1	6.760000E-4	2.818638E-1
6.912763E+1	6.830000E-4	2.821974E-1
6.912758E+1	6.746667E-4	2.825309E-1
6.912753E+1	6.810000E-4	2.828645E-1
6.912748E+1	6.953334E-4	2.831981E-1
6.912743E+1	6.803334E-4	2.835316E-1
6.912738E+1	6.906667E-4	2.838652E-1
6.912733E+1	6.916667E-4	2.841988E-1
6.912728E+1	6.780000E-4	2.845323E-1
6.912723E+1	6.550000E-4	2.848659E-1
6.912718E+1	6.620000E-4	2.851995E-1
6.912713E+1	6.616667E-4	2.855330E-1
6.912708E+1	6.773333E-4	2.858666E-1
6.912703E+1	6.980000E-4	2.862001E-1
6.912698E+1	6.740000E-4	2.865337E-1
6.912693E+1	6.840000E-4	2.868673E-1
6.912688E+1	6.980000E-4	2.872008E-1
6.912683E+1	6.536667E-4	2.875344E-1
6.912678E+1	6.586667E-4	2.878680E-1
6.912673E+1	6.656667E-4	2.882015E-1
6.912668E+1	6.850000E-4	2.885351E-1
6.912663E+1	6.830000E-4	2.888687E-1
6.912658E+1	6.726666E-4	2.892022E-1
6.912653E+1	6.820000E-4	2.895358E-1
6.912648E+1	6.640000E-4	2.898694E-1
6.912643E+1	6.816667E-4	2.902029E-1
6.912638E+1	6.523333E-4	2.905365E-1
6.912633E+1	6.533333E-4	2.908701E-1
6.912628E+1	6.810000E-4	2.912036E-1
6.912623E+1	6.730000E-4	2.915372E-1
6.912618E+1	6.623333E-4	2.918708E-1
6.912613E+1	6.656667E-4	2.922044E-1
6.912608E+1	6.720000E-4	2.925379E-1
6.912603E+1	6.740000E-4	2.928715E-1
6.912598E+1	6.863333E-4	2.932051E-1
6.912593E+1	6.860000E-4	2.935386E-1
6.912588E+1	6.813334E-4	2.938722E-1
6.912583E+1	6.733334E-4	2.942058E-1
6.912578E+1	6.750000E-4	2.945393E-1
6.912573E+1	6.720000E-4	2.948729E-1
6.912568E+1	6.856667E-4	2.952065E-1
6.912563E+1	6.820000E-4	2.955400E-1
6.912558E+1	6.640000E-4	2.958736E-1
6.912553E+1	6.710000E-4	2.962072E-1
6.912548E+1	6.583334E-4	2.965407E-1
6.912543E+1	6.610000E-4	2.968743E-1
6.912538E+1	6.580000E-4	2.972079E-1
6.912533E+1	6.920000E-4	2.975414E-1
6.912528E+1	6.693333E-4	2.978750E-1
6.912523E+1	6.686667E-4	2.982085E-1
6.912518E+1	6.853333E-4	2.985421E-1
6.912513E+1	6.753333E-4	2.988757E-1
6.912508E+1	6.853333E-4	2.992092E-1
6.912503E+1	6.770000E-4	2.995428E-1
6.912498E+1	6.516667E-4	2.998764E-1
6.912493E+1	6.543333E-4	3.002099E-1
6.912488E+1	6.726666E-4	3.005435E-1
6.912483E+1	6.773333E-4	3.008771E-1
6.912478E+1	6.740000E-4	3.012106E-1
6.912473E+1	6.690000E-4	3.015442E-1
6.912468E+1	6.706667E-4	3.018778E-1
6.912463E+1	6.786667E-4	3.022113E-1
6.912458E+1	6.630000E-4	3.025449E-1
6.912453E+1	6.726666E-4	3.028785E-1
6.912448E+1	6.596667E-4	3.032120E-1
6.912443E+1	6.573334E-4	3.035456E-1
6.912438E+1	6.830000E-4	3.038792E-1
6.912433E+1	6.693333E-4	3.042127E-1
6.912428E+1	6.853333E-4	3.045463E-1
6.912423E+1	6.890000E-4	3.048799E-1
6.912418E+1	6.726666E-4	3.052135E-1
6.912413E+1	6.890000E-4	3.055470E-1
6.912408E+1	6.530000E-4	3.058806E-1
6.912403E+1	6.980000E-4	3.062142E-1
6.912398E+1	7.060000E-4	3.065477E-1
6.912393E+1	6.783333E-4	3.068813E-1
6.912388E+1	6.946666E-4	3.072149E-1
6.912383E+1	6.713333E-4	3.075484E-1
6.912378E+1	6.803334E-4	3.078820E-1
6.912373E+1	6.870000E-4	3.082156E-1
6.912368E+1	6.906667E-4	3.085491E-1
6.912363E+1	6.750000E-4	3.088827E-1
6.912358E+1	6.763333E-4	3.092162E-1
6.912353E+1	6.816667E-4	3.095498E-1
6.912348E+1	6.833333E-4	3.098834E-1
6.912343E+1	6.980000E-4	3.102169E-1
6.912338E+1	6.813334E-4	3.105505E-1
6.912333E+1	6.653334E-4	3.108841E-1
6.912328E+1	6.880000E-4	3.112176E-1
6.912323E+1	6.790000E-4	3.115512E-1
6.912318E+1	6.773333E-4	3.118848E-1
6.912313E+1	6.886667E-4	3.122183E-1
6.912308E+1	6.736667E-4	3.125519E-1
6.912303E+1	6.666667E-4	3.128855E-1
6.912298E+1	6.893333E-4	3.132190E-1
6.912293E+1	6.753333E-4	3.135526E-1
6.912288E+1	6.720000E-4	3.138862E-1
6.912283E+1	6.726666E-4	3.142197E-1
6.912278E+1	6.696667E-4	3.145533E-1
6.912273E+1	6.660000E-4	3.148869E-1
6.912268E+1	6.820000E-4	3.152204E-1
6.912263E+1	6.856667E-4	3.155540E-1
6.912258E+1	6.726666E-4	3.158876E-1
6.912253E+1	6.820000E-4	3.162211E-1
6.912248E+1	6.743333E-4	3.165547E-1
6.912243E+1	6.810000E-4	3.168883E-1
6.912238E+1	6.713333E-4	3.172219E-1
6.912233E+1	6.870000E-4	3.175554E-1
6.912228E+1	7.036667E-4	3.178890E-1
6.912223E+1	7.063333E-4	3.182226E-1
6.912218E+1	6.800000E-4	3.185561E-1
6.912213E+1	6.890000E-4	3.188897E-1
6.912208E+1	6.946666E-4	3.192233E-1
6.912203E+1	7.050000E-4	3.195568E-1
6.912198E+1	6.856667E-4	3.198904E-1
6.912193E+1	6.790000E-4	3.202240E-1
6.912188E+1	6.686667E-4	3.205575E-1
6.912183E+1	6.553333E-4	3.208911E-1
6.912178E+1	6.633333E-4	3.212246E-1
6.912173E+1	6.670000E-4	3.215582E-1
6.912168E+1	6.760000E-4	3.218918E-1
6.912163E+1	6.730000E-4	3.222253E-1
6.912158E+1	6.726666E-4	3.225589E-1
6.912153E+1	6.666667E-4	3.228925E-1
6.912148E+1	6.716666E-4	3.232260E-1
6.912143E+1	6.713333E-4	3.235596E-1
6.912138E+1	6.723333E-4	3.238932E-1
6.912133E+1	6.680000E-4	3.242267E-1
6.912128E+1	6.690000E-4	3.245603E-1
6.912123E+1	6.683333E-4	3.248939E-1
6.912118E+1	6.850000E-4	3.252274E-1
6.912113E+1	6.743333E-4	3.255610E-1
6.912108E+1	6.720000E-4	3.258946E-1
6.912103E+1	6.750000E-4	3.262281E-1
6.912098E+1	6.766667E-4	3.265617E-1
6.912093E+1	6.770000E-4	3.268953E-1
6.912088E+1	6.683333E-4	3.272288E-1
6.912083E+1	6.626667E-4	3.275624E-1
6.912078E+1	6.890000E-4	3.278960E-1
6.912073E+1	6.663333E-4	3.282295E-1
6.912068E+1	6.773333E-4	3.285631E-1
6.912063E+1	6.813334E-4	3.288967E-1
6.912058E+1	6.926667E-4	3.292302E-1
6.912053E+1	7.033334E-4	3.295638E-1
6.912048E+1	6.890000E-4	3.298974E-1
6.912043E+1	6.813334E-4	3.302310E-1
6.912038E+1	6.926667E-4	3.305645E-1
6.912033E+1	6.830000E-4	3.308981E-1
6.912028E+1	6.873333E-4	3.312317E-1
6.912023E+1	6.956666E-4	3.315652E-1
6.912018E+1	6.890000E-4	3.318988E-1
6.912013E+1	6.800000E-4	3.322323E-1
6.912008E+1	6.770000E-4	3.325659E-1
6.912003E+1	6.873333E-4	3.328995E-1
6.911998E+1	6.770000E-4	3.332330E-1
6.911993E+1	7.173333E-4	3.335666E-1
6.911988E+1	7.076667E-4	3.339002E-1
6.911983E+1	6.816667E-4	3.342337E-1
6.911978E+1	6.836667E-4	3.345673E-1
6.911973E+1	6.830000E-4	3.349009E-1
6.911968E+1	6.790000E-4	3.352344E-1
6.911963E+1	6.586667E-4	3.355680E-1
6.911958E+1	6.826667E-4	3.359016E-1
6.911953E+1	6.833333E-4	3.362351E-1
6.911948E+1	6.790000E-4	3.365687E-1
6.911943E+1	6.933333E-4	3.369023E-1
6.911938E+1	6.840000E-4	3.372358E-1
6.911933E+1	6.903333E-4	3.375694E-1
6.911928E+1	6.770000E-4	3.379030E-1
6.911923E+1	6.880000E-4	3.382365E-1
6.911918E+1	6.930000E-4	3.385701E-1
6.911913E+1	6.670000E-4	3.389037E-1
6.911908E+1	6.720000E-4	3.392372E-1
6.911903E+1	6.913333E-4	3.395708E-1
6.911898E+1	6.893333E-4	3.399044E-1
6.911893E+1	6.910000E-4	3.402379E-1
6.911888E+1	6.860000E-4	3.405715E-1
6.911883E+1	6.766667E-4	3.409051E-1
6.911878E+1	6.950000E-4	3.412386E-1
6.911873E+1	6.730000E-4	3.415722E-1
6.911868E+1	6.896667E-4	3.419058E-1
6.911863E+1	6.750000E-4	3.422394E-1
6.911858E+1	6.830000E-4	3.425729E-1
6.911853E+1	6.743333E-4	3.429065E-1
6.911848E+1	6.900000E-4	3.432401E-1
6.911843E+1	6.763333E-4	3.435736E-1
6.911838E+1	6.720000E-4	3.439072E-1
6.911833E+1	6.803334E-4	3.442407E-1
6.911828E+1	6.863333E-4	3.445743E-1
6.911823E+1	6.860000E-4	3.449079E-1
6.911818E+1	6.750000E-4	3.452414E-1
6.911813E+1	6.793333E-4	3.455750E-1
6.911808E+1	6.783333E-4	3.459086E-1
6.911803E+1	6.776667E-4	3.462421E-1
6.911798E+1	6.770000E-4	3.465757E-1
6.911793E+1	6.966667E-4	3.469093E-1
6.911788E+1	6.800000E-4	3.472428E-1
6.911783E+1	6.866667E-4	3.475764E-1
6.911778E+1	6.610000E-4	3.479100E-1
6.911773E+1	6.700000E-4	3.482435E-1
6.911768E+1	6.850000E-4	3.485771E-1
6.911763E+1	6.930000E-4	3.489107E-1
6.911758E+1	6.756667E-4	3.492442E-1
6.911753E+1	6.753333E-4	3.495778E-1
6.911748E+1	6.830000E-4	3.499114E-1
6.911743E+1	6.620000E-4	3.502449E-1
6.911738E+1	6.806666E-4	3.505785E-1
6.911733E+1	6.710000E-4	3.509121E-1
6.911728E+1	6.730000E-4	3.512456E-1
6.911723E+1	6.916667E-4	3.515792E-1
6.911718E+1	6.963334E-4	3.519128E-1
6.911713E+1	6.876666E-4	3.522463E-1
6.911708E+1	7.066667E-4	3.525799E-1
6.911703E+1	6.713333E-4	3.529135E-1
6.911698E+1	6.903333E-4	3.532470E-1
6.911693E+1	6.930000E-4	3.535806E-1
6.911688E+1	6.930000E-4	3.539142E-1
6.911683E+1	6.933333E-4	3.542477E-1
6.911678E+1	6.780000E-4	3.545813E-1
6.911673E+1	7.056667E-4	3.549149E-1
6.911668E+1	7.060000E-4	3.552485E-1
6.911663E+1	7.013333E-4	3.555820E-1
6.911658E+1	7.003333E-4	3.559156E-1
6.911653E+1	7.020000E-4	3.562491E-1
6.911648E+1	6.910000E-4	3.565827E-1
6.911643E+1	6.920000E-4	3.569163E-1
6.911638E+1	6.863333E-4	3.572498E-1
6.911633E+1	7.136667E-4	3.575834E-1
6.911628E+1	6.866667E-4	3.579170E-1
6.911623E+1	7.013333E-4	3.582505E-1
6.911618E+1	6.936667E-4	3.585841E-1
6.911613E+1	6.703333E-4	3.589177E-1
6.911608E+1	6.816667E-4	3.592512E-1
6.911603E+1	6.900000E-4	3.595848E-1
6.911598E+1	6.890000E-4	3.599184E-1
6.911593E+1	7.030000E-4	3.602519E-1
6.911588E+1	6.963334E-4	3.605855E-1
6.911583E+1	6.796666E-4	3.609191E-1
6.911578E+1	6.910000E-4	3.612526E-1
6.911573E+1	6.880000E-4	3.615862E-1
6.911568E+1	7.016667E-4	3.619198E-1
6.911563E+1	6.943333E-4	3.622533E-1
6.911558E+1	7.090000E-4	3.625869E-1
6.911553E+1	7.070000E-4	3.629205E-1
6.911548E+1	6.973333E-4	3.632540E-1
6.911543E+1	7.040000E-4	3.635876E-1
6.911538E+1	6.953334E-4	3.639212E-1
6.911533E+1	7.023333E-4	3.642547E-1
6.911528E+1	7.066667E-4	3.645883E-1
6.911523E+1	7.100000E-4	3.649219E-1
6.911518E+1	7.213333E-4	3.652554E-1
6.911513E+1	7.006667E-4	3.655890E-1
6.911508E+1	7.020000E-4	3.659226E-1
6.911503E+1	6.776667E-4	3.662561E-1
6.911498E+1	6.986667E-4	3.665897E-1
6.911493E+1	7.150000E-4	3.669233E-1
6.911488E+1	7.043334E-4	3.672568E-1
6.911483E+1	7.086667E-4	3.675904E-1
6.911478E+1	7.160000E-4	3.679240E-1
6.911473E+1	7.020000E-4	3.682575E-1
6.911468E+1	6.810000E-4	3.685911E-1
6.911463E+1	6.920000E-4	3.689247E-1
6.911458E+1	6.890000E-4	3.692582E-1
6.911453E+1	6.896667E-4	3.695918E-1
6.911448E+1	6.776667E-4	3.699254E-1
6.911443E+1	6.873333E-4	3.702589E-1
6.911438E+1	6.860000E-4	3.705925E-1
6.911433E+1	6.806666E-4	3.709261E-1
6.911428E+1	6.630000E-4	3.712596E-1
6.911423E+1	6.650000E-4	3.715932E-1
6.911418E+1	6.880000E-4	3.719268E-1
6.911413E+1	6.870000E-4	3.722603E-1
6.911408E+1	6.970000E-4	3.725939E-1
6.911403E+1	6.796666E-4	3.729275E-1
6.911398E+1	6.743333E-4	3.732610E-1
6.911393E+1	6.726666E-4	3.735946E-1
6.911388E+1	6.840000E-4	3.739282E-1
6.911383E+1	6.880000E-4	3.742617E-1
6.911378E+1	6.690000E-4	3.745953E-1
6.911373E+1	6.873333E-4	3.749289E-1
6.911368E+1	6.780000E-4	3.752624E-1
6.911363E+1	6.876666E-4	3.755960E-1
6.911358E+1	6.886667E-4	3.759296E-1
6.911353E+1	7.080000E-4	3.762631E-1
6.911348E+1	7.036667E-4	3.765967E-1
6.911343E+1	6.950000E-4	3.769303E-1
6.911338E+1	6.860000E-4	3.772638E-1
6.911333E+1	6.946666E-4	3.775974E-1
6.911328E+1	6.796666E-4	3.779310E-1
6.911323E+1	6.913333E-4	3.782645E-1
6.911318E+1	7.080000E-4	3.785981E-1
6.911313E+1	6.923333E-4	3.789317E-1
6.911308E+1	6.990000E-4	3.792652E-1
6.911303E+1	7.140000E-4	3.795988E-1
6.911298E+1	6.896667E-4	3.799324E-1
6.911293E+1	7.066667E-4	3.802659E-1
6.911288E+1	7.150000E-4	3.805995E-1
6.911283E+1	7.006667E-4	3.809331E-1
6.911278E+1	6.933333E-4	3.812666E-1
6.911273E+1	6.926667E-4	3.816002E-1
6.911268E+1	6.936667E-4	3.819338E-1
6.911263E+1	6.780000E-4	3.822673E-1
6.911258E+1	6.956666E-4	3.826009E-1
6.911253E+1	7.000000E-4	3.829345E-1
6.911248E+1	7.180000E-4	3.832680E-1
6.911243E+1	7.116667E-4	3.836016E-1
6.911238E+1	6.950000E-4	3.839352E-1
6.911233E+1	7.026666E-4	3.842687E-1
6.911228E+1	7.260000E-4	3.846023E-1
6.911223E+1	7.116667E-4	3.849359E-1
6.911218E+1	7.220000E-4	3.852694E-1
6.911213E+1	7.200000E-4	3.856030E-1
6.911208E+1	7.066667E-4	3.859366E-1
6.911203E+1	6.983333E-4	3.862701E-1
6.911198E+1	7.016667E-4	3.866037E-1
6.911193E+1	7.180000E-4	3.869373E-1
6.911188E+1	7.163333E-4	3.872708E-1
6.911183E+1	7.200000E-4	3.876044E-1
6.911178E+1	6.890000E-4	3.879380E-1
6.911173E+1	6.830000E-4	3.882715E-1
6.911168E+1	6.973333E-4	3.886051E-1
6.911163E+1	7.260000E-4	3.889387E-1
6.911158E+1	7.126667E-4	3.892722E-1
6.911153E+1	7.010000E-4	3.896058E-1
6.911148E+1	6.800000E-4	3.899394E-1
6.911143E+1	7.090000E-4	3.902729E-1
6.911138E+1	7.286667E-4	3.906065E-1
6.911133E+1	7.016667E-4	3.909401E-1
6.911128E+1	6.900000E-4	3.912736E-1
6.911123E+1	7.260000E-4	3.916072E-1
6.911118E+1	7.270000E-4	3.919408E-1
6.911113E+1	7.056667E-4	3.922743E-1
6.911108E+1	7.126667E-4	3.926079E-1
6.911103E+1	7.206667E-4	3.929415E-1
6.911098E+1	7.146667E-4	3.932750E-1
6.911093E+1	6.950000E-4	3.936086E-1
6.911088E+1	6.983333E-4	3.939422E-1
6.911083E+1	6.910000E-4	3.942757E-1
6.911078E+1	7.036667E-4	3.946093E-1
6.911073E+1	6.823333E-4	3.949428E-1
6.911068E+1	6.870000E-4	3.952764E-1
6.911063E+1	6.996667E-4	3.956100E-1
6.911058E+1	6.773333E-4	3.959436E-1
6.911053E+1	6.903333E-4	3.962771E-1
6.911048E+1	6.996667E-4	3.966107E-1
6.911043E+1	7.013333E-4	3.969443E-1
6.911038E+1	7.173333E-4	3.972778E-1
6.911033E+1	7.040000E-4	3.976114E-1
6.911028E+1	7.190000E-4	3.979450E-1
6.911023E+1	6.946666E-4	3.982785E-1
6.911018E+1	7.050000E-4	3.986121E-1
6.911013E+1	7.006667E-4	3.989457E-1
6.911008E+1	6.983333E-4	3.992792E-1
6.911003E+1	7.173333E-4	3.996128E-1
6.910998E+1	7.060000E-4	3.999464E-1
6.910993E+1	7.130000E-4	4.002799E-1
6.910988E+1	7.110000E-4	4.006135E-1
6.910983E+1	7.226667E-4	4.009471E-1
6.910978E+1	7.150000E-4	4.012806E-1
6.910973E+1	7.110000E-4	4.016142E-1
6.910968E+1	7.080000E-4	4.019478E-1
6.910963E+1	6.973333E-4	4.022813E-1
6.910958E+1	6.910000E-4	4.026149E-1
6.910953E+1	6.946666E-4	4.029485E-1
6.910948E+1	7.006667E-4	4.032820E-1
6.910943E+1	7.043334E-4	4.036156E-1
6.910938E+1	7.160000E-4	4.039492E-1
6.910933E+1	6.910000E-4	4.042827E-1
6.910928E+1	7.246667E-4	4.046163E-1
6.910923E+1	7.376667E-4	4.049499E-1
6.910918E+1	7.286667E-4	4.052834E-1
6.910913E+1	7.190000E-4	4.056170E-1
6.910908E+1	7.256666E-4	4.059506E-1
6.910903E+1	7.310000E-4	4.062841E-1
6.910898E+1	7.356667E-4	4.066177E-1
6.910893E+1	7.076667E-4	4.069512E-1
6.910888E+1	7.110000E-4	4.072848E-1
6.910883E+1	7.130000E-4	4.076184E-1
6.910878E+1	7.023333E-4	4.079520E-1
6.910873E+1	6.983333E-4	4.082855E-1
6.910868E+1	7.123333E-4	4.086191E-1
6.910863E+1	7.270000E-4	4.089527E-1
6.910858E+1	7.230000E-4	4.092862E-1
6.910853E+1	6.913333E-4	4.096198E-1
6.910848E+1	7.066667E-4	4.099534E-1
6.910843E+1	7.103333E-4	4.102869E-1
6.910838E+1	7.260000E-4	4.106205E-1
6.910833E+1	7.320000E-4	4.109541E-1
6.910828E+1	7.236667E-4	4.112876E-1
6.910823E+1	7.203333E-4	4.116212E-1
6.910818E+1	6.963334E-4	4.119548E-1
6.910813E+1	7.180000E-4	4.122883E-1
6.910808E+1	7.390000E-4	4.126219E-1
6.910803E+1	7.203333E-4	4.129555E-1
6.910798E+1	7.123333E-4	4.132890E-1
6.910793E+1	6.880000E-4	4.136226E-1
6.910788E+1	7.020000E-4	4.139562E-1
6.910783E+1	7.170000E-4	4.142897E-1
6.910778E+1	6.926667E-4	4.146233E-1
6.910773E+1	7.060000E-4	4.149569E-1
6.910768E+1	7.100000E-4	4.152904E-1
6.910763E+1	7.130000E-4	4.156240E-1
6.910758E+1	7.220000E-4	4.159576E-1
6.910753E+1	7.140000E-4	4.162911E-1
6.910748E+1	7.150000E-4	4.166247E-1
6.910743E+1	7.260000E-4	4.169583E-1
6.910738E+1	7.216667E-4	4.172918E-1
6.910733E+1	6.930000E-4	4.176254E-1
6.910728E+1	7.003333E-4	4.179589E-1
6.910723E+1	6.960000E-4	4.182925E-1
6.910718E+1	7.043334E-4	4.186261E-1
6.910713E+1	7.033334E-4	4.189596E-1
6.910708E+1	6.966667E-4	4.192932E-1
6.910703E+1	7.020000E-4	4.196268E-1
6.910698E+1	7.100000E-4	4.199603E-1
6.910693E+1	7.060000E-4	4.202939E-1
6.910688E+1	7.260000E-4	4.206275E-1
6.910683E+1	7.296667E-4	4.209611E-1
6.910678E+1	7.106666E-4	4.212946E-1
6.910673E+1	7.196667E-4	4.216282E-1
6.910668E+1	7.130000E-4	4.219618E-1
6.910663E+1	6.933333E-4	4.222953E-1
6.910658E+1	7.006667E-4	4.226289E-1
6.910653E+1	7.190000E-4	4.229625E-1
6.910648E+1	7.010000E-4	4.232960E-1
6.910643E+1	6.923333E-4	4.236296E-1
6.910638E+1	7.100000E-4	4.239632E-1
6.910633E+1	7.153333E-4	4.242967E-1
6.910628E+1	7.246667E-4	4.246303E-1
6.910623E+1	7.256666E-4	4.249639E-1
6.910618E+1	7.260000E-4	4.252974E-1
6.910613E+1	7.000000E-4	4.256310E-1
6.910608E+1	6.906667E-4	4.259646E-1
6.910603E+1	7.080000E-4	4.262981E-1
6.910598E+1	7.156667E-4	4.266317E-1
