-1.018501E+2	4.901961E-6	1.896107E-13
-1.018531E+2	2.686274E-5	2.001400E-2
-1.018561E+2	-2.156863E-6	4.002799E-2
-1.018591E+2	-1.647059E-5	6.004199E-2
-1.018621E+2	-1.294118E-5	8.005599E-2
-1.018651E+2	1.960784E-6	1.000700E-1
-1.018681E+2	3.529412E-6	1.200840E-1
-1.018711E+2	-1.254902E-5	1.400980E-1
-1.018741E+2	-2.941176E-6	1.601120E-1
-1.018771E+2	8.235294E-6	1.801260E-1
-1.018801E+2	3.921569E-6	2.001400E-1
-1.018831E+2	7.647059E-6	2.201540E-1
-1.018861E+2	-2.352941E-6	2.401680E-1
-1.018891E+2	3.333333E-6	2.601820E-1
-1.018921E+2	-7.843137E-7	2.801960E-1
-1.018951E+2	4.117647E-6	3.002099E-1
-1.018981E+2	1.098039E-5	3.202240E-1
-1.019011E+2	4.705882E-6	3.402379E-1
-1.019041E+2	1.568628E-5	3.602519E-1
-1.019071E+2	1.745098E-5	3.802659E-1
-1.019101E+2	1.176471E-5	4.002799E-1
-1.019131E+2	1.960784E-5	4.202939E-1
-1.019161E+2	2.588235E-5	4.403079E-1
-1.019191E+2	1.470588E-5	4.603219E-1
-1.019221E+2	2.156863E-5	4.803359E-1
-1.019251E+2	2.176471E-5	5.003499E-1
-1.019281E+2	2.882353E-5	5.203639E-1
-1.019311E+2	2.156863E-5	5.403779E-1
-1.019341E+2	2.627451E-5	5.603919E-1
-1.019371E+2	1.352941E-5	5.804059E-1
-1.019401E+2	3.000000E-5	6.004199E-1
-1.019431E+2	3.980392E-5	6.204339E-1
-1.019461E+2	4.666667E-5	6.404479E-1
-1.019491E+2	4.686274E-5	6.604619E-1
-1.019521E+2	5.372549E-5	6.804759E-1
-1.019551E+2	5.764706E-5	7.004899E-1
-1.019581E+2	5.078431E-5	7.205039E-1
-1.019611E+2	6.725490E-5	7.405179E-1
-1.019641E+2	2.960784E-5	7.605318E-1
-1.019671E+2	6.607843E-5	7.805459E-1
-1.019701E+2	5.901961E-5	8.005599E-1
-1.019731E+2	4.607843E-5	8.205739E-1
-1.019761E+2	-3.137255E-6	8.405879E-1
-1.019791E+2	4.294118E-5	8.606018E-1
-1.019821E+2	3.627451E-5	8.806158E-1
-1.019851E+2	3.568627E-5	9.006298E-1
-1.019881E+2	7.196079E-5	9.206439E-1
-1.019911E+2	5.078431E-5	9.406579E-1
-1.019941E+2	3.117647E-5	9.606718E-1
-1.019971E+2	1.725490E-5	9.806858E-1
-1.020001E+2	9.607843E-6	1.000700E+0
-1.020031E+2	-3.921569E-6	1.020714E+0
-1.020061E+2	-9.803922E-7	1.040728E+0
-1.020091E+2	-5.686275E-6	1.060742E+0
-1.020121E+2	-2.313725E-5	1.080756E+0
-1.020151E+2	-2.470588E-5	1.100770E+0
-1.020181E+2	-3.960784E-5	1.120784E+0
-1.020211E+2	-4.960784E-5	1.140798E+0
-1.020241E+2	-3.843137E-5	1.160812E+0
-1.020271E+2	-6.235294E-5	1.180826E+0
-1.020301E+2	-6.137255E-5	1.200840E+0
-1.020331E+2	-7.666666E-5	1.220854E+0
-1.020361E+2	-8.529412E-5	1.240868E+0
-1.020391E+2	-9.058823E-5	1.260882E+0
-1.020421E+2	-1.021569E-4	1.280896E+0
-1.020451E+2	-9.490196E-5	1.300910E+0
-1.020481E+2	-1.221569E-4	1.320924E+0
-1.020511E+2	-1.101961E-4	1.340938E+0
-1.020541E+2	-1.207843E-4	1.360952E+0
-1.020571E+2	-1.164706E-4	1.380966E+0
-1.020601E+2	-1.250980E-4	1.400980E+0
-1.020631E+2	-1.205882E-4	1.420994E+0
-1.020661E+2	-1.172549E-4	1.441008E+0
-1.020691E+2	-1.219608E-4	1.461022E+0
-1.020721E+2	-1.129412E-4	1.481036E+0
-1.020751E+2	-1.209804E-4	1.501050E+0
-1.020781E+2	-1.121569E-4	1.521064E+0
-1.020811E+2	-1.045098E-4	1.541078E+0
-1.020841E+2	-9.392157E-5	1.561092E+0
-1.020871E+2	-8.764706E-5	1.581106E+0
-1.020901E+2	-9.039215E-5	1.601120E+0
-1.020931E+2	-7.000000E-5	1.621134E+0
-1.020961E+2	-6.019608E-5	1.641148E+0
-1.020991E+2	-6.392157E-5	1.661162E+0
-1.021021E+2	-6.803922E-5	1.681176E+0
-1.021051E+2	-5.235294E-5	1.701190E+0
-1.021081E+2	-4.823530E-5	1.721204E+0
-1.021111E+2	-3.019608E-5	1.741218E+0
-1.021141E+2	-3.784314E-5	1.761232E+0
-1.021171E+2	-2.803922E-5	1.781246E+0
-1.021201E+2	-7.647059E-6	1.801260E+0
-1.021231E+2	-2.764706E-5	1.821274E+0
-1.021261E+2	-6.843137E-5	1.841288E+0
-1.021291E+2	-2.078431E-5	1.861302E+0
-1.021321E+2	-5.098039E-6	1.881316E+0
-1.021351E+2	-4.509804E-6	1.901330E+0
-1.021381E+2	1.235294E-5	1.921344E+0
-1.021411E+2	2.941176E-6	1.941358E+0
-1.021441E+2	4.313726E-6	1.961372E+0
-1.021471E+2	7.254902E-6	1.981386E+0
-1.021501E+2	5.882353E-7	2.001400E+0
-1.021531E+2	-7.843138E-6	2.021414E+0
-1.021561E+2	2.450980E-5	2.041428E+0
-1.021591E+2	1.078431E-5	2.061442E+0
-1.021621E+2	1.294118E-5	2.081456E+0
-1.021651E+2	2.019608E-5	2.101470E+0
-1.021681E+2	2.333333E-5	2.121484E+0
-1.021711E+2	7.843138E-6	2.141498E+0
-1.021741E+2	1.666667E-5	2.161512E+0
-1.021771E+2	2.588235E-5	2.181526E+0
-1.021801E+2	1.647059E-5	2.201540E+0
-1.021831E+2	1.784314E-5	2.221554E+0
-1.021861E+2	4.901961E-6	2.241568E+0
-1.021891E+2	1.039216E-5	2.261582E+0
-1.021921E+2	6.470588E-6	2.281596E+0
-1.021951E+2	1.235294E-5	2.301610E+0
-1.021981E+2	1.588235E-5	2.321624E+0
-1.022011E+2	6.862745E-6	2.341638E+0
-1.022041E+2	1.588235E-5	2.361652E+0
-1.022071E+2	1.176471E-6	2.381665E+0
-1.022101E+2	-9.803922E-7	2.401680E+0
-1.022131E+2	1.568627E-6	2.421694E+0
-1.022161E+2	3.137255E-6	2.441708E+0
-1.022191E+2	-1.568627E-6	2.461722E+0
-1.022221E+2	-2.156863E-6	2.481735E+0
-1.022251E+2	-9.215686E-6	2.501750E+0
-1.022281E+2	8.235294E-6	2.521764E+0
-1.022311E+2	4.313726E-6	2.541778E+0
