-7.550000E+1	-8.295100E-3	2.168020E-2	-5.350000E-6	-4.500000E-7	0.000000E+0
-7.549500E+1	-8.294450E-3	2.167860E-2	-2.300000E-5	2.250000E-6	3.335666E-2
-7.549000E+1	-8.294000E-3	2.167770E-2	-1.600000E-5	1.850000E-6	6.671332E-2
-7.548500E+1	-8.293000E-3	2.167445E-2	2.635000E-5	2.250000E-6	1.000700E-1
-7.548000E+1	-8.294000E-3	2.167720E-2	1.102500E-4	8.000000E-7	1.334266E-1
-7.547500E+1	-8.295550E-3	2.168130E-2	2.100500E-4	2.250000E-6	1.667833E-1
-7.547000E+1	-8.295550E-3	2.168130E-2	3.149000E-4	3.450000E-6	2.001400E-1
-7.546500E+1	-8.294200E-3	2.167850E-2	4.168000E-4	7.300000E-6	2.334966E-1
-7.546000E+1	-8.295000E-3	2.167970E-2	5.049000E-4	8.600000E-6	2.668533E-1
-7.545500E+1	-8.294400E-3	2.167875E-2	5.439500E-4	1.110000E-5	3.002099E-1
-7.545000E+1	-8.296300E-3	2.168350E-2	5.429000E-4	1.520000E-5	3.335666E-1
-7.544500E+1	-8.297000E-3	2.168545E-2	5.097500E-4	1.405000E-5	3.669233E-1
-7.544000E+1	-8.296750E-3	2.168485E-2	4.551000E-4	1.400000E-5	4.002799E-1
-7.543500E+1	-8.297000E-3	2.168555E-2	3.942000E-4	1.300000E-5	4.336366E-1
-7.543000E+1	-8.296350E-3	2.168385E-2	3.544000E-4	1.305000E-5	4.669932E-1
-7.542500E+1	-8.295850E-3	2.168205E-2	3.388500E-4	1.365000E-5	5.003499E-1
-7.542000E+1	-8.295000E-3	2.168075E-2	3.522500E-4	1.190000E-5	5.337065E-1
-7.541500E+1	-8.295750E-3	2.168165E-2	3.882000E-4	1.090000E-5	5.670632E-1
-7.541000E+1	-8.295150E-3	2.168055E-2	4.317500E-4	1.435000E-5	6.004199E-1
-7.540500E+1	-8.293900E-3	2.167735E-2	4.664500E-4	1.375000E-5	6.337765E-1
-7.540000E+1	-8.293200E-3	2.167605E-2	4.737000E-4	1.200000E-5	6.671332E-1
-7.539500E+1	-8.295200E-3	2.168070E-2	4.379000E-4	1.290000E-5	7.004899E-1
-7.539000E+1	-8.296850E-3	2.168515E-2	3.651000E-4	1.140000E-5	7.338465E-1
-7.538500E+1	-8.296000E-3	2.168330E-2	2.614000E-4	9.800000E-6	7.672032E-1
-7.538000E+1	-8.296650E-3	2.168465E-2	1.573000E-4	1.080000E-5	8.005599E-1
-7.537500E+1	-8.297400E-3	2.168645E-2	5.760000E-5	5.350000E-6	8.339165E-1
-7.537000E+1	-8.298000E-3	2.168700E-2	-3.755000E-5	3.100000E-6	8.672732E-1
-7.536500E+1	-8.297300E-3	2.168630E-2	-9.415000E-5	1.050000E-6	9.006298E-1
-7.536000E+1	-8.298000E-3	2.168800E-2	-1.191500E-4	-1.550000E-6	9.339865E-1
-7.535500E+1	-8.298000E-3	2.168800E-2	-1.178500E-4	-4.750000E-6	9.673432E-1
-7.535000E+1	-8.297500E-3	2.168630E-2	-1.032500E-4	-4.000000E-6	1.000700E+0
-7.534500E+1	-8.296800E-3	2.168400E-2	-8.625000E-5	-4.200000E-6	1.034056E+0
-7.534000E+1	-8.296200E-3	2.168350E-2	-6.950000E-5	-2.250000E-6	1.067413E+0
-7.533500E+1	-8.297000E-3	2.168600E-2	-6.090000E-5	-3.600000E-6	1.100770E+0
-7.533000E+1	-8.297000E-3	2.168600E-2	-5.465000E-5	-4.400000E-6	1.134126E+0
-7.532500E+1	-8.298450E-3	2.168905E-2	-4.770000E-5	-2.850000E-6	1.167483E+0
-7.532000E+1	-8.299000E-3	2.169100E-2	-2.895000E-5	-3.700000E-6	1.200840E+0
-7.531500E+1	-8.299600E-3	2.169190E-2	-1.050000E-6	-2.200000E-6	1.234196E+0
-7.531000E+1	-8.299150E-3	2.169135E-2	3.885000E-5	-1.000000E-6	1.267553E+0
-7.530500E+1	-8.299000E-3	2.169035E-2	8.700000E-5	6.500000E-7	1.300910E+0
-7.530000E+1	-8.299150E-3	2.169160E-2	1.263500E-4	-1.800000E-6	1.334266E+0
-7.529500E+1	-8.299350E-3	2.169140E-2	1.431500E-4	-1.000000E-7	1.367623E+0
-7.529000E+1	-8.299000E-3	2.169110E-2	1.344000E-4	2.450000E-6	1.400980E+0
-7.528500E+1	-8.300000E-3	2.169270E-2	9.395000E-5	2.350000E-6	1.434336E+0
-7.528000E+1	-8.298650E-3	2.168975E-2	1.975000E-5	-2.500000E-7	1.467693E+0
-7.527500E+1	-8.297450E-3	2.168650E-2	-7.275000E-5	-1.000000E-6	1.501050E+0
-7.527000E+1	-8.297000E-3	2.168560E-2	-1.636000E-4	-4.250000E-6	1.534406E+0
-7.526500E+1	-8.296100E-3	2.168270E-2	-2.418000E-4	-5.100000E-6	1.567763E+0
-7.526000E+1	-8.296000E-3	2.168290E-2	-2.954000E-4	-6.300000E-6	1.601120E+0
-7.525500E+1	-8.296750E-3	2.168495E-2	-3.223000E-4	-7.150000E-6	1.634476E+0
-7.525000E+1	-8.297450E-3	2.168625E-2	-3.163000E-4	-8.000000E-6	1.667833E+0
-7.524500E+1	-8.296500E-3	2.168390E-2	-2.902500E-4	-5.900000E-6	1.701190E+0
-7.524000E+1	-8.297250E-3	2.168605E-2	-2.661000E-4	-7.950000E-6	1.734546E+0
-7.523500E+1	-8.298000E-3	2.168780E-2	-2.483000E-4	-1.050000E-5	1.767903E+0
-7.523000E+1	-8.297500E-3	2.168650E-2	-2.487000E-4	-9.600000E-6	1.801260E+0
-7.522500E+1	-8.298750E-3	2.169020E-2	-2.759000E-4	-9.900000E-6	1.834616E+0
-7.522000E+1	-8.299000E-3	2.169045E-2	-3.141500E-4	-9.700000E-6	1.867973E+0
-7.521500E+1	-8.299000E-3	2.169065E-2	-3.549500E-4	-8.250000E-6	1.901330E+0
-7.521000E+1	-8.298350E-3	2.168860E-2	-3.853500E-4	-9.400000E-6	1.934686E+0
-7.520500E+1	-8.297900E-3	2.168770E-2	-3.912000E-4	-1.180000E-5	1.968043E+0
-7.520000E+1	-8.298250E-3	2.168875E-2	-3.659000E-4	-1.200000E-5	2.001400E+0
-7.519500E+1	-8.298650E-3	2.168965E-2	-3.162500E-4	-1.045000E-5	2.034756E+0
-7.519000E+1	-8.299150E-3	2.169100E-2	-2.437500E-4	-9.900000E-6	2.068113E+0
-7.518500E+1	-8.300950E-3	2.169550E-2	-1.646500E-4	-7.450000E-6	2.101470E+0
-7.518000E+1	-8.301000E-3	2.169530E-2	-1.125500E-4	-6.850000E-6	2.134826E+0
-7.517500E+1	-8.299650E-3	2.169250E-2	-8.575000E-5	-4.250000E-6	2.168183E+0
-7.517000E+1	-8.299000E-3	2.169005E-2	-9.630000E-5	-3.050000E-6	2.201540E+0
-7.516500E+1	-8.299000E-3	2.169010E-2	-1.380500E-4	-3.700000E-6	2.234896E+0
-7.516000E+1	-8.298050E-3	2.168800E-2	-2.009000E-4	-1.850000E-6	2.268253E+0
-7.515500E+1	-8.297650E-3	2.168695E-2	-2.555000E-4	-4.800000E-6	2.301610E+0
-7.515000E+1	-8.298950E-3	2.169050E-2	-2.932500E-4	-8.650000E-6	2.334966E+0
-7.514500E+1	-8.299000E-3	2.169100E-2	-3.045500E-4	-7.600000E-6	2.368323E+0
-7.514000E+1	-8.298800E-3	2.169060E-2	-2.753000E-4	-7.850000E-6	2.401680E+0
-7.513500E+1	-8.298250E-3	2.168820E-2	-2.131000E-4	-5.750000E-6	2.435036E+0
-7.513000E+1	-8.299000E-3	2.169100E-2	-1.369500E-4	-5.250000E-6	2.468393E+0
-7.512500E+1	-8.299000E-3	2.169100E-2	-6.415000E-5	-5.000000E-6	2.501750E+0
-7.512000E+1	-8.299750E-3	2.169250E-2	-2.500000E-6	-3.450000E-6	2.535106E+0
-7.511500E+1	-8.299200E-3	2.169155E-2	4.410000E-5	-1.150000E-6	2.568463E+0
-7.511000E+1	-8.299250E-3	2.169145E-2	5.725000E-5	-7.000000E-7	2.601820E+0
-7.510500E+1	-8.298750E-3	2.169010E-2	5.130000E-5	2.500000E-7	2.635176E+0
-7.510000E+1	-8.297050E-3	2.168530E-2	4.155000E-5	2.000000E-7	2.668533E+0
-7.509500E+1	-8.297000E-3	2.168540E-2	3.390000E-5	-5.500000E-7	2.701890E+0
-7.509000E+1	-8.296800E-3	2.168440E-2	4.675000E-5	1.300000E-6	2.735246E+0
-7.508500E+1	-8.297000E-3	2.168600E-2	8.015000E-5	1.750000E-6	2.768603E+0
-7.508000E+1	-8.297000E-3	2.168565E-2	1.265000E-4	4.700000E-6	2.801960E+0
-7.507500E+1	-8.297000E-3	2.168485E-2	1.767000E-4	4.850000E-6	2.835316E+0
-7.507000E+1	-8.297950E-3	2.168740E-2	2.258500E-4	5.000000E-6	2.868673E+0
-7.506500E+1	-8.298250E-3	2.168870E-2	2.474500E-4	7.100000E-6	2.902030E+0
-7.506000E+1	-8.298800E-3	2.169030E-2	2.434500E-4	5.050000E-6	2.935386E+0
-7.505500E+1	-8.297550E-3	2.168660E-2	2.152500E-4	4.200000E-6	2.968743E+0
-7.505000E+1	-8.296000E-3	2.168325E-2	1.651500E-4	5.400000E-6	3.002100E+0
-7.504500E+1	-8.297000E-3	2.168520E-2	1.002000E-4	3.000000E-6	3.035456E+0
-7.504000E+1	-8.298000E-3	2.168775E-2	4.530000E-5	2.300000E-6	3.068813E+0
-7.503500E+1	-8.298000E-3	2.168710E-2	6.776264E-22	8.000000E-7	3.102170E+0
-7.503000E+1	-8.296950E-3	2.168530E-2	-3.075000E-5	3.000000E-7	3.135526E+0
-7.502500E+1	-8.295250E-3	2.168115E-2	-5.060000E-5	-2.750000E-6	3.168883E+0
-7.502000E+1	-8.296800E-3	2.168500E-2	-8.710000E-5	-5.700000E-6	3.202240E+0
-7.501500E+1	-8.298000E-3	2.168770E-2	-1.444500E-4	-5.100000E-6	3.235596E+0
-7.501000E+1	-8.298050E-3	2.168860E-2	-2.326500E-4	-7.750000E-6	3.268953E+0
-7.500500E+1	-8.298000E-3	2.168730E-2	-3.660000E-4	-1.225000E-5	3.302310E+0
-7.500000E+1	-8.297550E-3	2.168685E-2	-5.510000E-4	-1.590000E-5	3.335666E+0
-7.499500E+1	-8.296100E-3	2.168265E-2	-7.570500E-4	-1.745000E-5	3.369023E+0
-7.499000E+1	-8.296600E-3	2.168400E-2	-9.916500E-4	-2.455000E-5	3.402380E+0
-7.498500E+1	-8.296000E-3	2.168315E-2	-1.182950E-3	-2.795000E-5	3.435736E+0
-7.498000E+1	-8.296200E-3	2.168345E-2	-1.323250E-3	-3.085000E-5	3.469093E+0
-7.497500E+1	-8.297400E-3	2.168635E-2	-1.394100E-3	-3.705000E-5	3.502449E+0
-7.497000E+1	-8.296250E-3	2.168295E-2	-1.381850E-3	-3.680000E-5	3.535806E+0
-7.496500E+1	-8.296000E-3	2.168245E-2	-1.294500E-3	-3.395000E-5	3.569163E+0
-7.496000E+1	-8.296000E-3	2.168220E-2	-1.135200E-3	-3.160000E-5	3.602519E+0
-7.495500E+1	-8.295700E-3	2.168150E-2	-8.799000E-4	-2.730000E-5	3.635876E+0
-7.495000E+1	-8.295000E-3	2.168015E-2	-5.898500E-4	-2.190000E-5	3.669233E+0
-7.494500E+1	-8.294000E-3	2.167720E-2	-2.361500E-4	-1.125000E-5	3.702589E+0
-7.494000E+1	-8.294800E-3	2.167950E-2	1.369500E-4	-1.200000E-6	3.735946E+0
-7.493500E+1	-8.295350E-3	2.168100E-2	5.752500E-4	9.100000E-6	3.769303E+0
-7.493000E+1	-8.295600E-3	2.168165E-2	1.096950E-3	2.340000E-5	3.802659E+0
-7.492500E+1	-8.294150E-3	2.167820E-2	1.585050E-3	3.625000E-5	3.836016E+0
-7.492000E+1	-8.295100E-3	2.168090E-2	2.075300E-3	4.740000E-5	3.869373E+0
-7.491500E+1	-8.295000E-3	2.167950E-2	2.567400E-3	6.060000E-5	3.902729E+0
-7.491000E+1	-8.296500E-3	2.168405E-2	3.021350E-3	7.060000E-5	3.936086E+0
-7.490500E+1	-8.296200E-3	2.168290E-2	3.381750E-3	8.255000E-5	3.969443E+0
-7.490000E+1	-8.295650E-3	2.168200E-2	3.586250E-3	9.340000E-5	4.002800E+0
-7.489500E+1	-8.297850E-3	2.168785E-2	3.631600E-3	9.735000E-5	4.036156E+0
-7.489000E+1	-8.298750E-3	2.168965E-2	3.510900E-3	9.920000E-5	4.069513E+0
-7.488500E+1	-8.299400E-3	2.169170E-2	3.152150E-3	9.700000E-5	4.102870E+0
-7.488000E+1	-8.299000E-3	2.169110E-2	2.691200E-3	8.830000E-5	4.136226E+0
-7.487500E+1	-8.299200E-3	2.169150E-2	2.115500E-3	7.915000E-5	4.169582E+0
-7.487000E+1	-8.299100E-3	2.169125E-2	1.444300E-3	6.095000E-5	4.202939E+0
-7.486500E+1	-8.299450E-3	2.169190E-2	7.287000E-4	4.465000E-5	4.236296E+0
-7.486000E+1	-8.299000E-3	2.169075E-2	3.210000E-5	2.560000E-5	4.269652E+0
-7.485500E+1	-8.299750E-3	2.169260E-2	-5.415500E-4	7.400000E-6	4.303009E+0
-7.485000E+1	-8.301000E-3	2.169575E-2	-9.633000E-4	-7.200000E-6	4.336366E+0
-7.484500E+1	-8.299850E-3	2.169290E-2	-1.227600E-3	-2.015000E-5	4.369722E+0
-7.484000E+1	-8.298650E-3	2.168960E-2	-1.363300E-3	-3.060000E-5	4.403079E+0
-7.483500E+1	-8.298750E-3	2.169060E-2	-1.315100E-3	-3.570000E-5	4.436436E+0
-7.483000E+1	-8.299350E-3	2.169165E-2	-1.156650E-3	-3.785000E-5	4.469792E+0
-7.482500E+1	-8.299850E-3	2.169270E-2	-9.228500E-4	-3.690000E-5	4.503149E+0
-7.482000E+1	-8.299000E-3	2.169100E-2	-6.336500E-4	-3.200000E-5	4.536506E+0
-7.481500E+1	-8.298600E-3	2.168940E-2	-3.838000E-4	-2.765000E-5	4.569862E+0
-7.481000E+1	-8.298000E-3	2.168740E-2	-2.088500E-4	-1.900000E-5	4.603219E+0
-7.480500E+1	-8.298950E-3	2.169040E-2	-1.444500E-4	-1.670000E-5	4.636576E+0
-7.480000E+1	-8.299500E-3	2.169170E-2	-2.015500E-4	-1.295000E-5	4.669932E+0
-7.479500E+1	-8.299900E-3	2.169260E-2	-3.837000E-4	-1.355000E-5	4.703289E+0
-7.479000E+1	-8.299350E-3	2.169135E-2	-6.530000E-4	-1.580000E-5	4.736646E+0
-7.478500E+1	-8.299000E-3	2.169015E-2	-9.526000E-4	-1.705000E-5	4.770002E+0
-7.478000E+1	-8.299000E-3	2.169130E-2	-1.221050E-3	-2.245000E-5	4.803359E+0
-7.477500E+1	-8.298950E-3	2.168985E-2	-1.413300E-3	-2.975000E-5	4.836716E+0
-7.477000E+1	-8.298150E-3	2.168855E-2	-1.518950E-3	-3.440000E-5	4.870072E+0
-7.476500E+1	-8.299000E-3	2.169060E-2	-1.484000E-3	-3.600000E-5	4.903429E+0
-7.476000E+1	-8.297950E-3	2.168790E-2	-1.346050E-3	-3.595000E-5	4.936786E+0
-7.475500E+1	-8.297550E-3	2.168695E-2	-1.139600E-3	-3.585000E-5	4.970142E+0
-7.475000E+1	-8.299000E-3	2.169040E-2	-8.813000E-4	-3.165000E-5	5.003499E+0
-7.474500E+1	-8.298450E-3	2.168925E-2	-6.199500E-4	-2.515000E-5	5.036856E+0
-7.474000E+1	-8.299000E-3	2.169100E-2	-4.495500E-4	-2.170000E-5	5.070212E+0
-7.473500E+1	-8.297850E-3	2.168750E-2	-3.644000E-4	-1.970000E-5	5.103569E+0
-7.473000E+1	-8.296300E-3	2.168335E-2	-3.583000E-4	-1.880000E-5	5.136926E+0
-7.472500E+1	-8.296750E-3	2.168455E-2	-4.227000E-4	-1.535000E-5	5.170282E+0
-7.472000E+1	-8.297600E-3	2.168710E-2	-5.057000E-4	-1.530000E-5	5.203639E+0
-7.471500E+1	-8.298900E-3	2.169040E-2	-5.692500E-4	-1.795000E-5	5.236996E+0
-7.471000E+1	-8.300000E-3	2.169340E-2	-5.795000E-4	-1.845000E-5	5.270352E+0
-7.470500E+1	-8.299600E-3	2.169215E-2	-5.081500E-4	-1.535000E-5	5.303709E+0
-7.470000E+1	-8.298900E-3	2.169000E-2	-3.498000E-4	-1.300000E-5	5.337066E+0
-7.469500E+1	-8.297500E-3	2.168640E-2	-1.400000E-4	-1.045000E-5	5.370422E+0
-7.469000E+1	-8.297000E-3	2.168450E-2	8.145000E-5	-8.100000E-6	5.403779E+0
-7.468500E+1	-8.296100E-3	2.168365E-2	3.024500E-4	-6.500000E-7	5.437136E+0
-7.468000E+1	-8.297000E-3	2.168515E-2	4.806000E-4	4.250000E-6	5.470492E+0
-7.467500E+1	-8.298500E-3	2.168915E-2	5.818000E-4	8.750000E-6	5.503849E+0
-7.467000E+1	-8.300000E-3	2.169345E-2	5.959000E-4	9.450000E-6	5.537206E+0
-7.466500E+1	-8.300050E-3	2.169370E-2	5.400500E-4	1.285000E-5	5.570562E+0
-7.466000E+1	-8.301000E-3	2.169545E-2	4.411500E-4	1.200000E-5	5.603919E+0
-7.465500E+1	-8.302000E-3	2.169945E-2	3.165000E-4	1.200000E-5	5.637276E+0
-7.465000E+1	-8.302350E-3	2.169955E-2	2.219000E-4	1.080000E-5	5.670632E+0
-7.464500E+1	-8.302000E-3	2.169900E-2	1.659000E-4	7.200000E-6	5.703989E+0
-7.464000E+1	-8.302000E-3	2.169865E-2	1.559500E-4	6.750000E-6	5.737346E+0
-7.463500E+1	-8.300550E-3	2.169485E-2	1.925000E-4	8.850000E-6	5.770702E+0
-7.463000E+1	-8.301550E-3	2.169700E-2	2.675500E-4	8.350000E-6	5.804059E+0
-7.462500E+1	-8.301150E-3	2.169640E-2	3.508000E-4	7.600000E-6	5.837416E+0
-7.462000E+1	-8.300500E-3	2.169450E-2	4.270000E-4	1.010000E-5	5.870772E+0
-7.461500E+1	-8.300500E-3	2.169405E-2	4.902500E-4	1.140000E-5	5.904129E+0
-7.461000E+1	-8.301550E-3	2.169720E-2	5.381500E-4	1.170000E-5	5.937486E+0
-7.460500E+1	-8.301700E-3	2.169810E-2	5.561000E-4	1.275000E-5	5.970842E+0
-7.460000E+1	-8.298700E-3	2.169010E-2	5.559500E-4	1.300000E-5	6.004199E+0
-7.459500E+1	-8.298750E-3	2.168960E-2	5.442000E-4	1.430000E-5	6.037556E+0
-7.459000E+1	-8.299000E-3	2.169030E-2	5.184000E-4	1.700000E-5	6.070912E+0
-7.458500E+1	-8.299250E-3	2.169140E-2	4.819500E-4	1.165000E-5	6.104269E+0
-7.458000E+1	-8.299100E-3	2.169040E-2	4.385000E-4	1.315000E-5	6.137626E+0
-7.457500E+1	-8.300000E-3	2.169310E-2	3.840000E-4	1.240000E-5	6.170982E+0
-7.457000E+1	-8.300000E-3	2.169245E-2	3.119000E-4	1.130000E-5	6.204339E+0
-7.456500E+1	-8.300550E-3	2.169460E-2	2.137000E-4	8.500000E-6	6.237696E+0
-7.456000E+1	-8.301000E-3	2.169615E-2	1.040500E-4	5.200000E-6	6.271052E+0
-7.455500E+1	-8.299700E-3	2.169265E-2	-3.950000E-6	3.450000E-6	6.304409E+0
-7.455000E+1	-8.299200E-3	2.169200E-2	-1.089500E-4	1.150000E-6	6.337766E+0
-7.454500E+1	-8.299200E-3	2.169200E-2	-2.068500E-4	-1.200000E-6	6.371122E+0
-7.454000E+1	-8.300000E-3	2.169300E-2	-2.840000E-4	-4.350000E-6	6.404479E+0
-7.453500E+1	-8.299100E-3	2.169160E-2	-3.253500E-4	-7.600000E-6	6.437836E+0
-7.453000E+1	-8.300000E-3	2.169310E-2	-3.410500E-4	-8.450000E-6	6.471192E+0
-7.452500E+1	-8.301000E-3	2.169615E-2	-3.261500E-4	-8.300000E-6	6.504549E+0
-7.452000E+1	-8.301350E-3	2.169705E-2	-2.888500E-4	-1.060000E-5	6.537906E+0
-7.451500E+1	-8.300450E-3	2.169430E-2	-2.297500E-4	-7.200000E-6	6.571262E+0
-7.451000E+1	-8.299650E-3	2.169185E-2	-1.683000E-4	-4.750000E-6	6.604619E+0
-7.450500E+1	-8.298450E-3	2.168905E-2	-1.135500E-4	-4.600000E-6	6.637976E+0
-7.450000E+1	-8.298000E-3	2.168765E-2	-7.345000E-5	-3.000000E-6	6.671332E+0
-7.449500E+1	-8.299450E-3	2.169170E-2	-4.295000E-5	-3.850000E-6	6.704689E+0
-7.449000E+1	-8.300950E-3	2.169545E-2	-3.420000E-5	-2.200000E-6	6.738046E+0
-7.448500E+1	-8.300200E-3	2.169355E-2	-3.520000E-5	-1.100000E-6	6.771402E+0
-7.448000E+1	-8.299000E-3	2.169100E-2	-4.430000E-5	-1.850000E-6	6.804759E+0
-7.447500E+1	-8.299600E-3	2.169220E-2	-4.945000E-5	-2.300000E-6	6.838116E+0
-7.447000E+1	-8.299400E-3	2.169175E-2	-4.625000E-5	-9.500000E-7	6.871472E+0
-7.446500E+1	-8.299100E-3	2.169175E-2	-1.695000E-5	2.117582E-23	6.904829E+0
-7.446000E+1	-8.300400E-3	2.169395E-2	2.330000E-5	-1.000000E-6	6.938185E+0
-7.445500E+1	-8.300000E-3	2.169325E-2	8.430000E-5	1.450000E-6	6.971542E+0
-7.445000E+1	-8.299300E-3	2.169110E-2	1.618500E-4	2.250000E-6	7.004899E+0
-7.444500E+1	-8.298200E-3	2.168855E-2	2.309000E-4	1.950000E-6	7.038255E+0
-7.444000E+1	-8.300650E-3	2.169435E-2	2.808000E-4	4.000000E-6	7.071612E+0
-7.443500E+1	-8.300250E-3	2.169375E-2	2.990000E-4	5.300000E-6	7.104969E+0
-7.443000E+1	-8.298500E-3	2.168930E-2	2.738000E-4	6.300000E-6	7.138325E+0
-7.442500E+1	-8.298950E-3	2.169040E-2	2.115000E-4	4.150000E-6	7.171682E+0
-7.442000E+1	-8.299000E-3	2.169100E-2	1.213500E-4	3.650000E-6	7.205039E+0
-7.441500E+1	-8.299900E-3	2.169305E-2	1.435000E-5	2.200000E-6	7.238395E+0
-7.441000E+1	-8.300950E-3	2.169490E-2	-9.145000E-5	-9.500000E-7	7.271752E+0
-7.440500E+1	-8.300200E-3	2.169375E-2	-1.838000E-4	-5.000000E-6	7.305109E+0
-7.440000E+1	-8.301950E-3	2.169855E-2	-2.501500E-4	-4.900000E-6	7.338465E+0
-7.439500E+1	-8.301300E-3	2.169640E-2	-2.737500E-4	-7.800000E-6	7.371822E+0
-7.439000E+1	-8.300350E-3	2.169410E-2	-2.692000E-4	-9.200000E-6	7.405179E+0
-7.438500E+1	-8.301500E-3	2.169710E-2	-2.453500E-4	-7.500000E-6	7.438535E+0
-7.438000E+1	-8.302000E-3	2.169880E-2	-2.081000E-4	-6.250000E-6	7.471892E+0
-7.437500E+1	-8.301350E-3	2.169690E-2	-1.755500E-4	-3.950000E-6	7.505249E+0
-7.437000E+1	-8.301750E-3	2.169750E-2	-1.580500E-4	-5.250000E-6	7.538605E+0
-7.436500E+1	-8.301000E-3	2.169540E-2	-1.526500E-4	-6.700000E-6	7.571962E+0
-7.436000E+1	-8.301800E-3	2.169795E-2	-1.576500E-4	-6.100000E-6	7.605319E+0
-7.435500E+1	-8.301500E-3	2.169735E-2	-1.527000E-4	-4.600000E-6	7.638675E+0
-7.435000E+1	-8.301450E-3	2.169690E-2	-1.388000E-4	-5.900000E-6	7.672032E+0
-7.434500E+1	-8.300900E-3	2.169530E-2	-1.042000E-4	-1.750000E-6	7.705389E+0
-7.434000E+1	-8.300000E-3	2.169310E-2	-4.325000E-5	-2.000000E-6	7.738745E+0
-7.433500E+1	-8.300000E-3	2.169270E-2	3.690000E-5	-3.500000E-7	7.772102E+0
-7.433000E+1	-8.301000E-3	2.169500E-2	1.230000E-4	5.500000E-7	7.805459E+0
-7.432500E+1	-8.301300E-3	2.169670E-2	1.853000E-4	2.450000E-6	7.838815E+0
-7.432000E+1	-8.303450E-3	2.170185E-2	2.190000E-4	2.800000E-6	7.872172E+0
-7.431500E+1	-8.302150E-3	2.169875E-2	2.168500E-4	4.200000E-6	7.905529E+0
-7.431000E+1	-8.300300E-3	2.169400E-2	1.735000E-4	3.250000E-6	7.938885E+0
-7.430500E+1	-8.300000E-3	2.169300E-2	9.180000E-5	3.750000E-6	7.972242E+0
-7.430000E+1	-8.300000E-3	2.169300E-2	-6.950000E-6	1.100000E-6	8.005599E+0
-7.429500E+1	-8.301250E-3	2.169610E-2	-1.143500E-4	-2.500000E-7	8.038956E+0
-7.429000E+1	-8.300650E-3	2.169510E-2	-2.103000E-4	-4.600000E-6	8.072312E+0
-7.428500E+1	-8.299350E-3	2.169150E-2	-2.808000E-4	-5.350000E-6	8.105669E+0
-7.428000E+1	-8.299000E-3	2.169065E-2	-3.159500E-4	-7.550000E-6	8.139026E+0
-7.427500E+1	-8.299400E-3	2.169205E-2	-3.275000E-4	-1.000000E-5	8.172382E+0
-7.427000E+1	-8.300000E-3	2.169380E-2	-3.169500E-4	-1.010000E-5	8.205739E+0
-7.426500E+1	-8.299350E-3	2.169175E-2	-2.919000E-4	-9.300000E-6	8.239095E+0
-7.426000E+1	-8.298750E-3	2.168990E-2	-2.634000E-4	-9.100000E-6	8.272451E+0
-7.425500E+1	-8.298350E-3	2.168905E-2	-2.328000E-4	-8.850000E-6	8.305808E+0
-7.425000E+1	-8.300350E-3	2.169385E-2	-2.063500E-4	-8.850000E-6	8.339165E+0
-7.424500E+1	-8.301000E-3	2.169610E-2	-1.780500E-4	-5.900000E-6	8.372521E+0
-7.424000E+1	-8.301750E-3	2.169745E-2	-1.379000E-4	-3.950000E-6	8.405878E+0
-7.423500E+1	-8.301400E-3	2.169675E-2	-9.120000E-5	-4.350000E-6	8.439235E+0
-7.423000E+1	-8.302700E-3	2.169990E-2	-3.450000E-5	-3.100000E-6	8.472591E+0
-7.422500E+1	-8.301650E-3	2.169745E-2	3.210000E-5	-1.000000E-6	8.505948E+0
-7.422000E+1	-8.300150E-3	2.169355E-2	1.056500E-4	1.300000E-6	8.539305E+0
-7.421500E+1	-8.300000E-3	2.169235E-2	1.644500E-4	4.600000E-6	8.572661E+0
-7.421000E+1	-8.300600E-3	2.169470E-2	2.076500E-4	4.000000E-6	8.606018E+0
-7.420500E+1	-8.300600E-3	2.169460E-2	2.261500E-4	5.400000E-6	8.639375E+0
-7.420000E+1	-8.299250E-3	2.169200E-2	2.205000E-4	4.400000E-6	8.672731E+0
-7.419500E+1	-8.299400E-3	2.169200E-2	1.913500E-4	5.800000E-6	8.706088E+0
-7.419000E+1	-8.300000E-3	2.169300E-2	1.419500E-4	3.600000E-6	8.739445E+0
-7.418500E+1	-8.300000E-3	2.169300E-2	8.955000E-5	4.450000E-6	8.772801E+0
-7.418000E+1	-8.300300E-3	2.169385E-2	3.975000E-5	2.700000E-6	8.806158E+0
-7.417500E+1	-8.300800E-3	2.169490E-2	2.000000E-7	1.750000E-6	8.839515E+0
-7.417000E+1	-8.300450E-3	2.169415E-2	-2.755000E-5	3.000000E-7	8.872871E+0
-7.416500E+1	-8.301100E-3	2.169570E-2	-4.210000E-5	-1.050000E-6	8.906228E+0
-7.416000E+1	-8.301450E-3	2.169705E-2	-4.740000E-5	-2.150000E-6	8.939585E+0
-7.415500E+1	-8.300500E-3	2.169435E-2	-4.980000E-5	-3.200000E-6	8.972941E+0
-7.415000E+1	-8.299950E-3	2.169240E-2	-6.150000E-5	-2.100000E-6	9.006298E+0
-7.414500E+1	-8.298850E-3	2.168960E-2	-8.305000E-5	-1.000000E-6	9.039655E+0
-7.414000E+1	-8.299000E-3	2.168985E-2	-1.107000E-4	-3.500000E-6	9.073011E+0
-7.413500E+1	-8.299000E-3	2.169100E-2	-1.436500E-4	-4.000000E-6	9.106368E+0
-7.413000E+1	-8.299000E-3	2.169030E-2	-1.763500E-4	-4.800000E-6	9.139725E+0
-7.412500E+1	-8.298300E-3	2.168925E-2	-1.966500E-4	-4.150000E-6	9.173081E+0
-7.412000E+1	-8.299850E-3	2.169260E-2	-2.006000E-4	-5.700000E-6	9.206438E+0
-7.411500E+1	-8.300350E-3	2.169400E-2	-1.815000E-4	-5.000000E-6	9.239795E+0
-7.411000E+1	-8.301200E-3	2.169635E-2	-1.366500E-4	-4.200000E-6	9.273151E+0
-7.410500E+1	-8.301800E-3	2.169740E-2	-7.105000E-5	-5.700000E-6	9.306508E+0
-7.410000E+1	-8.302200E-3	2.169955E-2	-2.850000E-6	-3.350000E-6	9.339865E+0
-7.409500E+1	-8.303000E-3	2.170100E-2	6.825000E-5	-8.000000E-7	9.373221E+0
-7.409000E+1	-8.301600E-3	2.169715E-2	1.189500E-4	-5.000000E-8	9.406578E+0
-7.408500E+1	-8.300000E-3	2.169300E-2	1.523000E-4	1.000000E-6	9.439935E+0
-7.408000E+1	-8.300650E-3	2.169480E-2	1.641000E-4	2.900000E-6	9.473291E+0
-7.407500E+1	-8.301000E-3	2.169600E-2	1.547500E-4	3.000000E-6	9.506648E+0
-7.407000E+1	-8.302100E-3	2.169870E-2	1.349500E-4	4.150000E-6	9.540005E+0
-7.406500E+1	-8.303900E-3	2.170345E-2	1.173500E-4	4.000000E-6	9.573361E+0
-7.406000E+1	-8.303000E-3	2.170050E-2	1.086500E-4	4.000000E-6	9.606718E+0
