-7.550000E+1	-8.331500E-3	2.177560E-2	9.300000E-6	-2.900000E-6	0.000000E+0
-7.549500E+1	-8.332950E-3	2.177870E-2	-1.360000E-5	-2.100000E-6	3.335666E-2
-7.549000E+1	-8.331550E-3	2.177605E-2	-2.190000E-5	-1.150000E-6	6.671332E-2
-7.548500E+1	-8.331000E-3	2.177360E-2	-3.305000E-5	-2.600000E-6	1.000700E-1
-7.548000E+1	-8.331000E-3	2.177400E-2	-2.705000E-5	-2.000000E-6	1.334266E-1
-7.547500E+1	-8.330200E-3	2.177250E-2	-1.300000E-5	-3.500000E-6	1.667833E-1
-7.547000E+1	-8.330000E-3	2.177210E-2	1.365000E-5	-1.700000E-6	2.001400E-1
-7.546500E+1	-8.330000E-3	2.177235E-2	5.315000E-5	1.600000E-6	2.334966E-1
-7.546000E+1	-8.329850E-3	2.177040E-2	1.011000E-4	2.300000E-6	2.668533E-1
-7.545500E+1	-8.331050E-3	2.177435E-2	1.475000E-4	7.050000E-6	3.002099E-1
-7.545000E+1	-8.332250E-3	2.177765E-2	1.900000E-4	8.700000E-6	3.335666E-1
-7.544500E+1	-8.332500E-3	2.177800E-2	2.228500E-4	9.200000E-6	3.669233E-1
-7.544000E+1	-8.331000E-3	2.177405E-2	2.503000E-4	1.025000E-5	4.002799E-1
-7.543500E+1	-8.331000E-3	2.177340E-2	2.599000E-4	9.950000E-6	4.336366E-1
-7.543000E+1	-8.330650E-3	2.177275E-2	2.632000E-4	1.465000E-5	4.669932E-1
-7.542500E+1	-8.329100E-3	2.176955E-2	2.578000E-4	1.315000E-5	5.003499E-1
-7.542000E+1	-8.329000E-3	2.176920E-2	2.501500E-4	1.485000E-5	5.337065E-1
-7.541500E+1	-8.329000E-3	2.176800E-2	2.402000E-4	1.470000E-5	5.670632E-1
-7.541000E+1	-8.329000E-3	2.176940E-2	2.422000E-4	1.340000E-5	6.004199E-1
-7.540500E+1	-8.329000E-3	2.176920E-2	2.425000E-4	1.145000E-5	6.337765E-1
-7.540000E+1	-8.329000E-3	2.176900E-2	2.482000E-4	9.800000E-6	6.671332E-1
-7.539500E+1	-8.329000E-3	2.176900E-2	2.587000E-4	1.095000E-5	7.004899E-1
-7.539000E+1	-8.329550E-3	2.177015E-2	2.613000E-4	1.420000E-5	7.338465E-1
-7.538500E+1	-8.329000E-3	2.176865E-2	2.652500E-4	1.280000E-5	7.672032E-1
-7.538000E+1	-8.330000E-3	2.177085E-2	2.579500E-4	1.225000E-5	8.005599E-1
-7.537500E+1	-8.330450E-3	2.177265E-2	2.396500E-4	1.200000E-5	8.339165E-1
-7.537000E+1	-8.331150E-3	2.177455E-2	2.084500E-4	1.250000E-5	8.672732E-1
-7.536500E+1	-8.332850E-3	2.177930E-2	1.660500E-4	7.650000E-6	9.006298E-1
-7.536000E+1	-8.333350E-3	2.178050E-2	1.161000E-4	7.950000E-6	9.339865E-1
-7.535500E+1	-8.333350E-3	2.177995E-2	6.360000E-5	5.350000E-6	9.673432E-1
-7.535000E+1	-8.332000E-3	2.177795E-2	6.800000E-6	2.550000E-6	1.000700E+0
-7.534500E+1	-8.331150E-3	2.177420E-2	-4.700000E-5	-1.400000E-6	1.034056E+0
-7.534000E+1	-8.331000E-3	2.177410E-2	-8.655000E-5	-1.600000E-6	1.067413E+0
-7.533500E+1	-8.331100E-3	2.177515E-2	-1.147500E-4	-5.000000E-6	1.100770E+0
-7.533000E+1	-8.332000E-3	2.177600E-2	-1.240000E-4	-7.200000E-6	1.134126E+0
-7.532500E+1	-8.331400E-3	2.177505E-2	-1.181000E-4	-7.000000E-6	1.167483E+0
-7.532000E+1	-8.330000E-3	2.177210E-2	-9.455000E-5	-7.050000E-6	1.200840E+0
-7.531500E+1	-8.330000E-3	2.177100E-2	-5.975000E-5	-7.400000E-6	1.234196E+0
-7.531000E+1	-8.330000E-3	2.177160E-2	-1.705000E-5	-5.200000E-6	1.267553E+0
-7.530500E+1	-8.330000E-3	2.177160E-2	2.870000E-5	-3.100000E-6	1.300910E+0
-7.530000E+1	-8.330000E-3	2.177150E-2	7.705000E-5	-2.750000E-6	1.334266E+0
-7.529500E+1	-8.330000E-3	2.177065E-2	1.188500E-4	-1.500000E-6	1.367623E+0
-7.529000E+1	-8.330650E-3	2.177335E-2	1.441000E-4	2.400000E-6	1.400980E+0
-7.528500E+1	-8.331000E-3	2.177425E-2	1.508000E-4	6.500000E-7	1.434336E+0
-7.528000E+1	-8.330550E-3	2.177335E-2	1.436500E-4	3.700000E-6	1.467693E+0
-7.527500E+1	-8.331800E-3	2.177585E-2	1.223000E-4	5.000000E-6	1.501050E+0
-7.527000E+1	-8.330950E-3	2.177400E-2	9.375000E-5	3.450000E-6	1.534406E+0
-7.526500E+1	-8.330400E-3	2.177285E-2	5.435000E-5	-5.000000E-8	1.567763E+0
-7.526000E+1	-8.332200E-3	2.177730E-2	1.425000E-5	-5.000000E-8	1.601120E+0
-7.525500E+1	-8.334350E-3	2.178255E-2	-2.510000E-5	-2.400000E-6	1.634476E+0
-7.525000E+1	-8.334350E-3	2.178305E-2	-5.680000E-5	-5.600000E-6	1.667833E+0
-7.524500E+1	-8.334800E-3	2.178370E-2	-8.130000E-5	-6.100000E-6	1.701190E+0
-7.524000E+1	-8.335000E-3	2.178430E-2	-1.009000E-4	-5.750000E-6	1.734546E+0
-7.523500E+1	-8.334000E-3	2.178210E-2	-1.125500E-4	-3.900000E-6	1.767903E+0
-7.523000E+1	-8.334000E-3	2.178250E-2	-1.255000E-4	-8.650000E-6	1.801260E+0
-7.522500E+1	-8.333750E-3	2.178140E-2	-1.309000E-4	-9.850000E-6	1.834616E+0
-7.522000E+1	-8.334400E-3	2.178285E-2	-1.400000E-4	-1.065000E-5	1.867973E+0
-7.521500E+1	-8.333000E-3	2.177980E-2	-1.486000E-4	-7.650000E-6	1.901330E+0
-7.521000E+1	-8.333450E-3	2.178080E-2	-1.563000E-4	-8.300000E-6	1.934686E+0
-7.520500E+1	-8.333650E-3	2.178080E-2	-1.603500E-4	-8.950000E-6	1.968043E+0
-7.520000E+1	-8.334000E-3	2.178160E-2	-1.624500E-4	-1.225000E-5	2.001400E+0
-7.519500E+1	-8.335000E-3	2.178455E-2	-1.575000E-4	-9.100000E-6	2.034756E+0
-7.519000E+1	-8.333750E-3	2.178150E-2	-1.445500E-4	-6.800000E-6	2.068113E+0
-7.518500E+1	-8.333000E-3	2.177945E-2	-1.283500E-4	-6.800000E-6	2.101470E+0
-7.518000E+1	-8.331450E-3	2.177575E-2	-1.071000E-4	-6.950000E-6	2.134826E+0
-7.517500E+1	-8.331000E-3	2.177500E-2	-8.720000E-5	-6.650000E-6	2.168183E+0
-7.517000E+1	-8.331000E-3	2.177500E-2	-6.955000E-5	-7.900000E-6	2.201540E+0
-7.516500E+1	-8.332000E-3	2.177700E-2	-5.690000E-5	-7.400000E-6	2.234896E+0
-7.516000E+1	-8.331450E-3	2.177575E-2	-5.030000E-5	-7.500000E-6	2.268253E+0
-7.515500E+1	-8.332000E-3	2.177695E-2	-5.125000E-5	-5.450000E-6	2.301610E+0
-7.515000E+1	-8.332750E-3	2.177800E-2	-5.895000E-5	-7.650000E-6	2.334966E+0
-7.514500E+1	-8.331350E-3	2.177550E-2	-7.190000E-5	-4.250000E-6	2.368323E+0
-7.514000E+1	-8.332000E-3	2.177680E-2	-8.515000E-5	-6.750000E-6	2.401680E+0
-7.513500E+1	-8.331650E-3	2.177605E-2	-9.670000E-5	-6.100000E-6	2.435036E+0
-7.513000E+1	-8.332000E-3	2.177685E-2	-1.046500E-4	-5.950000E-6	2.468393E+0
-7.512500E+1	-8.331950E-3	2.177665E-2	-1.054500E-4	-5.600000E-6	2.501750E+0
-7.512000E+1	-8.331450E-3	2.177550E-2	-1.017000E-4	-5.900000E-6	2.535106E+0
-7.511500E+1	-8.331550E-3	2.177595E-2	-9.130000E-5	-2.850000E-6	2.568463E+0
-7.511000E+1	-8.333750E-3	2.178130E-2	-6.985000E-5	-5.150000E-6	2.601820E+0
-7.510500E+1	-8.334000E-3	2.178200E-2	-4.910000E-5	-6.550000E-6	2.635176E+0
-7.510000E+1	-8.334600E-3	2.178340E-2	-2.725000E-5	-5.950000E-6	2.668533E+0
-7.509500E+1	-8.334000E-3	2.178125E-2	5.929231E-22	-3.650000E-6	2.701890E+0
-7.509000E+1	-8.334000E-3	2.178145E-2	2.870000E-5	-1.850000E-6	2.735246E+0
-7.508500E+1	-8.334000E-3	2.178260E-2	5.015000E-5	3.850000E-6	2.768603E+0
-7.508000E+1	-8.333700E-3	2.178075E-2	7.200000E-5	3.150000E-6	2.801960E+0
-7.507500E+1	-8.333000E-3	2.177905E-2	8.700000E-5	3.200000E-6	2.835316E+0
-7.507000E+1	-8.332550E-3	2.177795E-2	9.945000E-5	3.850000E-6	2.868673E+0
-7.506500E+1	-8.331200E-3	2.177495E-2	1.059500E-4	4.900000E-6	2.902030E+0
-7.506000E+1	-8.332000E-3	2.177680E-2	1.098500E-4	5.350000E-6	2.935386E+0
-7.505500E+1	-8.331000E-3	2.177455E-2	1.135500E-4	4.500000E-6	2.968743E+0
-7.505000E+1	-8.331250E-3	2.177535E-2	1.142000E-4	4.500000E-6	3.002100E+0
-7.504500E+1	-8.332300E-3	2.177755E-2	1.089500E-4	4.300000E-6	3.035456E+0
-7.504000E+1	-8.333000E-3	2.177900E-2	1.114500E-4	7.450000E-6	3.068813E+0
-7.503500E+1	-8.332050E-3	2.177690E-2	1.144500E-4	7.500000E-6	3.102170E+0
-7.503000E+1	-8.332700E-3	2.177825E-2	1.203500E-4	5.450000E-6	3.135526E+0
-7.502500E+1	-8.331200E-3	2.177470E-2	1.293000E-4	5.000000E-6	3.168883E+0
-7.502000E+1	-8.330100E-3	2.177260E-2	1.385000E-4	4.450000E-6	3.202240E+0
-7.501500E+1	-8.330000E-3	2.177150E-2	1.338500E-4	3.400000E-6	3.235596E+0
-7.501000E+1	-8.329000E-3	2.176970E-2	1.199500E-4	1.900000E-6	3.268953E+0
-7.500500E+1	-8.329750E-3	2.177100E-2	9.090000E-5	1.950000E-6	3.302310E+0
-7.500000E+1	-8.330000E-3	2.177220E-2	3.540000E-5	-9.000000E-7	3.335666E+0
-7.499500E+1	-8.331200E-3	2.177480E-2	-3.465000E-5	-1.850000E-6	3.369023E+0
-7.499000E+1	-8.332000E-3	2.177645E-2	-1.223000E-4	-7.500000E-6	3.402380E+0
-7.498500E+1	-8.333250E-3	2.178015E-2	-2.271500E-4	-1.360000E-5	3.435736E+0
-7.498000E+1	-8.335000E-3	2.178400E-2	-3.518500E-4	-1.865000E-5	3.469093E+0
-7.497500E+1	-8.335000E-3	2.178490E-2	-4.900500E-4	-2.615000E-5	3.502449E+0
-7.497000E+1	-8.333700E-3	2.178130E-2	-6.177000E-4	-3.280000E-5	3.535806E+0
-7.496500E+1	-8.332850E-3	2.177800E-2	-7.291500E-4	-4.125000E-5	3.569163E+0
-7.496000E+1	-8.331900E-3	2.177635E-2	-8.219500E-4	-4.705000E-5	3.602519E+0
-7.495500E+1	-8.331000E-3	2.177465E-2	-8.974000E-4	-4.795000E-5	3.635876E+0
-7.495000E+1	-8.332750E-3	2.177875E-2	-9.298500E-4	-5.120000E-5	3.669233E+0
-7.494500E+1	-8.334000E-3	2.178270E-2	-9.137000E-4	-4.820000E-5	3.702589E+0
-7.494000E+1	-8.334950E-3	2.178400E-2	-8.528500E-4	-4.665000E-5	3.735946E+0
-7.493500E+1	-8.334000E-3	2.178240E-2	-7.296000E-4	-4.365000E-5	3.769303E+0
-7.493000E+1	-8.333400E-3	2.178035E-2	-5.211500E-4	-3.450000E-5	3.802659E+0
-7.492500E+1	-8.332000E-3	2.177665E-2	-2.895500E-4	-2.020000E-5	3.836016E+0
-7.492000E+1	-8.332450E-3	2.177790E-2	-3.200000E-6	-9.350000E-6	3.869373E+0
-7.491500E+1	-8.332900E-3	2.177940E-2	3.283500E-4	7.700000E-6	3.902729E+0
-7.491000E+1	-8.332200E-3	2.177750E-2	7.328500E-4	3.275000E-5	3.936086E+0
-7.490500E+1	-8.332950E-3	2.177975E-2	1.104850E-3	4.830000E-5	3.969443E+0
-7.490000E+1	-8.331650E-3	2.177585E-2	1.470850E-3	6.775000E-5	4.002800E+0
-7.489500E+1	-8.332000E-3	2.177710E-2	1.801950E-3	8.670000E-5	4.036156E+0
-7.489000E+1	-8.331000E-3	2.177500E-2	2.085700E-3	1.044000E-4	4.069513E+0
-7.488500E+1	-8.332700E-3	2.177865E-2	2.277800E-3	1.174500E-4	4.102870E+0
-7.488000E+1	-8.334850E-3	2.178420E-2	2.350400E-3	1.249500E-4	4.136226E+0
-7.487500E+1	-8.334150E-3	2.178235E-2	2.303000E-3	1.270500E-4	4.169582E+0
-7.487000E+1	-8.332450E-3	2.177835E-2	2.129200E-3	1.185000E-4	4.202939E+0
-7.486500E+1	-8.333450E-3	2.178060E-2	1.843000E-3	1.047000E-4	4.236296E+0
-7.486000E+1	-8.333000E-3	2.177970E-2	1.422000E-3	9.005000E-5	4.269652E+0
-7.485500E+1	-8.333350E-3	2.178040E-2	9.786499E-4	6.800000E-5	4.303009E+0
-7.485000E+1	-8.334000E-3	2.178285E-2	5.276500E-4	4.585000E-5	4.336366E+0
-7.484500E+1	-8.333000E-3	2.177945E-2	6.015000E-5	2.120000E-5	4.369722E+0
-7.484000E+1	-8.332550E-3	2.177855E-2	-3.680000E-4	-4.400000E-6	4.403079E+0
-7.483500E+1	-8.333250E-3	2.177995E-2	-6.884000E-4	-2.340000E-5	4.436436E+0
-7.483000E+1	-8.331450E-3	2.177550E-2	-8.792000E-4	-3.740000E-5	4.469792E+0
-7.482500E+1	-8.331000E-3	2.177330E-2	-9.609000E-4	-4.585000E-5	4.503149E+0
-7.482000E+1	-8.330250E-3	2.177240E-2	-9.134000E-4	-4.885000E-5	4.536506E+0
-7.481500E+1	-8.330900E-3	2.177435E-2	-7.734000E-4	-5.045000E-5	4.569862E+0
-7.481000E+1	-8.332450E-3	2.177775E-2	-5.695500E-4	-4.030000E-5	4.603219E+0
-7.480500E+1	-8.333000E-3	2.177875E-2	-3.635000E-4	-3.150000E-5	4.636576E+0
-7.480000E+1	-8.332700E-3	2.177830E-2	-1.655000E-4	-2.525000E-5	4.669932E+0
-7.479500E+1	-8.331200E-3	2.177530E-2	-6.650000E-6	-1.370000E-5	4.703289E+0
-7.479000E+1	-8.332750E-3	2.177895E-2	6.250000E-5	-8.550000E-6	4.736646E+0
-7.478500E+1	-8.333200E-3	2.178085E-2	4.680000E-5	-5.550000E-6	4.770002E+0
-7.478000E+1	-8.333000E-3	2.177920E-2	-3.300000E-5	-4.850000E-6	4.803359E+0
-7.477500E+1	-8.333450E-3	2.178060E-2	-1.817500E-4	-1.220000E-5	4.836716E+0
-7.477000E+1	-8.334000E-3	2.178225E-2	-3.649000E-4	-1.725000E-5	4.870072E+0
-7.476500E+1	-8.334950E-3	2.178390E-2	-5.397000E-4	-2.405000E-5	4.903429E+0
-7.476000E+1	-8.334900E-3	2.178380E-2	-6.790500E-4	-2.975000E-5	4.936786E+0
-7.475500E+1	-8.334000E-3	2.178205E-2	-7.647500E-4	-3.530000E-5	4.970142E+0
-7.475000E+1	-8.333250E-3	2.178100E-2	-7.970500E-4	-3.905000E-5	5.003499E+0
-7.474500E+1	-8.334000E-3	2.178180E-2	-7.616000E-4	-3.920000E-5	5.036856E+0
-7.474000E+1	-8.333200E-3	2.178025E-2	-6.787000E-4	-3.835000E-5	5.070212E+0
-7.473500E+1	-8.333050E-3	2.178035E-2	-5.723500E-4	-3.725000E-5	5.103569E+0
-7.473000E+1	-8.334000E-3	2.178100E-2	-4.503000E-4	-3.170000E-5	5.136926E+0
-7.472500E+1	-8.334600E-3	2.178325E-2	-3.247500E-4	-2.385000E-5	5.170282E+0
-7.472000E+1	-8.334050E-3	2.178240E-2	-2.331500E-4	-2.005000E-5	5.203639E+0
-7.471500E+1	-8.335700E-3	2.178680E-2	-1.776500E-4	-1.580000E-5	5.236996E+0
-7.471000E+1	-8.336000E-3	2.178745E-2	-1.531000E-4	-1.415000E-5	5.270352E+0
-7.470500E+1	-8.334400E-3	2.178330E-2	-1.545500E-4	-1.170000E-5	5.303709E+0
-7.470000E+1	-8.334200E-3	2.178260E-2	-1.716500E-4	-1.245000E-5	5.337066E+0
-7.469500E+1	-8.334300E-3	2.178275E-2	-1.824000E-4	-1.415000E-5	5.370422E+0
-7.469000E+1	-8.334000E-3	2.178255E-2	-1.810500E-4	-1.160000E-5	5.403779E+0
-7.468500E+1	-8.333100E-3	2.177995E-2	-1.577000E-4	-9.000000E-6	5.437136E+0
-7.468000E+1	-8.333400E-3	2.178040E-2	-1.044000E-4	-1.000000E-5	5.470492E+0
-7.467500E+1	-8.334650E-3	2.178340E-2	-2.935000E-5	-7.100000E-6	5.503849E+0
