2.119999E+1	1.430000E-5	6.671332E-5
2.119999E+1	-4.600000E-5	6.671332E-5
2.119500E+1	-1.389000E-4	3.335666E-2
2.118999E+1	-1.497000E-4	6.678004E-2
2.118498E+1	5.360000E-5	1.002034E-1
2.117995E+1	5.620000E-5	1.337602E-1
2.117498E+1	-7.650000E-5	1.669167E-1
2.116999E+1	-2.580000E-5	2.002067E-1
2.116498E+1	4.710000E-5	2.336300E-1
2.115999E+1	2.070000E-5	2.669200E-1
2.115500E+1	1.185000E-4	3.002099E-1
2.114999E+1	3.200000E-5	3.336333E-1
2.114498E+1	-3.230000E-5	3.670567E-1
2.113999E+1	3.980000E-5	4.003466E-1
2.113498E+1	9.140000E-5	4.337700E-1
2.112999E+1	2.239000E-4	4.670600E-1
2.112496E+1	2.332000E-4	5.006168E-1
2.111999E+1	9.530000E-5	5.337733E-1
2.111498E+1	3.035000E-4	5.671967E-1
2.110997E+1	5.267000E-4	6.006200E-1
2.110496E+1	6.003000E-4	6.340434E-1
2.109999E+1	6.374000E-4	6.671999E-1
2.109499E+1	7.649000E-4	7.005566E-1
2.108999E+1	8.361000E-4	7.339132E-1
2.108496E+1	1.055700E-3	7.674701E-1
2.107999E+1	1.283300E-3	8.006266E-1
2.107499E+1	1.319100E-3	8.339832E-1
2.106999E+1	1.594400E-3	8.673399E-1
2.106496E+1	1.783300E-3	9.008967E-1
2.105995E+1	1.822500E-3	9.343201E-1
2.105499E+1	1.548500E-3	9.674098E-1
2.104998E+1	1.286200E-3	1.000833E+0
2.104499E+1	3.827000E-4	1.034123E+0
2.103998E+1	-6.089000E-4	1.067547E+0
2.103496E+1	-1.708900E-3	1.101037E+0
2.102997E+1	-2.955000E-3	1.134327E+0
2.102499E+1	-3.824400E-3	1.167550E+0
2.101993E+1	-4.464500E-3	1.201307E+0
2.101499E+1	-4.665400E-3	1.234263E+0
2.100998E+1	-4.269400E-3	1.267686E+0
2.100499E+1	-3.510800E-3	1.300977E+0
2.099998E+1	-2.680400E-3	1.334400E+0
2.099499E+1	-1.732400E-3	1.367690E+0
2.098998E+1	-6.872000E-4	1.401113E+0
2.098499E+1	2.926000E-4	1.434403E+0
2.097998E+1	1.124000E-3	1.467826E+0
2.097496E+1	1.506000E-3	1.501317E+0
2.096998E+1	1.646900E-3	1.534540E+0
2.096499E+1	1.695600E-3	1.567830E+0
2.095997E+1	1.299400E-3	1.601320E+0
2.095496E+1	9.274000E-4	1.634743E+0
2.094995E+1	5.600000E-4	1.668167E+0
2.094494E+1	2.560000E-4	1.701590E+0
2.093997E+1	3.500000E-6	1.734746E+0
2.093499E+1	9.040000E-5	1.767970E+0
2.093000E+1	9.890000E-5	1.801260E+0
2.092499E+1	3.175000E-4	1.834683E+0
2.091998E+1	5.405000E-4	1.868106E+0
2.091497E+1	6.263000E-4	1.901530E+0
2.091000E+1	7.299000E-4	1.934686E+0
2.090499E+1	5.988000E-4	1.968110E+0
2.089998E+1	5.193000E-4	2.001533E+0
2.089496E+1	1.364000E-4	2.035023E+0
2.088995E+1	2.380000E-5	2.068447E+0
2.088499E+1	1.100000E-5	2.101536E+0
2.087998E+1	-1.152000E-4	2.134960E+0
2.087497E+1	-1.720000E-5	2.168383E+0
2.086998E+1	8.480000E-5	2.201673E+0
2.086499E+1	1.427000E-4	2.234963E+0
2.086000E+1	2.079000E-4	2.268253E+0
2.085497E+1	2.036000E-4	2.301810E+0
2.085000E+1	3.389000E-4	2.334966E+0
2.084499E+1	2.843000E-4	2.368390E+0
2.084000E+1	2.073000E-4	2.401680E+0
2.083497E+1	1.138000E-4	2.435236E+0
2.082998E+1	1.017000E-4	2.468526E+0
2.082499E+1	1.107000E-4	2.501816E+0
2.081998E+1	-6.400000E-6	2.535240E+0
2.081499E+1	-7.440000E-5	2.568530E+0
2.080996E+1	-2.530000E-4	2.602086E+0
2.080495E+1	-2.523000E-4	2.635510E+0
2.079996E+1	-2.349000E-4	2.668800E+0
2.079499E+1	-1.519000E-4	2.701956E+0
2.079000E+1	-2.162000E-4	2.735246E+0
2.078497E+1	-1.732000E-4	2.768803E+0
2.078000E+1	-1.340000E-5	2.801960E+0
2.077495E+1	-5.900000E-5	2.835650E+0
2.076998E+1	2.540000E-5	2.868806E+0
2.076499E+1	-7.130000E-5	2.902096E+0
2.076000E+1	3.286000E-4	2.935386E+0
2.075497E+1	3.329000E-4	2.968943E+0
2.075000E+1	4.273000E-4	3.002100E+0
2.074497E+1	4.590000E-4	3.035656E+0
2.074000E+1	3.244000E-4	3.068813E+0
2.073499E+1	4.656000E-4	3.102236E+0
2.072996E+1	2.563000E-4	3.135793E+0
2.072497E+1	1.590000E-5	3.169083E+0
2.072000E+1	-1.883000E-4	3.202240E+0
2.071499E+1	-3.315000E-4	3.235663E+0
2.071000E+1	-4.059000E-4	3.268953E+0
2.070495E+1	-3.670000E-4	3.302643E+0
2.070000E+1	-4.278000E-4	3.335666E+0
2.069499E+1	-3.129000E-4	3.369089E+0
2.068998E+1	-1.814000E-4	3.402513E+0
2.068499E+1	-5.640000E-5	3.435803E+0
2.068000E+1	1.346000E-4	3.469093E+0
2.067499E+1	2.146000E-4	3.502516E+0
2.066998E+1	9.370000E-5	3.535939E+0
2.066497E+1	1.141000E-4	3.569363E+0
2.065996E+1	2.725000E-4	3.602786E+0
2.065495E+1	3.300000E-5	3.636209E+0
2.065000E+1	-9.020000E-5	3.669233E+0
2.064497E+1	-1.280000E-5	3.702790E+0
2.064000E+1	-1.235000E-4	3.735946E+0
2.063499E+1	-1.070000E-4	3.769369E+0
2.063000E+1	-1.844000E-4	3.802659E+0
2.062499E+1	-1.025000E-4	3.836083E+0
2.061996E+1	-3.180000E-5	3.869639E+0
2.061495E+1	4.520000E-5	3.903063E+0
2.060998E+1	4.840000E-5	3.936219E+0
2.060499E+1	8.520000E-5	3.969509E+0
2.059996E+1	-3.260000E-5	4.003066E+0
2.059499E+1	-6.200000E-6	4.036222E+0
2.059000E+1	7.810000E-5	4.069513E+0
2.058499E+1	3.130000E-5	4.102936E+0
2.057996E+1	2.840000E-5	4.136493E+0
2.057499E+1	8.080000E-5	4.169649E+0
2.056999E+1	2.350000E-5	4.203006E+0
2.056497E+1	1.570000E-5	4.236496E+0
2.055998E+1	1.960000E-5	4.269786E+0
2.055497E+1	-1.652000E-4	4.303209E+0
2.054999E+1	-1.588000E-4	4.336432E+0
2.054497E+1	-2.563000E-4	4.369923E+0
2.053999E+1	-2.116000E-4	4.403146E+0
2.053499E+1	-2.014000E-4	4.436502E+0
2.052999E+1	-2.413000E-4	4.469859E+0
2.052499E+1	-2.252000E-4	4.503216E+0
2.051998E+1	-2.106000E-4	4.536639E+0
2.051499E+1	-1.568000E-4	4.569929E+0
2.050996E+1	5.660000E-5	4.603486E+0
2.050497E+1	7.600000E-6	4.636776E+0
2.049999E+1	6.370000E-5	4.669999E+0
2.049497E+1	1.499000E-4	4.703489E+0
2.048998E+1	1.398000E-4	4.736779E+0
2.048495E+1	2.460000E-4	4.770336E+0
2.047999E+1	2.076000E-4	4.803426E+0
2.047498E+1	2.821000E-4	4.836849E+0
2.046996E+1	2.229000E-4	4.870339E+0
2.046498E+1	1.532000E-4	4.903563E+0
2.045999E+1	5.750000E-5	4.936852E+0
2.045497E+1	5.380000E-5	4.970343E+0
2.044999E+1	-1.413000E-4	5.003566E+0
2.044490E+1	-2.692000E-4	5.037523E+0
2.043997E+1	-3.743000E-4	5.070413E+0
2.043498E+1	-3.369000E-4	5.103703E+0
2.042999E+1	-4.538000E-4	5.136992E+0
2.042498E+1	-2.629000E-4	5.170416E+0
2.041999E+1	-1.427000E-4	5.203706E+0
2.041497E+1	-1.757000E-4	5.237196E+0
2.040997E+1	1.167000E-4	5.270553E+0
2.040495E+1	1.780000E-4	5.304043E+0
2.039997E+1	2.267000E-4	5.337266E+0
2.039498E+1	4.110000E-4	5.370556E+0
2.038997E+1	1.855000E-4	5.403979E+0
2.038500E+1	1.061000E-4	5.437136E+0
2.037999E+1	2.539000E-4	5.470559E+0
2.037497E+1	2.216000E-4	5.504049E+0
2.036999E+1	-2.010000E-5	5.537272E+0
2.036500E+1	-1.404000E-4	5.570562E+0
2.035997E+1	-8.570000E-5	5.604119E+0
2.035498E+1	-1.341000E-4	5.637409E+0
2.034997E+1	-1.479000E-4	5.670833E+0
2.034498E+1	-1.141000E-4	5.704123E+0
2.033994E+1	-1.436000E-4	5.737746E+0
2.033500E+1	1.390000E-5	5.770702E+0
2.032999E+1	1.780000E-5	5.804126E+0
2.032498E+1	4.520000E-5	5.837549E+0
2.031996E+1	1.191000E-4	5.871039E+0
2.031500E+1	1.270000E-4	5.904129E+0
2.030997E+1	-2.800000E-6	5.937686E+0
2.030500E+1	-1.597000E-4	5.970842E+0
2.029994E+1	-8.390000E-5	6.004599E+0
2.029496E+1	-2.154000E-4	6.037822E+0
2.028999E+1	4.800000E-6	6.070979E+0
2.028500E+1	1.033000E-4	6.104269E+0
2.027999E+1	1.342000E-4	6.137692E+0
2.027500E+1	6.650000E-5	6.170982E+0
2.026995E+1	-2.180000E-5	6.204672E+0
2.026500E+1	-5.680000E-5	6.237696E+0
2.025999E+1	-6.360000E-5	6.271119E+0
2.025498E+1	-1.900000E-5	6.304543E+0
2.024999E+1	-1.559000E-4	6.337832E+0
2.024496E+1	-1.373000E-4	6.371389E+0
2.023999E+1	-2.493000E-4	6.404546E+0
2.023498E+1	-1.548000E-4	6.437969E+0
2.022997E+1	-9.670000E-5	6.471392E+0
2.022498E+1	-1.190000E-4	6.504682E+0
2.021995E+1	-2.110000E-5	6.538239E+0
2.021496E+1	1.203000E-4	6.571529E+0
2.020997E+1	2.534000E-4	6.604819E+0
2.020500E+1	2.905000E-4	6.637976E+0
2.019999E+1	1.428000E-4	6.671399E+0
2.019498E+1	-2.140000E-5	6.704822E+0
2.018999E+1	-1.155000E-4	6.738112E+0
2.018500E+1	-1.658000E-4	6.771402E+0
2.017999E+1	-3.435000E-4	6.804825E+0
2.017500E+1	-1.928000E-4	6.838116E+0
2.016995E+1	-9.270000E-5	6.871806E+0
2.016500E+1	-3.890000E-5	6.904829E+0
2.015995E+1	-8.130000E-5	6.938519E+0
2.015494E+1	1.295000E-4	6.971942E+0
2.014995E+1	5.910000E-5	7.005232E+0
2.014500E+1	1.281000E-4	7.038255E+0
2.013997E+1	1.570000E-5	7.071812E+0
2.013500E+1	1.176000E-4	7.104969E+0
2.012997E+1	2.330000E-5	7.138525E+0
2.012500E+1	1.110000E-5	7.171682E+0
2.011997E+1	9.800000E-6	7.205239E+0
2.011494E+1	5.500000E-6	7.238796E+0
2.010997E+1	2.900000E-5	7.271952E+0
2.010500E+1	8.700000E-6	7.305109E+0
2.009999E+1	-5.510000E-5	7.338532E+0
2.009500E+1	-2.301000E-4	7.371822E+0
2.008997E+1	-5.680000E-5	7.405379E+0
2.008500E+1	-5.270000E-5	7.438535E+0
2.007997E+1	-1.920000E-5	7.472092E+0
2.007498E+1	-5.990000E-5	7.505382E+0
2.006999E+1	-1.950000E-5	7.538672E+0
2.006496E+1	3.660000E-5	7.572229E+0
2.005997E+1	-4.450000E-5	7.605519E+0
2.005498E+1	9.600000E-5	7.638809E+0
2.004999E+1	6.310000E-5	7.672099E+0
2.004496E+1	1.568000E-4	7.705656E+0
2.003997E+1	8.320000E-5	7.738945E+0
2.003494E+1	1.256000E-4	7.772502E+0
2.002999E+1	-4.610000E-5	7.805525E+0
2.002498E+1	-9.700000E-5	7.838949E+0
2.001995E+1	-1.633000E-4	7.872506E+0
2.001498E+1	-2.085000E-4	7.905662E+0
2.000995E+1	-9.370000E-5	7.939219E+0
2.000499E+1	-1.209000E-4	7.972309E+0
1.999993E+1	-9.620000E-5	8.006065E+0
1.999498E+1	-1.498000E-4	8.039088E+0
1.998999E+1	-8.590000E-5	8.072378E+0
1.998499E+1	2.930000E-5	8.105735E+0
1.997995E+1	1.630000E-5	8.139359E+0
1.997499E+1	7.660000E-5	8.172448E+0
1.996999E+1	4.720000E-5	8.205805E+0
1.996498E+1	-1.960000E-5	8.239228E+0
1.995998E+1	-5.700000E-5	8.272585E+0
1.995498E+1	-2.070000E-4	8.305942E+0
1.994998E+1	3.640000E-5	8.339298E+0
1.994499E+1	-5.910000E-5	8.372588E+0
1.993997E+1	6.870000E-5	8.406078E+0
1.993494E+1	1.260000E-4	8.439635E+0
1.992995E+1	1.450000E-5	8.472925E+0
1.992499E+1	-9.460000E-5	8.506015E+0
1.991998E+1	-3.360000E-5	8.539438E+0
1.991498E+1	-1.648000E-4	8.572795E+0
1.990997E+1	-2.603000E-4	8.606218E+0
1.990498E+1	-3.471000E-4	8.639508E+0
1.989998E+1	-4.269000E-4	8.672865E+0
1.989496E+1	-4.125000E-4	8.706355E+0
1.988998E+1	-4.139000E-4	8.739578E+0
1.988499E+1	-4.823000E-4	8.772868E+0
1.987998E+1	-3.853000E-4	8.806292E+0
1.987499E+1	-4.853000E-4	8.839581E+0
1.986997E+1	-4.364000E-4	8.873072E+0
1.986494E+1	-3.133000E-4	8.906629E+0
1.985998E+1	-3.670000E-4	8.939718E+0
1.985497E+1	-3.284000E-4	8.973142E+0
1.985000E+1	-2.332000E-4	9.006298E+0
1.984499E+1	-1.281000E-4	9.039721E+0
1.984000E+1	-1.050000E-5	9.073011E+0
1.983499E+1	3.044000E-4	9.106435E+0
1.983000E+1	2.863000E-4	9.139725E+0
1.982497E+1	3.152000E-4	9.173282E+0
1.981997E+1	5.819000E-4	9.206638E+0
1.981497E+1	6.659000E-4	9.239995E+0
1.981000E+1	7.205000E-4	9.273151E+0
1.980499E+1	7.252000E-4	9.306575E+0
1.979998E+1	5.896000E-4	9.339998E+0
1.979499E+1	5.501000E-4	9.373288E+0
1.979000E+1	5.114000E-4	9.406578E+0
1.978499E+1	5.811000E-4	9.440001E+0
1.977996E+1	6.424000E-4	9.473558E+0
1.977496E+1	5.875000E-4	9.506915E+0
1.976995E+1	5.457000E-4	9.540339E+0
1.976496E+1	5.313000E-4	9.573628E+0
1.976000E+1	4.126000E-4	9.606718E+0
1.975499E+1	4.133000E-4	9.640141E+0
1.975000E+1	1.748000E-4	9.673431E+0
1.974497E+1	-1.610000E-5	9.706988E+0
1.974000E+1	-6.780000E-5	9.740145E+0
1.973497E+1	-2.255000E-4	9.773702E+0
1.973000E+1	-2.346000E-4	9.806858E+0
1.972495E+1	-1.927000E-4	9.840549E+0
1.971996E+1	-2.069000E-4	9.873838E+0
1.971497E+1	-2.826000E-4	9.907128E+0
1.971000E+1	-2.826000E-4	9.940285E+0
1.970499E+1	-8.600000E-5	9.973708E+0
1.969998E+1	-3.780000E-5	1.000713E+1
1.969499E+1	-8.060000E-5	1.004042E+1
1.969000E+1	-5.020000E-5	1.007371E+1
1.968499E+1	-2.118000E-4	1.010713E+1
1.967995E+1	-3.277000E-4	1.014076E+1
1.967499E+1	-2.460000E-4	1.017385E+1
1.967000E+1	-3.061000E-4	1.020714E+1
1.966497E+1	-2.726000E-4	1.024069E+1
1.966000E+1	-2.129000E-4	1.027385E+1
1.965499E+1	-1.875000E-4	1.030727E+1
1.964998E+1	-5.290000E-5	1.034070E+1
1.964495E+1	-1.634000E-4	1.037426E+1
1.964000E+1	3.400000E-5	1.040728E+1
1.963497E+1	-2.150000E-5	1.044083E+1
1.962998E+1	1.460000E-5	1.047412E+1
1.962494E+1	5.600000E-6	1.050775E+1
1.961996E+1	2.400000E-5	1.054097E+1
1.961499E+1	-2.140000E-5	1.057413E+1
1.960998E+1	-4.960000E-5	1.060755E+1
1.960499E+1	2.740000E-5	1.064084E+1
1.960000E+1	5.160000E-5	1.067413E+1
1.959495E+1	-5.480000E-5	1.070782E+1
1.958996E+1	-5.100000E-5	1.074111E+1
1.958499E+1	-1.270000E-5	1.077427E+1
1.958000E+1	-1.045000E-4	1.080756E+1
1.957493E+1	-3.830000E-5	1.084138E+1
1.956996E+1	6.900000E-6	1.087454E+1
1.956495E+1	-2.790000E-5	1.090796E+1
1.956000E+1	-6.040000E-5	1.094098E+1
1.955497E+1	9.400000E-5	1.097454E+1
1.954996E+1	-2.390000E-5	1.100797E+1
1.954499E+1	-1.412000E-4	1.104112E+1
1.953998E+1	-1.151000E-4	1.107454E+1
1.953493E+1	-8.380000E-5	1.110824E+1
1.952998E+1	-9.360000E-5	1.114126E+1
1.952497E+1	-1.479000E-4	1.117468E+1
1.952000E+1	-1.126000E-4	1.120784E+1
1.951497E+1	-1.073000E-4	1.124139E+1
1.950998E+1	-1.126000E-4	1.127468E+1
1.950499E+1	3.310000E-5	1.130797E+1
1.949996E+1	5.570000E-5	1.134153E+1
1.949495E+1	2.940000E-5	1.137496E+1
1.948998E+1	1.300000E-4	1.140811E+1
1.948499E+1	4.920000E-5	1.144140E+1
1.947999E+1	-9.160000E-5	1.147476E+1
1.947499E+1	-4.310000E-5	1.150811E+1
1.946998E+1	2.100000E-6	1.154154E+1
1.946495E+1	-1.904000E-4	1.157510E+1
1.945998E+1	-1.132000E-4	1.160825E+1
1.945499E+1	1.770000E-5	1.164154E+1
1.944998E+1	-1.516000E-4	1.167496E+1
1.944499E+1	-1.426000E-4	1.170825E+1
1.943996E+1	-2.360000E-5	1.174181E+1
1.943497E+1	-7.600000E-6	1.177510E+1
1.942996E+1	-1.420000E-5	1.180853E+1
1.942493E+1	6.500000E-6	1.184208E+1
1.941996E+1	9.440000E-5	1.187524E+1
1.941499E+1	-1.400000E-6	1.190839E+1
1.940999E+1	1.890000E-4	1.194175E+1
1.940497E+1	3.020000E-5	1.197524E+1
1.939999E+1	-1.409000E-4	1.200846E+1
1.939498E+1	-1.861000E-4	1.204189E+1
1.938994E+1	-1.230000E-4	1.207551E+1
1.938498E+1	-8.700000E-5	1.210860E+1
1.937999E+1	-4.900000E-6	1.214189E+1
1.937498E+1	-8.860000E-5	1.217531E+1
1.936999E+1	1.800000E-5	1.220860E+1
1.936498E+1	7.150000E-5	1.224203E+1
1.935998E+1	5.140000E-5	1.227538E+1
1.935493E+1	8.010000E-5	1.230907E+1
1.934996E+1	1.585000E-4	1.234223E+1
1.934498E+1	2.500000E-6	1.237545E+1
1.933996E+1	7.850000E-5	1.240895E+1
1.933493E+1	4.420000E-5	1.244250E+1
1.932999E+1	-6.290000E-5	1.247546E+1
1.932497E+1	-6.580000E-5	1.250895E+1
1.931996E+1	-7.600000E-5	1.254237E+1
1.931497E+1	1.057000E-4	1.257566E+1
1.930999E+1	8.600000E-5	1.260888E+1
1.930500E+1	1.112000E-4	1.264217E+1
1.929997E+1	-5.160000E-5	1.267573E+1
1.929498E+1	9.600000E-6	1.270902E+1
1.928999E+1	-1.747000E-4	1.274231E+1
1.928495E+1	-9.790000E-5	1.277593E+1
1.927997E+1	-1.361000E-4	1.280916E+1
1.927498E+1	-2.393000E-4	1.284245E+1
1.926999E+1	-1.137000E-4	1.287574E+1
1.926498E+1	-1.694000E-4	1.290916E+1
1.925999E+1	-2.480000E-4	1.294245E+1
1.925496E+1	-1.220000E-4	1.297601E+1
1.924999E+1	-1.683000E-4	1.300916E+1
1.924495E+1	-2.240000E-5	1.304279E+1
1.923999E+1	4.670000E-5	1.307588E+1
1.923495E+1	1.200000E-5	1.310950E+1
1.922996E+1	2.540000E-5	1.314279E+1
1.922495E+1	8.210000E-5	1.317621E+1
1.921999E+1	4.430000E-5	1.320930E+1
1.921496E+1	-7.000000E-7	1.324286E+1
1.920996E+1	2.760000E-5	1.327622E+1
1.920496E+1	-7.300000E-6	1.330957E+1
1.919997E+1	-6.200000E-5	1.334286E+1
1.919498E+1	1.040000E-5	1.337615E+1
1.918994E+1	-4.390000E-5	1.340978E+1
1.918496E+1	-7.300000E-5	1.344300E+1
1.917999E+1	-7.600000E-5	1.347616E+1
1.917500E+1	-1.200000E-5	1.350945E+1
1.916994E+1	-1.605000E-4	1.354320E+1
1.916500E+1	-2.786000E-4	1.357616E+1
1.915997E+1	-2.333000E-4	1.360972E+1
1.915500E+1	-1.561000E-4	1.364287E+1
1.914997E+1	-1.491000E-4	1.367643E+1
1.914500E+1	-1.983000E-4	1.370959E+1
1.913995E+1	8.950000E-5	1.374328E+1
1.913496E+1	2.390000E-5	1.377657E+1
