6.949992E+1	1.016200E-3	3.600000E-5	0.000000E+0	-6.949992E+1
6.924992E+1	1.018500E-3	1.730000E-5	1.667833E+0	-6.924992E+1
6.899992E+1	9.433000E-4	-1.840000E-5	3.335666E+0	-6.899992E+1
6.874992E+1	6.516000E-4	-1.250000E-5	5.003499E+0	-6.874992E+1
6.849992E+1	3.768000E-4	-1.670000E-5	6.671332E+0	-6.849992E+1
6.824992E+1	3.329000E-4	-2.130000E-5	8.339165E+0	-6.824992E+1
6.799992E+1	3.583000E-4	3.400000E-6	1.000700E+1	-6.799992E+1
6.774992E+1	3.848000E-4	-1.920000E-5	1.167483E+1	-6.774992E+1
6.749992E+1	3.477000E-4	-2.900000E-6	1.334266E+1	-6.749992E+1
6.724992E+1	3.624000E-4	-4.000000E-7	1.501050E+1	-6.724992E+1
6.699992E+1	3.987000E-4	-2.800000E-6	1.667833E+1	-6.699992E+1
6.674992E+1	3.781000E-4	-1.950000E-5	1.834616E+1	-6.674992E+1
6.649992E+1	4.107000E-4	-2.190000E-5	2.001400E+1	-6.649992E+1
6.624992E+1	4.111000E-4	-2.110000E-5	2.168183E+1	-6.624992E+1
6.599992E+1	4.050000E-4	7.000000E-6	2.334966E+1	-6.599992E+1
6.574992E+1	3.818000E-4	6.400000E-6	2.501750E+1	-6.574992E+1
6.549992E+1	4.002000E-4	4.900000E-6	2.668533E+1	-6.549992E+1
6.524992E+1	4.207000E-4	2.100000E-5	2.835316E+1	-6.524992E+1
6.499992E+1	4.234000E-4	2.540000E-5	3.002099E+1	-6.499992E+1
6.474992E+1	4.216000E-4	2.050000E-5	3.168883E+1	-6.474992E+1
6.449992E+1	4.417000E-4	2.690000E-5	3.335666E+1	-6.449992E+1
6.424992E+1	4.456000E-4	-1.390000E-5	3.502449E+1	-6.424992E+1
6.399992E+1	4.444000E-4	-2.090000E-5	3.669233E+1	-6.399992E+1
6.374992E+1	4.609000E-4	2.500000E-5	3.836016E+1	-6.374992E+1
6.349992E+1	4.626000E-4	1.020000E-5	4.002799E+1	-6.349992E+1
6.324992E+1	4.753000E-4	1.090000E-5	4.169583E+1	-6.324992E+1
6.299992E+1	4.811000E-4	2.490000E-5	4.336366E+1	-6.299992E+1
6.274992E+1	4.663000E-4	-1.120000E-5	4.503149E+1	-6.274992E+1
6.249992E+1	4.973000E-4	-1.860000E-5	4.669933E+1	-6.249992E+1
6.224992E+1	4.831000E-4	-9.900000E-6	4.836716E+1	-6.224992E+1
6.199992E+1	5.089000E-4	3.800000E-6	5.003499E+1	-6.199992E+1
6.174992E+1	5.193000E-4	1.050000E-5	5.170282E+1	-6.174992E+1
6.149992E+1	4.778000E-4	-2.310000E-5	5.337066E+1	-6.149992E+1
6.124992E+1	5.105000E-4	-6.100000E-6	5.503849E+1	-6.124992E+1
6.099992E+1	5.037000E-4	1.000000E-6	5.670632E+1	-6.099992E+1
6.074992E+1	4.793000E-4	-7.300000E-6	5.837416E+1	-6.074992E+1
6.049992E+1	5.053000E-4	-2.200000E-6	6.004199E+1	-6.049992E+1
6.024992E+1	5.010000E-4	-5.300000E-6	6.170982E+1	-6.024992E+1
5.999992E+1	5.143000E-4	1.300000E-5	6.337766E+1	-5.999992E+1
5.974992E+1	5.180000E-4	1.580000E-5	6.504549E+1	-5.974992E+1
5.949992E+1	5.019000E-4	2.490000E-5	6.671332E+1	-5.949992E+1
5.924992E+1	5.129000E-4	5.700000E-6	6.838116E+1	-5.924992E+1
5.899992E+1	5.287000E-4	2.030000E-5	7.004899E+1	-5.899992E+1
5.874992E+1	4.923000E-4	2.000000E-7	7.171682E+1	-5.874992E+1
5.849992E+1	5.179000E-4	1.050000E-5	7.338465E+1	-5.849992E+1
5.824992E+1	5.446000E-4	1.890000E-5	7.505249E+1	-5.824992E+1
5.799992E+1	5.185000E-4	1.700000E-5	7.672032E+1	-5.799992E+1
5.774992E+1	5.508000E-4	-8.600000E-6	7.838815E+1	-5.774992E+1
5.749992E+1	5.325000E-4	-3.870000E-5	8.005598E+1	-5.749992E+1
5.724992E+1	5.370000E-4	1.270000E-5	8.172382E+1	-5.724992E+1
5.699992E+1	5.497000E-4	-1.380000E-5	8.339165E+1	-5.699992E+1
5.674992E+1	5.471000E-4	1.990000E-5	8.505949E+1	-5.674992E+1
5.649992E+1	5.351000E-4	3.080000E-5	8.672732E+1	-5.649992E+1
5.624992E+1	5.495000E-4	1.870000E-5	8.839515E+1	-5.624992E+1
5.599992E+1	5.572000E-4	1.280000E-5	9.006298E+1	-5.599992E+1
5.574992E+1	5.560000E-4	4.500000E-6	9.173082E+1	-5.574992E+1
5.549992E+1	5.525000E-4	1.920000E-5	9.339865E+1	-5.549992E+1
5.524992E+1	5.653000E-4	1.020000E-5	9.506648E+1	-5.524992E+1
5.499992E+1	5.697000E-4	-7.700000E-6	9.673431E+1	-5.499992E+1
5.474992E+1	5.804000E-4	-1.940000E-5	9.840215E+1	-5.474992E+1
5.449992E+1	6.007000E-4	4.400000E-6	1.000700E+2	-5.449992E+1
5.424992E+1	5.528000E-4	-3.070000E-5	1.017378E+2	-5.424992E+1
5.399992E+1	5.872000E-4	-1.020000E-5	1.034056E+2	-5.399992E+1
5.374992E+1	5.784000E-4	-3.270000E-5	1.050735E+2	-5.374992E+1
5.349992E+1	5.760000E-4	-1.150000E-5	1.067413E+2	-5.349992E+1
5.324992E+1	5.900000E-4	6.200000E-6	1.084091E+2	-5.324992E+1
5.299992E+1	6.021000E-4	2.520000E-5	1.100770E+2	-5.299992E+1
5.274992E+1	6.137000E-4	4.500000E-6	1.117448E+2	-5.274992E+1
5.249992E+1	5.901000E-4	-2.440000E-5	1.134126E+2	-5.249992E+1
5.224992E+1	5.822000E-4	2.060000E-5	1.150805E+2	-5.224992E+1
5.199992E+1	5.693000E-4	-1.540000E-5	1.167483E+2	-5.199992E+1
5.174992E+1	5.837000E-4	1.090000E-5	1.184161E+2	-5.174992E+1
5.149992E+1	6.098000E-4	-8.000000E-7	1.200840E+2	-5.149992E+1
5.124992E+1	5.943000E-4	-1.600000E-6	1.217518E+2	-5.124992E+1
5.099992E+1	6.050000E-4	1.400000E-6	1.234196E+2	-5.099992E+1
5.074992E+1	5.885000E-4	1.900000E-6	1.250875E+2	-5.074992E+1
5.049992E+1	6.036000E-4	1.170000E-5	1.267553E+2	-5.049992E+1
5.024992E+1	5.944000E-4	3.050000E-5	1.284231E+2	-5.024992E+1
4.999992E+1	6.247000E-4	1.650000E-5	1.300910E+2	-4.999992E+1
4.974992E+1	5.763000E-4	1.220000E-5	1.317588E+2	-4.974992E+1
4.949992E+1	6.149000E-4	1.350000E-5	1.334266E+2	-4.949992E+1
4.924992E+1	6.140000E-4	9.700000E-6	1.350945E+2	-4.924992E+1
4.899992E+1	6.043000E-4	1.830000E-5	1.367623E+2	-4.899992E+1
4.874992E+1	5.962000E-4	2.470000E-5	1.384301E+2	-4.874992E+1
4.849992E+1	6.117000E-4	-1.510000E-5	1.400980E+2	-4.849992E+1
4.824992E+1	6.507000E-4	-5.500000E-6	1.417658E+2	-4.824992E+1
4.799992E+1	6.365000E-4	-3.700000E-6	1.434336E+2	-4.799992E+1
4.774992E+1	6.025000E-4	-9.600000E-6	1.451015E+2	-4.774992E+1
4.749992E+1	6.111000E-4	2.490000E-5	1.467693E+2	-4.749992E+1
4.724992E+1	6.127000E-4	5.500000E-6	1.484371E+2	-4.724992E+1
4.699992E+1	6.210000E-4	9.800000E-6	1.501050E+2	-4.699992E+1
4.674992E+1	6.379000E-4	6.800000E-6	1.517728E+2	-4.674992E+1
4.649992E+1	6.138000E-4	-2.180000E-5	1.534406E+2	-4.649992E+1
4.624992E+1	6.170000E-4	7.800000E-6	1.551085E+2	-4.624992E+1
4.599992E+1	6.244000E-4	-4.100000E-6	1.567763E+2	-4.599992E+1
4.574992E+1	6.140000E-4	-1.200000E-5	1.584441E+2	-4.574992E+1
4.549992E+1	6.446000E-4	-4.000000E-7	1.601120E+2	-4.549992E+1
4.524992E+1	6.240000E-4	-1.710000E-5	1.617798E+2	-4.524992E+1
4.499992E+1	6.512000E-4	-2.750000E-5	1.634476E+2	-4.499992E+1
4.474992E+1	6.109000E-4	1.370000E-5	1.651155E+2	-4.474992E+1
4.449992E+1	6.431000E-4	4.300000E-6	1.667833E+2	-4.449992E+1
4.424992E+1	6.122000E-4	1.720000E-5	1.684511E+2	-4.424992E+1
4.399992E+1	5.993000E-4	-1.500000E-6	1.701190E+2	-4.399992E+1
4.374992E+1	6.375000E-4	1.070000E-5	1.717868E+2	-4.374992E+1
4.349992E+1	6.677000E-4	4.400000E-6	1.734546E+2	-4.349992E+1
4.324992E+1	6.315000E-4	1.610000E-5	1.751225E+2	-4.324992E+1
4.299992E+1	6.361000E-4	-5.300000E-6	1.767903E+2	-4.299992E+1
4.274992E+1	6.523000E-4	1.960000E-5	1.784581E+2	-4.274992E+1
4.249992E+1	6.607000E-4	4.900000E-6	1.801260E+2	-4.249992E+1
4.224992E+1	6.359000E-4	1.000000E-6	1.817938E+2	-4.224992E+1
4.199992E+1	6.326000E-4	2.370000E-5	1.834616E+2	-4.199992E+1
4.174992E+1	6.346000E-4	2.530000E-5	1.851295E+2	-4.174992E+1
4.149992E+1	6.459000E-4	-4.800000E-6	1.867973E+2	-4.149992E+1
4.124992E+1	6.791000E-4	9.900000E-6	1.884651E+2	-4.124992E+1
4.099992E+1	6.669000E-4	-5.000000E-6	1.901330E+2	-4.099992E+1
4.074992E+1	6.556000E-4	-9.100000E-6	1.918008E+2	-4.074992E+1
4.049992E+1	6.700000E-4	-6.400000E-6	1.934686E+2	-4.049992E+1
4.024992E+1	6.843000E-4	1.310000E-5	1.951365E+2	-4.024992E+1
3.999992E+1	6.829000E-4	2.060000E-5	1.968043E+2	-3.999992E+1
3.974992E+1	6.516000E-4	-3.200000E-6	1.984721E+2	-3.974992E+1
3.949992E+1	6.639000E-4	-3.600000E-6	2.001400E+2	-3.949992E+1
3.924992E+1	6.487000E-4	2.200000E-6	2.018078E+2	-3.924992E+1
3.899992E+1	6.493000E-4	1.760000E-5	2.034756E+2	-3.899992E+1
3.874992E+1	6.615000E-4	1.810000E-5	2.051435E+2	-3.874992E+1
3.849992E+1	6.603000E-4	2.000000E-6	2.068113E+2	-3.849992E+1
3.824992E+1	6.840000E-4	2.680000E-5	2.084791E+2	-3.824992E+1
3.799992E+1	6.770000E-4	-8.000000E-6	2.101470E+2	-3.799992E+1
3.774992E+1	6.615000E-4	1.950000E-5	2.118148E+2	-3.774992E+1
3.749992E+1	6.676000E-4	1.300000E-6	2.134826E+2	-3.749992E+1
3.724992E+1	6.779000E-4	-6.900000E-6	2.151505E+2	-3.724992E+1
3.699992E+1	6.561000E-4	-1.460000E-5	2.168183E+2	-3.699992E+1
3.674992E+1	6.661000E-4	1.260000E-5	2.184861E+2	-3.674992E+1
3.649992E+1	6.739000E-4	1.800000E-6	2.201540E+2	-3.649992E+1
3.624992E+1	6.969000E-4	-1.280000E-5	2.218218E+2	-3.624992E+1
3.599992E+1	6.669000E-4	-2.000000E-6	2.234896E+2	-3.599992E+1
3.574992E+1	6.788000E-4	-1.440000E-5	2.251575E+2	-3.574992E+1
3.549992E+1	6.807000E-4	-8.600000E-6	2.268253E+2	-3.549992E+1
3.524992E+1	6.452000E-4	1.310000E-5	2.284931E+2	-3.524992E+1
3.499992E+1	6.744000E-4	2.340000E-5	2.301610E+2	-3.499992E+1
3.474992E+1	6.625000E-4	7.100000E-6	2.318288E+2	-3.474992E+1
3.449992E+1	6.875000E-4	-2.050000E-5	2.334966E+2	-3.449992E+1
3.424992E+1	6.678000E-4	-1.400000E-6	2.351645E+2	-3.424992E+1
3.399992E+1	6.815000E-4	-1.930000E-5	2.368323E+2	-3.399992E+1
3.374992E+1	6.944000E-4	-2.140000E-5	2.385001E+2	-3.374992E+1
3.349992E+1	6.898000E-4	1.200000E-6	2.401680E+2	-3.349992E+1
3.324992E+1	6.913000E-4	6.700000E-6	2.418358E+2	-3.324992E+1
3.299992E+1	6.911000E-4	-1.880000E-5	2.435036E+2	-3.299992E+1
3.274992E+1	6.714000E-4	3.800000E-6	2.451715E+2	-3.274992E+1
3.249992E+1	7.117000E-4	-7.300000E-6	2.468393E+2	-3.249992E+1
3.224992E+1	6.991000E-4	7.900000E-6	2.485071E+2	-3.224992E+1
3.199992E+1	7.105000E-4	3.500000E-6	2.501750E+2	-3.199992E+1
3.174992E+1	6.679000E-4	-1.000000E-6	2.518428E+2	-3.174992E+1
3.149992E+1	6.874000E-4	1.980000E-5	2.535106E+2	-3.149992E+1
3.124992E+1	7.174000E-4	1.920000E-5	2.551785E+2	-3.124992E+1
3.099992E+1	7.170000E-4	1.010000E-5	2.568463E+2	-3.099992E+1
3.074992E+1	6.938000E-4	1.810000E-5	2.585141E+2	-3.074992E+1
3.049992E+1	7.258000E-4	8.000000E-7	2.601819E+2	-3.049992E+1
3.024992E+1	6.698000E-4	1.370000E-5	2.618498E+2	-3.024992E+1
2.999992E+1	6.854000E-4	-1.900000E-6	2.635176E+2	-2.999992E+1
2.974992E+1	7.064000E-4	-6.500000E-6	2.651855E+2	-2.974992E+1
2.949992E+1	6.986000E-4	3.520000E-5	2.668533E+2	-2.949992E+1
2.924992E+1	7.050000E-4	3.000000E-7	2.685211E+2	-2.924992E+1
2.899992E+1	6.819000E-4	1.720000E-5	2.701890E+2	-2.899992E+1
2.874992E+1	7.191000E-4	2.520000E-5	2.718568E+2	-2.874992E+1
2.849992E+1	7.361000E-4	-2.000000E-7	2.735246E+2	-2.849992E+1
2.824992E+1	6.872000E-4	-5.700000E-6	2.751924E+2	-2.824992E+1
2.799992E+1	6.784000E-4	-3.500000E-6	2.768603E+2	-2.799992E+1
2.774992E+1	6.710000E-4	-3.300000E-6	2.785281E+2	-2.774992E+1
2.749992E+1	6.970000E-4	-8.600000E-6	2.801960E+2	-2.749992E+1
2.724992E+1	7.121000E-4	-1.420000E-5	2.818638E+2	-2.724992E+1
2.699992E+1	7.154000E-4	2.100000E-6	2.835316E+2	-2.699992E+1
2.674992E+1	6.959000E-4	1.100000E-5	2.851995E+2	-2.674992E+1
2.649992E+1	7.358000E-4	1.360000E-5	2.868673E+2	-2.649992E+1
2.624992E+1	7.197000E-4	-1.540000E-5	2.885351E+2	-2.624992E+1
2.599992E+1	7.078000E-4	-9.200000E-6	2.902029E+2	-2.599992E+1
2.574992E+1	6.908000E-4	-2.000000E-5	2.918708E+2	-2.574992E+1
2.549992E+1	6.653000E-4	-1.210000E-5	2.935386E+2	-2.549992E+1
2.524992E+1	7.240000E-4	1.900000E-5	2.952065E+2	-2.524992E+1
2.499992E+1	7.105000E-4	4.800000E-6	2.968743E+2	-2.499992E+1
2.474992E+1	6.859000E-4	1.430000E-5	2.985421E+2	-2.474992E+1
2.449992E+1	6.777000E-4	2.000000E-6	3.002100E+2	-2.449992E+1
2.424992E+1	7.185000E-4	-6.800000E-6	3.018778E+2	-2.424992E+1
2.399992E+1	6.936000E-4	6.000000E-7	3.035456E+2	-2.399992E+1
2.374992E+1	6.753000E-4	-1.400000E-6	3.052134E+2	-2.374992E+1
2.349992E+1	7.119000E-4	2.300000E-5	3.068813E+2	-2.349992E+1
2.324992E+1	7.000000E-4	7.400000E-6	3.085491E+2	-2.324992E+1
2.299992E+1	6.985000E-4	-7.700000E-6	3.102169E+2	-2.299992E+1
2.274992E+1	7.032000E-4	-1.520000E-5	3.118848E+2	-2.274992E+1
2.249992E+1	6.896000E-4	2.600000E-6	3.135526E+2	-2.249992E+1
2.224992E+1	7.132000E-4	-2.390000E-5	3.152205E+2	-2.224992E+1
2.199992E+1	7.362000E-4	3.700000E-6	3.168883E+2	-2.199992E+1
2.174992E+1	7.320000E-4	-1.030000E-5	3.185561E+2	-2.174992E+1
2.149992E+1	7.231000E-4	-3.740000E-5	3.202239E+2	-2.149992E+1
2.124992E+1	7.177000E-4	-5.000000E-6	3.218918E+2	-2.124992E+1
2.099992E+1	7.300000E-4	3.300000E-6	3.235596E+2	-2.099992E+1
2.074992E+1	7.325000E-4	1.730000E-5	3.252274E+2	-2.074992E+1
2.049992E+1	7.245000E-4	-8.470330E-23	3.268953E+2	-2.049992E+1
2.024992E+1	6.906000E-4	8.800000E-6	3.285631E+2	-2.024992E+1
1.999992E+1	7.539000E-4	1.060000E-5	3.302309E+2	-1.999992E+1
1.974992E+1	7.220000E-4	1.670000E-5	3.318988E+2	-1.974992E+1
1.949992E+1	6.932000E-4	6.500000E-6	3.335666E+2	-1.949992E+1
1.924992E+1	6.971000E-4	-4.400000E-6	3.352344E+2	-1.924992E+1
1.899992E+1	7.188000E-4	1.390000E-5	3.369023E+2	-1.899992E+1
1.874992E+1	7.383000E-4	-1.450000E-5	3.385701E+2	-1.874992E+1
1.849992E+1	7.585000E-4	-1.670000E-5	3.402379E+2	-1.849992E+1
1.824992E+1	7.484000E-4	-1.280000E-5	3.419058E+2	-1.824992E+1
1.799992E+1	7.285000E-4	3.890000E-5	3.435736E+2	-1.799992E+1
1.774992E+1	7.339000E-4	-6.900000E-6	3.452414E+2	-1.774992E+1
1.749992E+1	7.599000E-4	-8.400000E-6	3.469093E+2	-1.749992E+1
1.724992E+1	7.533000E-4	1.800000E-5	3.485771E+2	-1.724992E+1
1.699992E+1	7.513000E-4	-1.800000E-6	3.502449E+2	-1.699992E+1
1.674992E+1	7.349000E-4	2.800000E-6	3.519128E+2	-1.674992E+1
1.649992E+1	7.291000E-4	3.050000E-5	3.535806E+2	-1.649992E+1
1.624992E+1	7.309000E-4	-1.200000E-6	3.552484E+2	-1.624992E+1
1.599992E+1	7.437000E-4	9.000000E-7	3.569163E+2	-1.599992E+1
1.574992E+1	7.558000E-4	9.100000E-6	3.585841E+2	-1.574992E+1
1.549992E+1	7.430000E-4	-2.130000E-5	3.602519E+2	-1.549992E+1
1.524992E+1	7.364000E-4	-9.300000E-6	3.619198E+2	-1.524992E+1
1.499992E+1	7.467000E-4	2.020000E-5	3.635876E+2	-1.499992E+1
1.474992E+1	7.012000E-4	2.980000E-5	3.652554E+2	-1.474992E+1
1.449992E+1	7.094000E-4	2.800000E-6	3.669233E+2	-1.449992E+1
1.424992E+1	7.391000E-4	4.200000E-6	3.685911E+2	-1.424992E+1
1.399992E+1	7.482000E-4	1.390000E-5	3.702589E+2	-1.399992E+1
1.374992E+1	7.612000E-4	-9.700000E-6	3.719268E+2	-1.374992E+1
1.349992E+1	7.693000E-4	2.117582E-23	3.735946E+2	-1.349992E+1
1.324992E+1	7.191000E-4	1.300000E-6	3.752624E+2	-1.324992E+1
1.299992E+1	7.369000E-4	2.200000E-6	3.769303E+2	-1.299992E+1
1.274992E+1	7.301000E-4	2.200000E-6	3.785981E+2	-1.274992E+1
1.249992E+1	7.401000E-4	-4.800000E-6	3.802659E+2	-1.249992E+1
1.224992E+1	7.338000E-4	-2.800000E-6	3.819338E+2	-1.224992E+1
1.199992E+1	7.282000E-4	8.700000E-6	3.836016E+2	-1.199992E+1
1.174992E+1	7.004000E-4	5.000000E-6	3.852694E+2	-1.174992E+1
1.149992E+1	7.330000E-4	6.200000E-6	3.869373E+2	-1.149992E+1
1.124992E+1	7.206000E-4	2.180000E-5	3.886051E+2	-1.124992E+1
1.099992E+1	7.354000E-4	-3.900000E-6	3.902729E+2	-1.099992E+1
1.074992E+1	7.611000E-4	1.890000E-5	3.919408E+2	-1.074992E+1
1.049992E+1	7.611000E-4	3.360000E-5	3.936086E+2	-1.049992E+1
1.024992E+1	7.485000E-4	3.400000E-5	3.952764E+2	-1.024992E+1
9.999920E+0	7.275000E-4	3.230000E-5	3.969443E+2	-9.999920E+0
9.749920E+0	7.490000E-4	1.130000E-5	3.986121E+2	-9.749920E+0
9.499920E+0	7.456000E-4	7.900000E-6	4.002799E+2	-9.499920E+0
9.249920E+0	7.491000E-4	1.110000E-5	4.019478E+2	-9.249920E+0
8.999920E+0	7.378000E-4	-5.600000E-6	4.036156E+2	-8.999920E+0
8.749920E+0	7.525000E-4	-2.130000E-5	4.052834E+2	-8.749920E+0
8.499920E+0	7.427000E-4	5.700000E-6	4.069513E+2	-8.499920E+0
8.249920E+0	7.267000E-4	-1.810000E-5	4.086191E+2	-8.249920E+0
7.999920E+0	7.428000E-4	1.490000E-5	4.102869E+2	-7.999920E+0
7.749920E+0	7.339000E-4	-9.400000E-6	4.119548E+2	-7.749920E+0
7.499920E+0	7.063000E-4	-2.110000E-5	4.136226E+2	-7.499920E+0
7.249920E+0	7.411000E-4	1.500000E-6	4.152904E+2	-7.249920E+0
6.999920E+0	7.295000E-4	5.700000E-6	4.169583E+2	-6.999920E+0
6.749920E+0	7.426000E-4	-1.270000E-5	4.186261E+2	-6.749920E+0
6.499920E+0	7.365000E-4	2.800000E-6	4.202939E+2	-6.499920E+0
6.249920E+0	7.264000E-4	1.820000E-5	4.219618E+2	-6.249920E+0
5.999920E+0	7.579000E-4	1.140000E-5	4.236296E+2	-5.999920E+0
5.749920E+0	7.521000E-4	1.330000E-5	4.252974E+2	-5.749920E+0
5.499920E+0	7.469000E-4	1.080000E-5	4.269653E+2	-5.499920E+0
5.249920E+0	7.897000E-4	-2.680000E-5	4.286331E+2	-5.249920E+0
4.999920E+0	7.453000E-4	-6.600000E-6	4.303009E+2	-4.999920E+0
4.749920E+0	7.346000E-4	1.140000E-5	4.319687E+2	-4.749920E+0
4.499920E+0	7.451000E-4	2.010000E-5	4.336366E+2	-4.499920E+0
4.249920E+0	7.723000E-4	2.590000E-5	4.353044E+2	-4.249920E+0
3.999920E+0	7.653000E-4	2.250000E-5	4.369723E+2	-3.999920E+0
3.749920E+0	7.419000E-4	3.040000E-5	4.386401E+2	-3.749920E+0
3.499920E+0	7.695000E-4	3.400000E-6	4.403079E+2	-3.499920E+0
3.249920E+0	7.485000E-4	1.610000E-5	4.419758E+2	-3.249920E+0
2.999920E+0	7.433000E-4	-8.600000E-6	4.436436E+2	-2.999920E+0
2.749920E+0	7.677000E-4	-2.810000E-5	4.453114E+2	-2.749920E+0
2.499920E+0	7.845000E-4	-1.730000E-5	4.469792E+2	-2.499920E+0
2.249920E+0	7.713000E-4	-4.100000E-6	4.486471E+2	-2.249920E+0
1.999920E+0	7.537000E-4	8.400000E-6	4.503149E+2	-1.999920E+0
1.749920E+0	7.399000E-4	-6.100000E-6	4.519828E+2	-1.749920E+0
1.499920E+0	7.867000E-4	1.360000E-5	4.536506E+2	-1.499920E+0
1.249920E+0	7.537000E-4	1.300000E-5	4.553184E+2	-1.249920E+0
9.999200E-1	7.576000E-4	2.010000E-5	4.569863E+2	-9.999200E-1
7.499200E-1	7.725000E-4	-1.000000E-5	4.586541E+2	-7.499200E-1
4.999200E-1	7.626000E-4	2.000000E-7	4.603219E+2	-4.999200E-1
2.499200E-1	7.600000E-4	-3.400000E-6	4.619897E+2	-2.499200E-1
-8.000000E-5	7.584000E-4	1.230000E-5	4.636576E+2	8.000000E-5
-2.500800E-1	7.596000E-4	-4.050000E-5	4.653254E+2	2.500800E-1
-5.000800E-1	7.668000E-4	-4.900000E-6	4.669933E+2	5.000800E-1
-7.500800E-1	7.399000E-4	3.500000E-6	4.686611E+2	7.500800E-1
-1.000080E+0	8.012000E-4	-2.600000E-5	4.703289E+2	1.000080E+0
-1.250080E+0	7.664000E-4	-2.770000E-5	4.719967E+2	1.250080E+0
-1.500080E+0	7.585000E-4	-6.700000E-6	4.736646E+2	1.500080E+0
-1.750080E+0	7.495000E-4	-6.100000E-6	4.753324E+2	1.750080E+0
-2.000080E+0	7.539000E-4	-7.800000E-6	4.770002E+2	2.000080E+0
-2.250080E+0	7.700000E-4	-2.400000E-6	4.786681E+2	2.250080E+0
-2.500080E+0	7.534000E-4	8.100000E-6	4.803359E+2	2.500080E+0
-2.750080E+0	7.840000E-4	-1.240000E-5	4.820038E+2	2.750080E+0
-3.000080E+0	7.614000E-4	7.600000E-6	4.836716E+2	3.000080E+0
-3.250080E+0	7.477000E-4	2.900000E-6	4.853394E+2	3.250080E+0
-3.500080E+0	7.650000E-4	9.100000E-6	4.870072E+2	3.500080E+0
-3.750080E+0	7.694000E-4	-3.450000E-5	4.886751E+2	3.750080E+0
-4.000080E+0	7.789000E-4	-1.300000E-5	4.903429E+2	4.000080E+0
-4.250080E+0	7.413000E-4	-7.900000E-6	4.920107E+2	4.250080E+0
-4.500080E+0	7.543000E-4	-1.730000E-5	4.936786E+2	4.500080E+0
-4.750080E+0	7.588000E-4	2.200000E-6	4.953464E+2	4.750080E+0
-5.000080E+0	7.612000E-4	6.000000E-6	4.970143E+2	5.000080E+0
-5.250080E+0	7.816000E-4	-1.440000E-5	4.986821E+2	5.250080E+0
-5.500080E+0	7.657000E-4	9.600000E-6	5.003499E+2	5.500080E+0
-5.750080E+0	7.939000E-4	-8.100000E-6	5.020177E+2	5.750080E+0
-6.000080E+0	7.903000E-4	2.950000E-5	5.036856E+2	6.000080E+0
-6.250080E+0	7.790000E-4	-4.000000E-7	5.053534E+2	6.250080E+0
-6.500080E+0	7.856000E-4	1.000000E-6	5.070212E+2	6.500080E+0
-6.750080E+0	7.604000E-4	2.680000E-5	5.086891E+2	6.750080E+0
-7.000080E+0	7.728000E-4	-8.100000E-6	5.103569E+2	7.000080E+0
-7.250080E+0	7.702000E-4	-1.800000E-6	5.120247E+2	7.250080E+0
-7.500080E+0	7.773000E-4	-7.000000E-7	5.136926E+2	7.500080E+0
-7.750080E+0	7.484000E-4	7.000000E-6	5.153604E+2	7.750080E+0
-8.000080E+0	7.562000E-4	1.580000E-5	5.170283E+2	8.000080E+0
-8.250080E+0	7.775000E-4	1.010000E-5	5.186960E+2	8.250080E+0
-8.500080E+0	7.948000E-4	2.220000E-5	5.203639E+2	8.500080E+0
-8.750080E+0	7.692000E-4	-4.400000E-6	5.220317E+2	8.750080E+0
-9.000080E+0	7.863000E-4	6.000000E-6	5.236996E+2	9.000080E+0
-9.250080E+0	7.540000E-4	5.500000E-6	5.253674E+2	9.250080E+0
-9.500080E+0	8.091000E-4	-2.800000E-6	5.270352E+2	9.500080E+0
-9.750080E+0	8.126000E-4	-2.050000E-5	5.287031E+2	9.750080E+0
-1.000008E+1	7.842000E-4	-8.300000E-6	5.303709E+2	1.000008E+1
-1.025008E+1	7.842000E-4	3.890000E-5	5.320388E+2	1.025008E+1
-1.050008E+1	7.793000E-4	9.200000E-6	5.337065E+2	1.050008E+1
-1.075008E+1	7.955000E-4	1.490000E-5	5.353744E+2	1.075008E+1
-1.100008E+1	7.838000E-4	-1.270000E-5	5.370422E+2	1.100008E+1
-1.125008E+1	7.923000E-4	4.000000E-6	5.387101E+2	1.125008E+1
-1.150008E+1	7.997000E-4	-3.900000E-6	5.403779E+2	1.150008E+1
-1.175008E+1	8.072000E-4	-3.410000E-5	5.420457E+2	1.175008E+1
-1.200008E+1	8.055000E-4	-8.100000E-6	5.437136E+2	1.200008E+1
-1.225008E+1	8.070000E-4	6.100000E-6	5.453814E+2	1.225008E+1
-1.250008E+1	7.970000E-4	3.230000E-5	5.470493E+2	1.250008E+1
-1.275008E+1	7.999000E-4	-7.300000E-6	5.487170E+2	1.275008E+1
-1.300008E+1	7.851000E-4	-6.700000E-6	5.503849E+2	1.300008E+1
-1.325008E+1	8.088000E-4	9.300000E-6	5.520527E+2	1.325008E+1
-1.350008E+1	8.040000E-4	7.000000E-7	5.537206E+2	1.350008E+1
-1.375008E+1	8.024000E-4	1.650000E-5	5.553884E+2	1.375008E+1
-1.400008E+1	7.945000E-4	-6.200000E-6	5.570562E+2	1.400008E+1
-1.425008E+1	8.018000E-4	9.200000E-6	5.587241E+2	1.425008E+1
-1.450008E+1	8.352000E-4	2.600000E-6	5.603919E+2	1.450008E+1
-1.475008E+1	7.954000E-4	6.800000E-6	5.620598E+2	1.475008E+1
-1.500008E+1	7.438000E-4	-2.290000E-5	5.637275E+2	1.500008E+1
-1.525008E+1	7.868000E-4	3.800000E-6	5.653954E+2	1.525008E+1
-1.550008E+1	7.738000E-4	-8.100000E-6	5.670632E+2	1.550008E+1
-1.575008E+1	7.547000E-4	-2.300000E-5	5.687311E+2	1.575008E+1
-1.600008E+1	7.531000E-4	9.900000E-6	5.703989E+2	1.600008E+1
-1.625008E+1	7.745000E-4	2.560000E-5	5.720667E+2	1.625008E+1
-1.650008E+1	7.879000E-4	6.900000E-6	5.737346E+2	1.650008E+1
-1.675008E+1	7.872000E-4	9.100000E-6	5.754024E+2	1.675008E+1
-1.700008E+1	7.906000E-4	1.750000E-5	5.770703E+2	1.700008E+1
-1.725008E+1	7.970000E-4	1.520000E-5	5.787380E+2	1.725008E+1
-1.750008E+1	8.308000E-4	3.780000E-5	5.804059E+2	1.750008E+1
-1.775008E+1	8.011000E-4	5.000000E-7	5.820737E+2	1.775008E+1
-1.800008E+1	7.916000E-4	1.450000E-5	5.837416E+2	1.800008E+1
-1.825008E+1	8.027000E-4	-5.600000E-6	5.854094E+2	1.825008E+1
-1.850008E+1	7.944000E-4	6.400000E-6	5.870772E+2	1.850008E+1
-1.875008E+1	7.968000E-4	1.870000E-5	5.887451E+2	1.875008E+1
-1.900008E+1	8.074000E-4	-4.900000E-6	5.904129E+2	1.900008E+1
-1.925008E+1	8.258000E-4	-1.000000E-7	5.920807E+2	1.925008E+1
-1.950008E+1	8.068000E-4	-2.500000E-6	5.937485E+2	1.950008E+1
-1.975008E+1	7.672000E-4	1.100000E-6	5.954164E+2	1.975008E+1
-2.000008E+1	7.951000E-4	2.880000E-5	5.970842E+2	2.000008E+1
-2.025008E+1	8.166000E-4	2.460000E-5	5.987521E+2	2.025008E+1
-2.050008E+1	8.338000E-4	-8.300000E-6	6.004199E+2	2.050008E+1
-2.075008E+1	7.978000E-4	1.180000E-5	6.020877E+2	2.075008E+1
-2.100008E+1	8.102000E-4	1.090000E-5	6.037556E+2	2.100008E+1
-2.125008E+1	7.758000E-4	1.400000E-6	6.054234E+2	2.125008E+1
-2.150008E+1	7.709000E-4	1.230000E-5	6.070912E+2	2.150008E+1
-2.175008E+1	7.798000E-4	4.300000E-6	6.087590E+2	2.175008E+1
-2.200008E+1	7.983000E-4	-4.235165E-23	6.104269E+2	2.200008E+1
-2.225008E+1	8.101000E-4	6.700000E-6	6.120947E+2	2.225008E+1
-2.250008E+1	7.959000E-4	-1.720000E-5	6.137626E+2	2.250008E+1
-2.275008E+1	8.156000E-4	-3.000000E-6	6.154304E+2	2.275008E+1
-2.300008E+1	7.991000E-4	1.370000E-5	6.170982E+2	2.300008E+1
-2.325008E+1	7.857000E-4	8.400000E-6	6.187661E+2	2.325008E+1
-2.350008E+1	7.910000E-4	-5.800000E-6	6.204339E+2	2.350008E+1
-2.375008E+1	8.396000E-4	-8.800000E-6	6.221017E+2	2.375008E+1
-2.400008E+1	8.124000E-4	1.000000E-7	6.237695E+2	2.400008E+1
-2.425008E+1	8.056000E-4	-1.570000E-5	6.254374E+2	2.425008E+1
-2.450008E+1	7.779000E-4	8.470330E-23	6.271052E+2	2.450008E+1
-2.475008E+1	7.767000E-4	5.700000E-6	6.287731E+2	2.475008E+1
-2.500008E+1	7.972000E-4	-7.200000E-6	6.304409E+2	2.500008E+1
-2.525008E+1	8.272000E-4	6.200000E-6	6.321087E+2	2.525008E+1
-2.550008E+1	8.109000E-4	-2.200000E-6	6.337766E+2	2.550008E+1
-2.575008E+1	8.429000E-4	5.220000E-5	6.354444E+2	2.575008E+1
-2.600008E+1	8.125000E-4	2.570000E-5	6.371122E+2	2.600008E+1
-2.625008E+1	8.231000E-4	-1.150000E-5	6.387800E+2	2.625008E+1
-2.650008E+1	7.903000E-4	1.180000E-5	6.404479E+2	2.650008E+1
-2.675008E+1	8.206000E-4	1.770000E-5	6.421157E+2	2.675008E+1
-2.700008E+1	8.458000E-4	5.280000E-5	6.437836E+2	2.700008E+1
-2.725008E+1	8.039000E-4	-6.800000E-6	6.454514E+2	2.725008E+1
-2.750008E+1	8.005000E-4	1.430000E-5	6.471192E+2	2.750008E+1
-2.775008E+1	8.305000E-4	6.250000E-5	6.487870E+2	2.775008E+1
-2.800008E+1	7.781000E-4	2.870000E-5	6.504549E+2	2.800008E+1
-2.825008E+1	7.874000E-4	-1.780000E-5	6.521227E+2	2.825008E+1
-2.850008E+1	7.924000E-4	2.200000E-6	6.537905E+2	2.850008E+1
-2.875008E+1	8.247000E-4	3.120000E-5	6.554584E+2	2.875008E+1
-2.900008E+1	7.891000E-4	-3.700000E-6	6.571262E+2	2.900008E+1
-2.925008E+1	8.027000E-4	8.600000E-6	6.587941E+2	2.925008E+1
-2.950008E+1	7.769000E-4	1.420000E-5	6.604619E+2	2.950008E+1
-2.975008E+1	8.101000E-4	6.200000E-6	6.621297E+2	2.975008E+1
-3.000008E+1	8.333000E-4	-1.000000E-5	6.637975E+2	3.000008E+1
-3.025008E+1	8.091000E-4	2.500000E-6	6.654654E+2	3.025008E+1
-3.050008E+1	8.120000E-4	-1.660000E-5	6.671332E+2	3.050008E+1
-3.075008E+1	8.037000E-4	-1.470000E-5	6.688010E+2	3.075008E+1
-3.100008E+1	8.102000E-4	1.450000E-5	6.704689E+2	3.100008E+1
-3.125008E+1	8.171000E-4	1.090000E-5	6.721367E+2	3.125008E+1
-3.150008E+1	8.392000E-4	-8.900000E-6	6.738046E+2	3.150008E+1
-3.175008E+1	8.420000E-4	-8.200000E-6	6.754724E+2	3.175008E+1
-3.200008E+1	8.099000E-4	1.820000E-5	6.771402E+2	3.200008E+1
-3.225008E+1	8.278000E-4	3.060000E-5	6.788080E+2	3.225008E+1
-3.250008E+1	8.408000E-4	3.520000E-5	6.804759E+2	3.250008E+1
-3.275008E+1	8.108000E-4	2.130000E-5	6.821437E+2	3.275008E+1
-3.300008E+1	8.193000E-4	1.800000E-5	6.838115E+2	3.300008E+1
-3.325008E+1	8.335000E-4	1.430000E-5	6.854794E+2	3.325008E+1
-3.350008E+1	8.387000E-4	-1.190000E-5	6.871472E+2	3.350008E+1
-3.375008E+1	8.228000E-4	-3.580000E-5	6.888151E+2	3.375008E+1
-3.400008E+1	8.151000E-4	3.100000E-6	6.904828E+2	3.400008E+1
-3.425008E+1	7.929000E-4	1.670000E-5	6.921507E+2	3.425008E+1
-3.450008E+1	8.258000E-4	1.880000E-5	6.938185E+2	3.450008E+1
-3.475008E+1	7.811000E-4	-1.280000E-5	6.954864E+2	3.475008E+1
-3.500008E+1	7.995000E-4	1.340000E-5	6.971542E+2	3.500008E+1
-3.525008E+1	8.144000E-4	-2.060000E-5	6.988220E+2	3.525008E+1
-3.550008E+1	8.002000E-4	-8.700000E-6	7.004899E+2	3.550008E+1
-3.575008E+1	8.305000E-4	-1.000000E-6	7.021577E+2	3.575008E+1
-3.600008E+1	8.437000E-4	-1.160000E-5	7.038256E+2	3.600008E+1
-3.625008E+1	8.354000E-4	1.950000E-5	7.054933E+2	3.625008E+1
-3.650008E+1	8.531000E-4	3.610000E-5	7.071612E+2	3.650008E+1
-3.675008E+1	8.178000E-4	6.400000E-6	7.088290E+2	3.675008E+1
-3.700008E+1	8.067000E-4	5.600000E-6	7.104969E+2	3.700008E+1
-3.725008E+1	7.961000E-4	4.370000E-5	7.121647E+2	3.725008E+1
-3.750008E+1	7.826000E-4	-9.500000E-6	7.138325E+2	3.750008E+1
-3.775008E+1	7.908000E-4	-1.540000E-5	7.155004E+2	3.775008E+1
-3.800008E+1	8.252000E-4	1.970000E-5	7.171682E+2	3.800008E+1
-3.825008E+1	8.307000E-4	-1.500000E-6	7.188361E+2	3.825008E+1
-3.850008E+1	8.391000E-4	-1.880000E-5	7.205038E+2	3.850008E+1
-3.875008E+1	8.170000E-4	-7.900000E-6	7.221717E+2	3.875008E+1
-3.900008E+1	7.913000E-4	-1.000000E-5	7.238395E+2	3.900008E+1
-3.925008E+1	7.999000E-4	1.120000E-5	7.255074E+2	3.925008E+1
-3.950008E+1	8.144000E-4	-7.400000E-6	7.271752E+2	3.950008E+1
-3.975008E+1	8.430000E-4	-4.030000E-5	7.288430E+2	3.975008E+1
-4.000008E+1	8.526000E-4	-4.350000E-5	7.305109E+2	4.000008E+1
-4.025008E+1	8.230000E-4	2.280000E-5	7.321787E+2	4.025008E+1
-4.050008E+1	8.547000E-4	4.410000E-5	7.338466E+2	4.050008E+1
-4.075008E+1	8.120000E-4	-1.570000E-5	7.355143E+2	4.075008E+1
-4.100008E+1	8.121000E-4	-3.370000E-5	7.371822E+2	4.100008E+1
-4.125008E+1	8.033000E-4	-5.600000E-6	7.388500E+2	4.125008E+1
-4.150008E+1	8.132000E-4	2.170000E-5	7.405179E+2	4.150008E+1
-4.175008E+1	8.107000E-4	6.600000E-6	7.421857E+2	4.175008E+1
-4.200008E+1	8.145000E-4	-2.560000E-5	7.438535E+2	4.200008E+1
-4.225008E+1	8.159000E-4	6.000000E-7	7.455214E+2	4.225008E+1
-4.250008E+1	8.389000E-4	6.500000E-6	7.471892E+2	4.250008E+1
-4.275008E+1	8.232000E-4	1.700000E-6	7.488571E+2	4.275008E+1
-4.300008E+1	7.873000E-4	8.000000E-7	7.505248E+2	4.300008E+1
-4.325008E+1	8.415000E-4	3.200000E-6	7.521927E+2	4.325008E+1
-4.350008E+1	8.341000E-4	4.200000E-6	7.538605E+2	4.350008E+1
-4.375008E+1	7.985000E-4	1.960000E-5	7.555284E+2	4.375008E+1
-4.400008E+1	8.213000E-4	3.930000E-5	7.571962E+2	4.400008E+1
-4.425008E+1	8.387000E-4	-8.000000E-7	7.588640E+2	4.425008E+1
-4.450008E+1	8.409000E-4	7.000000E-7	7.605319E+2	4.450008E+1
-4.475008E+1	8.194000E-4	1.510000E-5	7.621997E+2	4.475008E+1
-4.500008E+1	8.477000E-4	2.340000E-5	7.638676E+2	4.500008E+1
-4.525008E+1	8.141000E-4	-9.200000E-6	7.655353E+2	4.525008E+1
-4.550008E+1	8.150000E-4	5.900000E-6	7.672032E+2	4.550008E+1
-4.575008E+1	8.388000E-4	1.530000E-5	7.688710E+2	4.575008E+1
-4.600008E+1	8.359000E-4	4.100000E-6	7.705389E+2	4.600008E+1
-4.625008E+1	8.141000E-4	-1.650000E-5	7.722067E+2	4.625008E+1
-4.650008E+1	8.125000E-4	-4.500000E-6	7.738745E+2	4.650008E+1
-4.675008E+1	8.330000E-4	-2.660000E-5	7.755424E+2	4.675008E+1
-4.700008E+1	8.309000E-4	-9.100000E-6	7.772102E+2	4.700008E+1
-4.725008E+1	8.196000E-4	-9.300000E-6	7.788781E+2	4.725008E+1
-4.750008E+1	8.485000E-4	1.700000E-6	7.805458E+2	4.750008E+1
-4.775008E+1	8.333000E-4	1.610000E-5	7.822137E+2	4.775008E+1
-4.800008E+1	8.226000E-4	1.190000E-5	7.838815E+2	4.800008E+1
-4.825008E+1	8.207000E-4	-2.230000E-5	7.855494E+2	4.825008E+1
-4.850008E+1	8.447000E-4	-3.800000E-5	7.872172E+2	4.850008E+1
-4.875008E+1	8.353000E-4	-5.900000E-6	7.888850E+2	4.875008E+1
-4.900008E+1	8.228000E-4	6.800000E-6	7.905529E+2	4.900008E+1
-4.925008E+1	8.305000E-4	-1.520000E-5	7.922207E+2	4.925008E+1
-4.950008E+1	8.107000E-4	1.230000E-5	7.938885E+2	4.950008E+1
-4.975008E+1	8.644000E-4	1.810000E-5	7.955563E+2	4.975008E+1
-5.000008E+1	8.301000E-4	-1.860000E-5	7.972242E+2	5.000008E+1
-5.025008E+1	8.418000E-4	-1.570000E-5	7.988920E+2	5.025008E+1
-5.050008E+1	8.288000E-4	5.100000E-6	8.005599E+2	5.050008E+1
-5.075008E+1	8.389000E-4	-1.760000E-5	8.022277E+2	5.075008E+1
-5.100008E+1	8.353000E-4	4.700000E-6	8.038955E+2	5.100008E+1
-5.125008E+1	8.439000E-4	-2.760000E-5	8.055634E+2	5.125008E+1
-5.150008E+1	8.284000E-4	-1.250000E-5	8.072312E+2	5.150008E+1
-5.175008E+1	8.202000E-4	-1.460000E-5	8.088990E+2	5.175008E+1
-5.200008E+1	8.274000E-4	-1.100000E-5	8.105668E+2	5.200008E+1
-5.225008E+1	8.661000E-4	9.300000E-6	8.122347E+2	5.225008E+1
-5.250008E+1	8.256000E-4	9.700000E-6	8.139025E+2	5.250008E+1
-5.275008E+1	8.503000E-4	6.900000E-6	8.155704E+2	5.275008E+1
-5.300008E+1	8.471000E-4	8.600000E-6	8.172382E+2	5.300008E+1
-5.325008E+1	8.526000E-4	4.200000E-6	8.189060E+2	5.325008E+1
-5.350008E+1	8.102000E-4	2.010000E-5	8.205739E+2	5.350008E+1
-5.375008E+1	8.100000E-4	-1.540000E-5	8.222417E+2	5.375008E+1
-5.400008E+1	7.929000E-4	1.420000E-5	8.239095E+2	5.400008E+1
-5.425008E+1	8.350000E-4	2.640000E-5	8.255773E+2	5.425008E+1
-5.450008E+1	8.593000E-4	-9.800000E-6	8.272452E+2	5.450008E+1
-5.475008E+1	8.514000E-4	-1.030000E-5	8.289130E+2	5.475008E+1
-5.500008E+1	8.642000E-4	9.100000E-6	8.305809E+2	5.500008E+1
-5.525008E+1	8.764000E-4	-1.580000E-5	8.322487E+2	5.525008E+1
-5.550008E+1	8.361000E-4	-3.240000E-5	8.339165E+2	5.550008E+1
-5.575008E+1	8.096000E-4	-2.460000E-5	8.355844E+2	5.575008E+1
-5.600008E+1	8.105000E-4	-4.200000E-6	8.372522E+2	5.600008E+1
-5.625008E+1	8.458000E-4	-1.210000E-5	8.389200E+2	5.625008E+1
-5.650008E+1	8.304000E-4	1.690000E-5	8.405878E+2	5.650008E+1
-5.675008E+1	8.450000E-4	2.110000E-5	8.422557E+2	5.675008E+1
-5.700008E+1	8.182000E-4	4.130000E-5	8.439235E+2	5.700008E+1
-5.725008E+1	8.208000E-4	-3.700000E-6	8.455914E+2	5.725008E+1
-5.750008E+1	8.236000E-4	9.500000E-6	8.472592E+2	5.750008E+1
-5.775008E+1	8.268000E-4	2.350000E-5	8.489270E+2	5.775008E+1
-5.800008E+1	8.360000E-4	3.060000E-5	8.505948E+2	5.800008E+1
-5.825008E+1	8.507000E-4	-6.300000E-6	8.522627E+2	5.825008E+1
-5.850008E+1	8.281000E-4	3.700000E-6	8.539305E+2	5.850008E+1
-5.875008E+1	8.204000E-4	9.000000E-6	8.555983E+2	5.875008E+1
-5.900008E+1	8.036000E-4	-2.490000E-5	8.572662E+2	5.900008E+1
-5.925008E+1	8.268000E-4	-2.000000E-6	8.589340E+2	5.925008E+1
-5.950008E+1	8.413000E-4	-3.700000E-6	8.606019E+2	5.950008E+1
-5.975008E+1	8.369000E-4	2.500000E-6	8.622697E+2	5.975008E+1
-6.000008E+1	8.432000E-4	-2.090000E-5	8.639375E+2	6.000008E+1
-6.025008E+1	8.657000E-4	-2.800000E-6	8.656053E+2	6.025008E+1
-6.050008E+1	8.310000E-4	2.230000E-5	8.672732E+2	6.050008E+1
-6.075008E+1	8.546000E-4	2.700000E-6	8.689410E+2	6.075008E+1
-6.100008E+1	8.291000E-4	1.090000E-5	8.706088E+2	6.100008E+1
-6.125008E+1	8.545000E-4	2.200000E-6	8.722767E+2	6.125008E+1
-6.150008E+1	8.627000E-4	1.710000E-5	8.739445E+2	6.150008E+1
-6.175008E+1	8.413000E-4	2.190000E-5	8.756124E+2	6.175008E+1
-6.200008E+1	8.339000E-4	-1.600000E-5	8.772802E+2	6.200008E+1
-6.225008E+1	8.063000E-4	7.000000E-7	8.789480E+2	6.225008E+1
-6.250008E+1	8.433000E-4	-1.240000E-5	8.806158E+2	6.250008E+1
-6.275008E+1	8.461000E-4	-1.100000E-5	8.822837E+2	6.275008E+1
-6.300008E+1	8.260000E-4	-4.500000E-6	8.839515E+2	6.300008E+1
-6.325008E+1	8.518000E-4	-5.000000E-6	8.856193E+2	6.325008E+1
-6.350008E+1	8.432000E-4	-9.100000E-6	8.872872E+2	6.350008E+1
-6.375008E+1	8.557000E-4	1.910000E-5	8.889550E+2	6.375008E+1
-6.400008E+1	8.378000E-4	-2.200000E-6	8.906229E+2	6.400008E+1
-6.425008E+1	8.326000E-4	-7.500000E-6	8.922906E+2	6.425008E+1
-6.450008E+1	8.518000E-4	-8.500000E-6	8.939585E+2	6.450008E+1
-6.475008E+1	8.493000E-4	1.300000E-6	8.956263E+2	6.475008E+1
-6.500008E+1	8.647000E-4	-1.120000E-5	8.972942E+2	6.500008E+1
-6.525008E+1	8.453000E-4	3.130000E-5	8.989620E+2	6.525008E+1
-6.550008E+1	8.646000E-4	1.640000E-5	9.006298E+2	6.550008E+1
-6.575008E+1	8.782000E-4	1.180000E-5	9.022977E+2	6.575008E+1
-6.600008E+1	8.516000E-4	5.200000E-6	9.039655E+2	6.600008E+1
-6.625008E+1	8.504000E-4	-1.600000E-6	9.056334E+2	6.625008E+1
-6.650008E+1	8.618000E-4	-1.200000E-6	9.073011E+2	6.650008E+1
-6.675008E+1	8.562000E-4	1.630000E-5	9.089690E+2	6.675008E+1
-6.700008E+1	8.380000E-4	1.230000E-5	9.106368E+2	6.700008E+1
-6.725008E+1	8.418000E-4	-1.490000E-5	9.123047E+2	6.725008E+1
-6.750008E+1	8.415000E-4	1.740000E-5	9.139725E+2	6.750008E+1
-6.775008E+1	8.340000E-4	8.500000E-6	9.156403E+2	6.775008E+1
-6.800008E+1	8.546000E-4	2.770000E-5	9.173082E+2	6.800008E+1
-6.825008E+1	8.294000E-4	-4.340000E-5	9.189760E+2	6.825008E+1
-6.850008E+1	8.488000E-4	-5.200000E-6	9.206439E+2	6.850008E+1
-6.875008E+1	8.399000E-4	-4.030000E-5	9.223116E+2	6.875008E+1
-6.900008E+1	8.536000E-4	-2.410000E-5	9.239795E+2	6.900008E+1
-6.925008E+1	8.270000E-4	2.430000E-5	9.256473E+2	6.925008E+1
-6.950008E+1	8.402000E-4	1.920000E-5	9.273152E+2	6.950008E+1
-6.975008E+1	8.560000E-4	-2.800000E-6	9.289830E+2	6.975008E+1
-7.000008E+1	8.400000E-4	3.060000E-5	9.306508E+2	7.000008E+1
-7.025008E+1	8.186000E-4	2.710000E-5	9.323187E+2	7.025008E+1
-7.050008E+1	8.312000E-4	2.900000E-6	9.339865E+2	7.050008E+1
-7.075008E+1	8.714000E-4	5.000000E-7	9.356544E+2	7.075008E+1
-7.100008E+1	8.599000E-4	-2.280000E-5	9.373221E+2	7.100008E+1
-7.125008E+1	8.560000E-4	1.850000E-5	9.389900E+2	7.125008E+1
-7.150008E+1	8.560000E-4	4.140000E-5	9.406578E+2	7.150008E+1
-7.175008E+1	8.517000E-4	2.400000E-6	9.423257E+2	7.175008E+1
-7.200008E+1	8.491000E-4	9.500000E-6	9.439935E+2	7.200008E+1
-7.225008E+1	8.566000E-4	9.100000E-6	9.456613E+2	7.225008E+1
-7.250008E+1	8.518000E-4	1.370000E-5	9.473292E+2	7.250008E+1
-7.275008E+1	8.618000E-4	1.830000E-5	9.489970E+2	7.275008E+1
-7.300008E+1	8.572000E-4	1.510000E-5	9.506649E+2	7.300008E+1
-7.325008E+1	8.550000E-4	1.900000E-6	9.523326E+2	7.325008E+1
-7.350008E+1	8.660000E-4	3.420000E-5	9.540005E+2	7.350008E+1
-7.375008E+1	8.708000E-4	-8.800000E-6	9.556683E+2	7.375008E+1
-7.400008E+1	8.588000E-4	-3.300000E-6	9.573362E+2	7.400008E+1
-7.425008E+1	8.371000E-4	1.300000E-6	9.590040E+2	7.425008E+1
-7.450008E+1	8.675000E-4	7.400000E-6	9.606718E+2	7.450008E+1
-7.475008E+1	8.566000E-4	-1.800000E-6	9.623397E+2	7.475008E+1
-7.500008E+1	8.511000E-4	7.300000E-6	9.640075E+2	7.500008E+1
-7.525008E+1	8.744000E-4	8.900000E-6	9.656754E+2	7.525008E+1
-7.550008E+1	8.425000E-4	3.740000E-5	9.673431E+2	7.550008E+1
-7.575008E+1	8.857000E-4	-5.500000E-6	9.690110E+2	7.575008E+1
-7.600008E+1	8.616000E-4	-3.470000E-5	9.706788E+2	7.600008E+1
-7.625008E+1	8.499000E-4	9.000000E-7	9.723467E+2	7.625008E+1
-7.650008E+1	8.470000E-4	-4.900000E-6	9.740145E+2	7.650008E+1
-7.675008E+1	8.567000E-4	-3.280000E-5	9.756823E+2	7.675008E+1
-7.700008E+1	8.418000E-4	-5.180000E-5	9.773502E+2	7.700008E+1
-7.725008E+1	8.565000E-4	6.500000E-6	9.790180E+2	7.725008E+1
-7.750008E+1	8.594000E-4	1.040000E-5	9.806859E+2	7.750008E+1
-7.775008E+1	8.563000E-4	1.400000E-6	9.823536E+2	7.775008E+1
-7.800008E+1	8.648000E-4	7.600000E-6	9.840215E+2	7.800008E+1
-7.825008E+1	8.451000E-4	-7.800000E-6	9.856893E+2	7.825008E+1
-7.850008E+1	8.469000E-4	2.150000E-5	9.873572E+2	7.850008E+1
-7.875008E+1	8.637000E-4	-2.700000E-6	9.890250E+2	7.875008E+1
-7.900008E+1	8.464000E-4	-2.510000E-5	9.906928E+2	7.900008E+1
-7.925008E+1	8.615000E-4	-2.610000E-5	9.923607E+2	7.925008E+1
-7.950008E+1	8.993000E-4	9.200000E-6	9.940285E+2	7.950008E+1
-7.975008E+1	8.735000E-4	5.000000E-6	9.956964E+2	7.975008E+1
-8.000008E+1	8.531000E-4	1.750000E-5	9.973641E+2	8.000008E+1
-8.025008E+1	8.518000E-4	-2.500000E-6	9.990320E+2	8.025008E+1
-8.050008E+1	8.477000E-4	-1.870000E-5	1.000700E+3	8.050008E+1
-8.075008E+1	8.587000E-4	-2.880000E-5	1.002368E+3	8.075008E+1
-8.100008E+1	8.425000E-4	1.090000E-5	1.004035E+3	8.100008E+1
-8.125008E+1	8.786000E-4	-2.200000E-6	1.005703E+3	8.125008E+1
-8.150008E+1	8.718000E-4	2.010000E-5	1.007371E+3	8.150008E+1
-8.175008E+1	8.546000E-4	-4.600000E-6	1.009039E+3	8.175008E+1
-8.200008E+1	8.549000E-4	2.840000E-5	1.010707E+3	8.200008E+1
-8.225008E+1	8.461000E-4	-2.450000E-5	1.012375E+3	8.225008E+1
-8.250008E+1	8.525000E-4	-1.940000E-5	1.014042E+3	8.250008E+1
-8.275008E+1	8.632000E-4	-1.710000E-5	1.015710E+3	8.275008E+1
-8.300008E+1	8.502000E-4	2.200000E-6	1.017378E+3	8.300008E+1
-8.325008E+1	8.695000E-4	-5.300000E-6	1.019046E+3	8.325008E+1
-8.350008E+1	8.736000E-4	7.000000E-7	1.020714E+3	8.350008E+1
-8.375008E+1	8.705000E-4	3.400000E-6	1.022382E+3	8.375008E+1
-8.400008E+1	8.686000E-4	-2.400000E-6	1.024049E+3	8.400008E+1
-8.425008E+1	8.900000E-4	6.000000E-6	1.025717E+3	8.425008E+1
-8.450008E+1	8.832000E-4	-3.700000E-6	1.027385E+3	8.450008E+1
-8.475008E+1	8.535000E-4	1.690000E-5	1.029053E+3	8.475008E+1
-8.500008E+1	8.600000E-4	-1.860000E-5	1.030721E+3	8.500008E+1
-8.525008E+1	8.488000E-4	5.600000E-6	1.032389E+3	8.525008E+1
-8.550008E+1	8.399000E-4	-2.100000E-6	1.034057E+3	8.550008E+1
-8.575008E+1	8.660000E-4	-1.380000E-5	1.035724E+3	8.575008E+1
-8.600008E+1	8.553000E-4	2.130000E-5	1.037392E+3	8.600008E+1
-8.625008E+1	8.531000E-4	-5.800000E-6	1.039060E+3	8.625008E+1
-8.650008E+1	8.635000E-4	-9.300000E-6	1.040728E+3	8.650008E+1
-8.675008E+1	8.919000E-4	-5.300000E-6	1.042396E+3	8.675008E+1
-8.700008E+1	8.559000E-4	-5.700000E-6	1.044063E+3	8.700008E+1
-8.725008E+1	8.402000E-4	2.700000E-6	1.045731E+3	8.725008E+1
-8.750008E+1	8.672000E-4	1.900000E-6	1.047399E+3	8.750008E+1
-8.775008E+1	8.764000E-4	-4.500000E-6	1.049067E+3	8.775008E+1
-8.800008E+1	8.635000E-4	9.700000E-6	1.050735E+3	8.800008E+1
-8.825008E+1	8.572000E-4	-1.900000E-5	1.052403E+3	8.825008E+1
-8.850008E+1	8.374000E-4	-1.990000E-5	1.054070E+3	8.850008E+1
-8.875008E+1	8.658000E-4	1.000000E-6	1.055738E+3	8.875008E+1
-8.900008E+1	8.724000E-4	-1.090000E-5	1.057406E+3	8.900008E+1
-8.925008E+1	8.608000E-4	-3.500000E-6	1.059074E+3	8.925008E+1
-8.950008E+1	8.611000E-4	-7.300000E-6	1.060742E+3	8.950008E+1
-8.975008E+1	8.651000E-4	6.000000E-7	1.062410E+3	8.975008E+1
-9.000008E+1	8.728000E-4	-1.050000E-5	1.064078E+3	9.000008E+1
-9.025008E+1	8.556000E-4	-1.550000E-5	1.065745E+3	9.025008E+1
-9.050008E+1	9.081000E-4	-1.080000E-5	1.067413E+3	9.050008E+1
-9.075008E+1	8.963000E-4	-1.440000E-5	1.069081E+3	9.075008E+1
-9.100008E+1	8.707000E-4	-2.020000E-5	1.070749E+3	9.100008E+1
-9.125008E+1	9.080000E-4	5.100000E-6	1.072417E+3	9.125008E+1
-9.150008E+1	8.651000E-4	-1.590000E-5	1.074084E+3	9.150008E+1
-9.175008E+1	8.454000E-4	-2.150000E-5	1.075752E+3	9.175008E+1
-9.200008E+1	8.445000E-4	-3.800000E-6	1.077420E+3	9.200008E+1
-9.225008E+1	8.641000E-4	-2.510000E-5	1.079088E+3	9.225008E+1
-9.250008E+1	8.806000E-4	-2.870000E-5	1.080756E+3	9.250008E+1
-9.275008E+1	8.536000E-4	-6.600000E-6	1.082424E+3	9.275008E+1
-9.300008E+1	8.425000E-4	7.500000E-6	1.084091E+3	9.300008E+1
-9.325008E+1	9.159000E-4	-2.070000E-5	1.085759E+3	9.325008E+1
-9.350008E+1	8.743000E-4	-2.880000E-5	1.087427E+3	9.350008E+1
-9.375008E+1	8.456000E-4	-2.740000E-5	1.089095E+3	9.375008E+1
-9.400008E+1	8.517000E-4	1.730000E-5	1.090763E+3	9.400008E+1
-9.425008E+1	8.399000E-4	4.310000E-5	1.092431E+3	9.425008E+1
-9.450008E+1	8.690000E-4	-1.010000E-5	1.094099E+3	9.450008E+1
-9.475008E+1	8.451000E-4	8.700000E-6	1.095766E+3	9.475008E+1
-9.500008E+1	8.749000E-4	2.470000E-5	1.097434E+3	9.500008E+1
-9.525008E+1	8.616000E-4	1.090000E-5	1.099102E+3	9.525008E+1
-9.550008E+1	8.433000E-4	-2.400000E-5	1.100770E+3	9.550008E+1
-9.575008E+1	8.644000E-4	-2.580000E-5	1.102438E+3	9.575008E+1
-9.600008E+1	8.974000E-4	-4.100000E-6	1.104105E+3	9.600008E+1
-9.625008E+1	8.794000E-4	-2.100000E-6	1.105773E+3	9.625008E+1
-9.650008E+1	8.679000E-4	-2.030000E-5	1.107441E+3	9.650008E+1
-9.675008E+1	8.545000E-4	3.170000E-5	1.109109E+3	9.675008E+1
-9.700008E+1	8.683000E-4	5.600000E-6	1.110777E+3	9.700008E+1
-9.725008E+1	8.998000E-4	3.480000E-5	1.112445E+3	9.725008E+1
-9.750008E+1	8.858000E-4	-1.140000E-5	1.114112E+3	9.750008E+1
-9.775008E+1	8.637000E-4	-1.510000E-5	1.115780E+3	9.775008E+1
-9.800008E+1	8.910000E-4	5.300000E-6	1.117448E+3	9.800008E+1
-9.825008E+1	8.887000E-4	-4.000000E-7	1.119116E+3	9.825008E+1
-9.850008E+1	8.530000E-4	-2.510000E-5	1.120784E+3	9.850008E+1
-9.875008E+1	8.688000E-4	9.400000E-6	1.122452E+3	9.875008E+1
-9.900008E+1	8.683000E-4	-1.610000E-5	1.124120E+3	9.900008E+1
-9.925008E+1	8.678000E-4	1.890000E-5	1.125787E+3	9.925008E+1
-9.950008E+1	8.924000E-4	-2.210000E-5	1.127455E+3	9.950008E+1
-9.975008E+1	8.585000E-4	2.830000E-5	1.129123E+3	9.975008E+1
-1.000001E+2	8.560000E-4	6.300000E-6	1.130791E+3	1.000001E+2
-1.002501E+2	8.880000E-4	-6.500000E-6	1.132459E+3	1.002501E+2
-1.005001E+2	8.930000E-4	-7.600000E-6	1.134126E+3	1.005001E+2
-1.007501E+2	8.597000E-4	2.020000E-5	1.135794E+3	1.007501E+2
-1.010001E+2	8.514000E-4	-1.740000E-5	1.137462E+3	1.010001E+2
-1.012501E+2	8.705000E-4	-1.180000E-5	1.139130E+3	1.012501E+2
-1.015001E+2	8.742000E-4	-1.000000E-5	1.140798E+3	1.015001E+2
-1.017501E+2	8.559000E-4	1.140000E-5	1.142466E+3	1.017501E+2
-1.020001E+2	8.553000E-4	-4.800000E-6	1.144133E+3	1.020001E+2
-1.022501E+2	8.762000E-4	6.100000E-6	1.145801E+3	1.022501E+2
-1.025001E+2	8.499000E-4	2.350000E-5	1.147469E+3	1.025001E+2
-1.027501E+2	8.895000E-4	-4.390000E-5	1.149137E+3	1.027501E+2
-1.030001E+2	8.869000E-4	-3.220000E-5	1.150805E+3	1.030001E+2
-1.032501E+2	8.725000E-4	-1.200000E-5	1.152473E+3	1.032501E+2
-1.035001E+2	8.916000E-4	3.500000E-6	1.154141E+3	1.035001E+2
-1.037501E+2	8.488000E-4	1.200000E-5	1.155808E+3	1.037501E+2
-1.040001E+2	8.325000E-4	1.230000E-5	1.157476E+3	1.040001E+2
-1.042501E+2	8.784000E-4	1.440000E-5	1.159144E+3	1.042501E+2
-1.045001E+2	8.760000E-4	1.140000E-5	1.160812E+3	1.045001E+2
-1.047501E+2	8.721000E-4	7.100000E-6	1.162480E+3	1.047501E+2
-1.050001E+2	8.681000E-4	-2.530000E-5	1.164147E+3	1.050001E+2
-1.052501E+2	8.667000E-4	-1.560000E-5	1.165815E+3	1.052501E+2
-1.055001E+2	8.770000E-4	1.240000E-5	1.167483E+3	1.055001E+2
-1.057501E+2	8.749000E-4	1.400000E-6	1.169151E+3	1.057501E+2
-1.060001E+2	8.981000E-4	-2.100000E-6	1.170819E+3	1.060001E+2
-1.062501E+2	8.797000E-4	-9.500000E-6	1.172487E+3	1.062501E+2
-1.065001E+2	8.973000E-4	-1.300000E-6	1.174154E+3	1.065001E+2
-1.067501E+2	8.650000E-4	-2.100000E-6	1.175822E+3	1.067501E+2
-1.070001E+2	8.932000E-4	1.900000E-5	1.177490E+3	1.070001E+2
-1.072501E+2	8.800000E-4	-1.090000E-5	1.179158E+3	1.072501E+2
-1.075001E+2	8.909000E-4	-7.000000E-7	1.180826E+3	1.075001E+2
-1.077501E+2	8.481000E-4	-1.790000E-5	1.182494E+3	1.077501E+2
-1.080001E+2	8.618000E-4	-1.700000E-5	1.184161E+3	1.080001E+2
-1.082501E+2	8.656000E-4	-8.100000E-6	1.185829E+3	1.082501E+2
-1.085001E+2	8.585000E-4	4.400000E-6	1.187497E+3	1.085001E+2
-1.087501E+2	8.674000E-4	-3.500000E-6	1.189165E+3	1.087501E+2
-1.090001E+2	8.842000E-4	5.000000E-7	1.190833E+3	1.090001E+2
-1.092501E+2	8.559000E-4	7.400000E-6	1.192501E+3	1.092501E+2
-1.095001E+2	9.028000E-4	3.400000E-6	1.194168E+3	1.095001E+2
-1.097501E+2	8.519000E-4	-3.000000E-6	1.195836E+3	1.097501E+2
-1.100001E+2	8.580000E-4	-1.070000E-5	1.197504E+3	1.100001E+2
-1.102501E+2	9.139000E-4	-2.180000E-5	1.199172E+3	1.102501E+2
-1.105001E+2	8.898000E-4	1.050000E-5	1.200840E+3	1.105001E+2
-1.107501E+2	8.814000E-4	6.400000E-6	1.202508E+3	1.107501E+2
-1.110001E+2	9.041000E-4	2.330000E-5	1.204175E+3	1.110001E+2
-1.112501E+2	8.871000E-4	-7.300000E-6	1.205843E+3	1.112501E+2
-1.115001E+2	9.168000E-4	-6.000000E-7	1.207511E+3	1.115001E+2
-1.117501E+2	8.869000E-4	1.650000E-5	1.209179E+3	1.117501E+2
-1.120001E+2	8.591000E-4	-3.250000E-5	1.210847E+3	1.120001E+2
-1.122501E+2	8.861000E-4	-2.740000E-5	1.212515E+3	1.122501E+2
-1.125001E+2	8.866000E-4	-2.400000E-5	1.214182E+3	1.125001E+2
-1.127501E+2	8.934000E-4	-1.170000E-5	1.215850E+3	1.127501E+2
-1.130001E+2	9.067000E-4	3.000000E-7	1.217518E+3	1.130001E+2
-1.132501E+2	8.563000E-4	-6.100000E-6	1.219186E+3	1.132501E+2
-1.135001E+2	8.629000E-4	-1.900000E-5	1.220854E+3	1.135001E+2
-1.137501E+2	8.786000E-4	1.810000E-5	1.222522E+3	1.137501E+2
-1.140001E+2	8.634000E-4	-4.570000E-5	1.224189E+3	1.140001E+2
-1.142501E+2	8.649000E-4	1.970000E-5	1.225857E+3	1.142501E+2
-1.145001E+2	8.725000E-4	2.420000E-5	1.227525E+3	1.145001E+2
-1.147501E+2	8.852000E-4	1.900000E-6	1.229193E+3	1.147501E+2
-1.150001E+2	8.924000E-4	-1.630000E-5	1.230861E+3	1.150001E+2
-1.152501E+2	8.704000E-4	4.100000E-6	1.232529E+3	1.152501E+2
-1.155001E+2	8.843000E-4	-1.950000E-5	1.234196E+3	1.155001E+2
-1.157501E+2	8.746000E-4	1.920000E-5	1.235864E+3	1.157501E+2
-1.160001E+2	8.720000E-4	-1.440000E-5	1.237532E+3	1.160001E+2
-1.162501E+2	8.735000E-4	1.890000E-5	1.239200E+3	1.162501E+2
-1.165001E+2	8.785000E-4	-1.250000E-5	1.240868E+3	1.165001E+2
-1.167501E+2	8.527000E-4	-1.930000E-5	1.242536E+3	1.167501E+2
-1.170001E+2	8.774000E-4	-3.500000E-6	1.244203E+3	1.170001E+2
-1.172501E+2	8.671000E-4	-2.010000E-5	1.245871E+3	1.172501E+2
-1.175001E+2	8.894000E-4	8.100000E-6	1.247539E+3	1.175001E+2
-1.177501E+2	9.032000E-4	1.190000E-5	1.249207E+3	1.177501E+2
-1.180001E+2	8.943000E-4	-9.700000E-6	1.250875E+3	1.180001E+2
-1.182501E+2	8.468000E-4	-5.600000E-6	1.252543E+3	1.182501E+2
-1.185001E+2	8.527000E-4	2.570000E-5	1.254210E+3	1.185001E+2
-1.187501E+2	8.868000E-4	1.000000E-7	1.255878E+3	1.187501E+2
-1.190001E+2	8.979000E-4	7.400000E-6	1.257546E+3	1.190001E+2
-1.192501E+2	8.683000E-4	-9.000000E-7	1.259214E+3	1.192501E+2
-1.195001E+2	8.744000E-4	-1.510000E-5	1.260882E+3	1.195001E+2
-1.197501E+2	8.577000E-4	1.340000E-5	1.262550E+3	1.197501E+2
-1.200001E+2	8.963000E-4	2.600000E-6	1.264217E+3	1.200001E+2
-1.202501E+2	8.852000E-4	-2.820000E-5	1.265885E+3	1.202501E+2
-1.205001E+2	8.915000E-4	2.350000E-5	1.267553E+3	1.205001E+2
-1.207501E+2	8.600000E-4	3.000000E-6	1.269221E+3	1.207501E+2
-1.210001E+2	8.881000E-4	1.960000E-5	1.270889E+3	1.210001E+2
-1.212501E+2	8.847000E-4	2.630000E-5	1.272557E+3	1.212501E+2
-1.215001E+2	9.035000E-4	2.300000E-6	1.274224E+3	1.215001E+2
-1.217501E+2	9.029000E-4	3.510000E-5	1.275892E+3	1.217501E+2
-1.220001E+2	8.905000E-4	1.700000E-6	1.277560E+3	1.220001E+2
-1.222501E+2	8.794000E-4	2.350000E-5	1.279228E+3	1.222501E+2
-1.225001E+2	8.886000E-4	3.300000E-6	1.280896E+3	1.225001E+2
-1.227501E+2	8.856000E-4	-1.750000E-5	1.282564E+3	1.227501E+2
-1.230001E+2	8.870000E-4	-1.270000E-5	1.284231E+3	1.230001E+2
-1.232501E+2	8.913000E-4	-1.670000E-5	1.285899E+3	1.232501E+2
-1.235001E+2	8.779000E-4	-1.730000E-5	1.287567E+3	1.235001E+2
-1.237501E+2	8.924000E-4	-1.600000E-5	1.289235E+3	1.237501E+2
-1.240001E+2	9.075000E-4	1.290000E-5	1.290903E+3	1.240001E+2
-1.242501E+2	8.797000E-4	1.600000E-6	1.292571E+3	1.242501E+2
-1.245001E+2	8.771000E-4	-2.800000E-6	1.294238E+3	1.245001E+2
-1.247501E+2	8.592000E-4	-9.700000E-6	1.295906E+3	1.247501E+2
-1.250001E+2	8.897000E-4	-5.800000E-6	1.297574E+3	1.250001E+2
-1.252501E+2	8.624000E-4	-2.200000E-6	1.299242E+3	1.252501E+2
-1.255001E+2	8.647000E-4	5.100000E-6	1.300910E+3	1.255001E+2
-1.257501E+2	8.817000E-4	-8.100000E-6	1.302578E+3	1.257501E+2
-1.260001E+2	8.750000E-4	3.730000E-5	1.304245E+3	1.260001E+2
-1.262501E+2	9.336000E-4	-1.980000E-5	1.305913E+3	1.262501E+2
-1.265001E+2	9.013000E-4	-1.040000E-5	1.307581E+3	1.265001E+2
-1.267501E+2	8.896000E-4	-1.610000E-5	1.309249E+3	1.267501E+2
-1.270001E+2	8.845000E-4	-6.100000E-6	1.310917E+3	1.270001E+2
-1.272501E+2	8.791000E-4	-8.500000E-6	1.312585E+3	1.272501E+2
-1.275001E+2	8.951000E-4	2.160000E-5	1.314252E+3	1.275001E+2
-1.277501E+2	8.970000E-4	9.100000E-6	1.315920E+3	1.277501E+2
-1.280001E+2	8.955000E-4	-7.700000E-6	1.317588E+3	1.280001E+2
-1.282501E+2	8.668000E-4	2.300000E-6	1.319256E+3	1.282501E+2
-1.285001E+2	9.085000E-4	9.400000E-6	1.320924E+3	1.285001E+2
-1.287501E+2	9.268000E-4	-2.410000E-5	1.322592E+3	1.287501E+2
-1.290001E+2	8.976000E-4	-2.050000E-5	1.324259E+3	1.290001E+2
-1.292501E+2	8.997000E-4	-2.220000E-5	1.325927E+3	1.292501E+2
-1.295001E+2	9.001000E-4	1.060000E-5	1.327595E+3	1.295001E+2
-1.297501E+2	8.924000E-4	-3.000000E-7	1.329263E+3	1.297501E+2
-1.300001E+2	8.972000E-4	1.300000E-5	1.330931E+3	1.300001E+2
-1.302501E+2	8.805000E-4	-2.920000E-5	1.332599E+3	1.302501E+2
-1.305001E+2	8.792000E-4	9.400000E-6	1.334266E+3	1.305001E+2
-1.307501E+2	8.843000E-4	2.510000E-5	1.335934E+3	1.307501E+2
-1.310001E+2	8.784000E-4	-2.630000E-5	1.337602E+3	1.310001E+2
-1.312501E+2	8.448000E-4	3.850000E-5	1.339270E+3	1.312501E+2
-1.315001E+2	8.914000E-4	2.800000E-6	1.340938E+3	1.315001E+2
-1.317501E+2	9.075000E-4	9.400000E-6	1.342606E+3	1.317501E+2
-1.320001E+2	8.766000E-4	4.300000E-6	1.344273E+3	1.320001E+2
-1.322501E+2	9.020000E-4	-7.000000E-6	1.345941E+3	1.322501E+2
-1.325001E+2	8.963000E-4	-9.000000E-6	1.347609E+3	1.325001E+2
-1.327501E+2	8.942000E-4	-1.150000E-5	1.349277E+3	1.327501E+2
-1.330001E+2	8.885000E-4	1.480000E-5	1.350945E+3	1.330001E+2
-1.332501E+2	8.801000E-4	4.400000E-6	1.352613E+3	1.332501E+2
-1.335001E+2	8.800000E-4	5.700000E-6	1.354280E+3	1.335001E+2
-1.337501E+2	8.961000E-4	1.340000E-5	1.355948E+3	1.337501E+2
-1.340001E+2	8.843000E-4	1.900000E-6	1.357616E+3	1.340001E+2
-1.342501E+2	8.920000E-4	1.860000E-5	1.359284E+3	1.342501E+2
-1.345001E+2	9.252000E-4	1.230000E-5	1.360952E+3	1.345001E+2
-1.347501E+2	9.052000E-4	6.400000E-6	1.362620E+3	1.347501E+2
-1.350001E+2	8.945000E-4	7.000000E-7	1.364287E+3	1.350001E+2
-1.352501E+2	8.935000E-4	1.390000E-5	1.365955E+3	1.352501E+2
-1.355001E+2	8.915000E-4	3.500000E-6	1.367623E+3	1.355001E+2
-1.357501E+2	9.256000E-4	-1.580000E-5	1.369291E+3	1.357501E+2
-1.360001E+2	8.914000E-4	4.700000E-6	1.370959E+3	1.360001E+2
-1.362501E+2	8.571000E-4	3.710000E-5	1.372627E+3	1.362501E+2
-1.365001E+2	9.026000E-4	9.000000E-7	1.374294E+3	1.365001E+2
-1.367501E+2	9.182000E-4	2.660000E-5	1.375962E+3	1.367501E+2
-1.370001E+2	9.180000E-4	3.340000E-5	1.377630E+3	1.370001E+2
-1.372501E+2	9.256000E-4	-8.900000E-6	1.379298E+3	1.372501E+2
-1.375001E+2	8.866000E-4	2.960000E-5	1.380966E+3	1.375001E+2
-1.377501E+2	9.190000E-4	-2.090000E-5	1.382634E+3	1.377501E+2
-1.380001E+2	9.053000E-4	-5.300000E-6	1.384301E+3	1.380001E+2
-1.382501E+2	8.801000E-4	4.400000E-6	1.385969E+3	1.382501E+2
-1.385001E+2	8.814000E-4	1.760000E-5	1.387637E+3	1.385001E+2
-1.387501E+2	8.825000E-4	-1.340000E-5	1.389305E+3	1.387501E+2
-1.390001E+2	9.017000E-4	-1.510000E-5	1.390973E+3	1.390001E+2
-1.392501E+2	8.932000E-4	-1.000000E-6	1.392641E+3	1.392501E+2
-1.395001E+2	8.841000E-4	-6.900000E-6	1.394308E+3	1.395001E+2
-1.397501E+2	9.055000E-4	-2.600000E-6	1.395976E+3	1.397501E+2
-1.400001E+2	8.735000E-4	-2.020000E-5	1.397644E+3	1.400001E+2
-1.402501E+2	8.833000E-4	-5.600000E-6	1.399312E+3	1.402501E+2
-1.405001E+2	8.821000E-4	-6.700000E-6	1.400980E+3	1.405001E+2
-1.407501E+2	8.768000E-4	5.700000E-6	1.402648E+3	1.407501E+2
-1.410001E+2	9.051000E-4	-9.600000E-6	1.404315E+3	1.410001E+2
-1.412501E+2	8.973000E-4	1.160000E-5	1.405983E+3	1.412501E+2
-1.415001E+2	9.453000E-4	-4.000000E-7	1.407651E+3	1.415001E+2
-1.417501E+2	8.985000E-4	-1.600000E-6	1.409319E+3	1.417501E+2
-1.420001E+2	9.069000E-4	7.000000E-6	1.410987E+3	1.420001E+2
-1.422501E+2	9.333000E-4	4.600000E-6	1.412655E+3	1.422501E+2
-1.425001E+2	8.995000E-4	-9.600000E-6	1.414322E+3	1.425001E+2
-1.427501E+2	9.104000E-4	-1.260000E-5	1.415990E+3	1.427501E+2
-1.430001E+2	8.828000E-4	-1.680000E-5	1.417658E+3	1.430001E+2
-1.432501E+2	8.790000E-4	-1.270000E-5	1.419326E+3	1.432501E+2
-1.435001E+2	9.045000E-4	-4.600000E-6	1.420994E+3	1.435001E+2
-1.437501E+2	9.220000E-4	-2.490000E-5	1.422662E+3	1.437501E+2
-1.440001E+2	9.099000E-4	2.200000E-6	1.424329E+3	1.440001E+2
-1.442501E+2	9.040000E-4	-1.360000E-5	1.425997E+3	1.442501E+2
-1.445001E+2	9.073000E-4	1.070000E-5	1.427665E+3	1.445001E+2
-1.447501E+2	8.780000E-4	-1.200000E-6	1.429333E+3	1.447501E+2
-1.450001E+2	8.959000E-4	1.790000E-5	1.431001E+3	1.450001E+2
-1.452501E+2	8.873000E-4	-1.200000E-6	1.432669E+3	1.452501E+2
-1.455001E+2	8.743000E-4	3.900000E-5	1.434336E+3	1.455001E+2
-1.457501E+2	8.812000E-4	-5.200000E-6	1.436004E+3	1.457501E+2
-1.460001E+2	8.911000E-4	3.400000E-5	1.437672E+3	1.460001E+2
-1.462501E+2	9.175000E-4	2.320000E-5	1.439340E+3	1.462501E+2
-1.465001E+2	9.140000E-4	1.600000E-5	1.441008E+3	1.465001E+2
-1.467501E+2	9.088000E-4	-3.600000E-6	1.442676E+3	1.467501E+2
-1.470001E+2	9.148000E-4	-6.000000E-6	1.444343E+3	1.470001E+2
-1.472501E+2	9.122000E-4	1.400000E-5	1.446011E+3	1.472501E+2
-1.475001E+2	9.030000E-4	6.300000E-6	1.447679E+3	1.475001E+2
-1.477501E+2	8.878000E-4	1.030000E-5	1.449347E+3	1.477501E+2
-1.480001E+2	8.983000E-4	1.930000E-5	1.451015E+3	1.480001E+2
-1.482501E+2	9.091000E-4	-3.690000E-5	1.452683E+3	1.482501E+2
-1.485001E+2	9.069000E-4	2.000000E-6	1.454350E+3	1.485001E+2
-1.487501E+2	9.030000E-4	-1.570000E-5	1.456018E+3	1.487501E+2
-1.490001E+2	8.922000E-4	-1.150000E-5	1.457686E+3	1.490001E+2
-1.492501E+2	8.786000E-4	-2.640000E-5	1.459354E+3	1.492501E+2
