6.919993E+1	6.928571E-4	0.000000E+0
6.919292E+1	7.136667E-4	4.669933E-2
6.918593E+1	7.043810E-4	9.339865E-2
6.917892E+1	7.230000E-4	1.400980E-1
6.917193E+1	7.216667E-4	1.867973E-1
6.916492E+1	7.141905E-4	2.334966E-1
6.915793E+1	7.143809E-4	2.801960E-1
6.915092E+1	7.241905E-4	3.268953E-1
6.914393E+1	7.198572E-4	3.735946E-1
6.913692E+1	7.333333E-4	4.202939E-1
6.912993E+1	7.337143E-4	4.669932E-1
6.912292E+1	7.423334E-4	5.136926E-1
6.911593E+1	7.508095E-4	5.603919E-1
6.910892E+1	7.503810E-4	6.070912E-1
6.910193E+1	7.629048E-4	6.537905E-1
6.909492E+1	7.672857E-4	7.004899E-1
6.908793E+1	7.822857E-4	7.471892E-1
6.908092E+1	7.965714E-4	7.938885E-1
6.907392E+1	8.223809E-4	8.405879E-1
6.906693E+1	8.431429E-4	8.872872E-1
6.905992E+1	8.640476E-4	9.339865E-1
6.905293E+1	8.637619E-4	9.806858E-1
6.904592E+1	8.676667E-4	1.027385E+0
6.903893E+1	8.447619E-4	1.074085E+0
6.903192E+1	7.864762E-4	1.120784E+0
6.902493E+1	7.095238E-4	1.167483E+0
6.901792E+1	6.407619E-4	1.214182E+0
6.901093E+1	5.555238E-4	1.260882E+0
6.900392E+1	4.700000E-4	1.307581E+0
6.899693E+1	4.865714E-4	1.354280E+0
6.898992E+1	4.530952E-4	1.400980E+0
6.898293E+1	4.309048E-4	1.447679E+0
6.897592E+1	4.150952E-4	1.494378E+0
6.896893E+1	3.988571E-4	1.541078E+0
6.896192E+1	3.944762E-4	1.587777E+0
6.895493E+1	3.770952E-4	1.634476E+0
6.894792E+1	3.468572E-4	1.681176E+0
6.894093E+1	3.337619E-4	1.727875E+0
6.893392E+1	3.074762E-4	1.774574E+0
6.892693E+1	2.971429E-4	1.821274E+0
6.891992E+1	2.761905E-4	1.867973E+0
6.891293E+1	2.748095E-4	1.914672E+0
6.890592E+1	2.680952E-4	1.961372E+0
6.889893E+1	2.589048E-4	2.008071E+0
6.889192E+1	2.329524E-4	2.054770E+0
6.888493E+1	2.279048E-4	2.101470E+0
6.887792E+1	2.234762E-4	2.148169E+0
6.887093E+1	2.076667E-4	2.194868E+0
6.886392E+1	2.048095E-4	2.241568E+0
6.885693E+1	2.048571E-4	2.288267E+0
6.884992E+1	1.930476E-4	2.334966E+0
6.884293E+1	1.870476E-4	2.381665E+0
6.883592E+1	1.800476E-4	2.428365E+0
6.882893E+1	1.680476E-4	2.475064E+0
6.882192E+1	1.670476E-4	2.521764E+0
6.881493E+1	1.662857E-4	2.568463E+0
6.880792E+1	1.653810E-4	2.615162E+0
6.880093E+1	1.598095E-4	2.661861E+0
6.879392E+1	1.660000E-4	2.708561E+0
6.878693E+1	1.518095E-4	2.755260E+0
6.877992E+1	1.370952E-4	2.801960E+0
6.877293E+1	1.540476E-4	2.848659E+0
6.876592E+1	1.439048E-4	2.895358E+0
6.875893E+1	1.463809E-4	2.942057E+0
6.875192E+1	1.443333E-4	2.988757E+0
6.874493E+1	8.361904E-5	3.035456E+0
6.873792E+1	1.378571E-4	3.082155E+0
6.873093E+1	1.404286E-4	3.128855E+0
6.872392E+1	1.386667E-4	3.175554E+0
6.871693E+1	1.391429E-4	3.222253E+0
6.870992E+1	1.300952E-4	3.268953E+0
6.870293E+1	1.243333E-4	3.315652E+0
6.869592E+1	1.200476E-4	3.362351E+0
6.868893E+1	1.290952E-4	3.409051E+0
6.868192E+1	1.216191E-4	3.455750E+0
6.867493E+1	1.238571E-4	3.502449E+0
6.866792E+1	1.254286E-4	3.549149E+0
6.866093E+1	1.193810E-4	3.595848E+0
6.865392E+1	1.145714E-4	3.642547E+0
6.864693E+1	1.216667E-4	3.689247E+0
6.863992E+1	1.122381E-4	3.735946E+0
6.863293E+1	1.138571E-4	3.782645E+0
6.862592E+1	1.253809E-4	3.829345E+0
6.861893E+1	1.089048E-4	3.876044E+0
6.861192E+1	1.157143E-4	3.922743E+0
6.860493E+1	1.098095E-4	3.969443E+0
6.859792E+1	1.296667E-4	4.016142E+0
6.859093E+1	1.233809E-4	4.062841E+0
6.858392E+1	1.189524E-4	4.109540E+0
6.857693E+1	1.240952E-4	4.156240E+0
6.856992E+1	1.300476E-4	4.202939E+0
6.856293E+1	1.220000E-4	4.249639E+0
6.855592E+1	1.180476E-4	4.296338E+0
6.854893E+1	1.040000E-4	4.343037E+0
6.854192E+1	1.176190E-4	4.389737E+0
6.853493E+1	1.239524E-4	4.436436E+0
6.852792E+1	1.060952E-4	4.483135E+0
6.852093E+1	1.087619E-4	4.529835E+0
6.851392E+1	1.111429E-4	4.576534E+0
6.850693E+1	1.000952E-4	4.623233E+0
6.849992E+1	1.036190E-4	4.669932E+0
6.849293E+1	9.957143E-5	4.716632E+0
6.848592E+1	9.833333E-5	4.763331E+0
6.847893E+1	1.237619E-4	4.810030E+0
6.847192E+1	1.211905E-4	4.856730E+0
6.846493E+1	1.063333E-4	4.903429E+0
6.845792E+1	1.026667E-4	4.950129E+0
6.845093E+1	1.095714E-4	4.996828E+0
6.844392E+1	1.170000E-4	5.043527E+0
6.843693E+1	1.100000E-4	5.090227E+0
6.842992E+1	1.063333E-4	5.136926E+0
6.842293E+1	1.121429E-4	5.183625E+0
6.841592E+1	1.084286E-4	5.230324E+0
6.840893E+1	1.044762E-4	5.277024E+0
6.840192E+1	1.013333E-4	5.323723E+0
6.839493E+1	1.035238E-4	5.370422E+0
6.838792E+1	1.104286E-4	5.417122E+0
6.838093E+1	1.215238E-4	5.463821E+0
6.837392E+1	1.203810E-4	5.510520E+0
6.836693E+1	1.081905E-4	5.557220E+0
6.835992E+1	1.026667E-4	5.603919E+0
6.835293E+1	1.029524E-4	5.650619E+0
6.834592E+1	1.002857E-4	5.697318E+0
6.833893E+1	1.142381E-4	5.744017E+0
6.833192E+1	1.153809E-4	5.790716E+0
6.832493E+1	1.058571E-4	5.837416E+0
6.831792E+1	1.179048E-4	5.884115E+0
6.831093E+1	1.101429E-4	5.930814E+0
