6.949995E+1	7.677000E-4	2.060000E-5	0.000000E+0	-6.949995E+1
6.924995E+1	7.897000E-4	4.000000E-6	1.667833E+0	-6.924995E+1
6.899995E+1	6.810000E-4	-6.800000E-6	3.335666E+0	-6.899995E+1
6.874995E+1	2.736000E-4	-2.380000E-5	5.003499E+0	-6.874995E+1
6.849995E+1	1.143000E-4	-5.300000E-6	6.671332E+0	-6.849995E+1
6.824995E+1	1.047000E-4	-1.750000E-5	8.339165E+0	-6.824995E+1
6.799995E+1	8.820000E-5	-3.100000E-5	1.000700E+1	-6.799995E+1
6.774995E+1	1.099000E-4	2.360000E-5	1.167483E+1	-6.774995E+1
6.749995E+1	1.232000E-4	9.800000E-6	1.334266E+1	-6.749995E+1
6.724995E+1	1.270000E-4	-1.000000E-7	1.501050E+1	-6.724995E+1
6.699995E+1	1.859000E-4	2.830000E-5	1.667833E+1	-6.699995E+1
6.674995E+1	1.992000E-4	2.090000E-5	1.834616E+1	-6.674995E+1
6.649995E+1	2.069000E-4	9.600000E-6	2.001400E+1	-6.649995E+1
6.624995E+1	1.834000E-4	1.920000E-5	2.168183E+1	-6.624995E+1
6.599995E+1	1.681000E-4	4.000000E-7	2.334966E+1	-6.599995E+1
6.574995E+1	2.315000E-4	2.050000E-5	2.501750E+1	-6.574995E+1
6.549995E+1	2.255000E-4	2.560000E-5	2.668533E+1	-6.549995E+1
6.524995E+1	2.381000E-4	3.260000E-5	2.835316E+1	-6.524995E+1
6.499995E+1	2.483000E-4	-2.830000E-5	3.002099E+1	-6.499995E+1
6.474995E+1	2.361000E-4	-1.550000E-5	3.168883E+1	-6.474995E+1
6.449995E+1	2.559000E-4	3.400000E-6	3.335666E+1	-6.449995E+1
6.424995E+1	2.651000E-4	-3.300000E-6	3.502449E+1	-6.424995E+1
6.399995E+1	2.560000E-4	1.900000E-5	3.669233E+1	-6.399995E+1
6.374995E+1	2.980000E-4	-1.810000E-5	3.836016E+1	-6.374995E+1
6.349995E+1	2.829000E-4	-1.000000E-5	4.002799E+1	-6.349995E+1
6.324995E+1	3.057000E-4	2.000000E-6	4.169583E+1	-6.324995E+1
6.299995E+1	2.755000E-4	-4.900000E-6	4.336366E+1	-6.299995E+1
6.274995E+1	3.176000E-4	-1.770000E-5	4.503149E+1	-6.274995E+1
6.249995E+1	3.141000E-4	-8.200000E-6	4.669933E+1	-6.249995E+1
6.224995E+1	2.938000E-4	9.800000E-6	4.836716E+1	-6.224995E+1
6.199995E+1	2.931000E-4	-1.060000E-5	5.003499E+1	-6.199995E+1
6.174995E+1	2.811000E-4	-1.250000E-5	5.170282E+1	-6.174995E+1
6.149995E+1	3.233000E-4	-6.700000E-6	5.337066E+1	-6.149995E+1
6.124995E+1	3.340000E-4	-1.790000E-5	5.503849E+1	-6.124995E+1
6.099995E+1	3.210000E-4	3.770000E-5	5.670632E+1	-6.099995E+1
6.074995E+1	3.295000E-4	7.700000E-6	5.837416E+1	-6.074995E+1
6.049995E+1	3.386000E-4	5.300000E-6	6.004199E+1	-6.049995E+1
6.024995E+1	3.307000E-4	7.100000E-6	6.170982E+1	-6.024995E+1
5.999995E+1	3.350000E-4	-7.000000E-7	6.337766E+1	-5.999995E+1
5.974995E+1	3.430000E-4	-6.000000E-7	6.504549E+1	-5.974995E+1
5.949995E+1	3.312000E-4	2.160000E-5	6.671332E+1	-5.949995E+1
5.924995E+1	3.202000E-4	1.420000E-5	6.838116E+1	-5.924995E+1
5.899995E+1	3.695000E-4	2.100000E-5	7.004899E+1	-5.899995E+1
5.874995E+1	3.540000E-4	-7.900000E-6	7.171682E+1	-5.874995E+1
5.849995E+1	3.626000E-4	3.370000E-5	7.338465E+1	-5.849995E+1
5.824995E+1	3.582000E-4	3.580000E-5	7.505249E+1	-5.824995E+1
5.799995E+1	3.513000E-4	-6.100000E-6	7.672032E+1	-5.799995E+1
5.774995E+1	3.773000E-4	-1.940000E-5	7.838815E+1	-5.774995E+1
5.749995E+1	3.575000E-4	1.050000E-5	8.005598E+1	-5.749995E+1
5.724995E+1	3.964000E-4	-1.560000E-5	8.172382E+1	-5.724995E+1
5.699995E+1	3.650000E-4	1.350000E-5	8.339165E+1	-5.699995E+1
5.674995E+1	3.817000E-4	1.560000E-5	8.505949E+1	-5.674995E+1
5.649995E+1	3.848000E-4	-3.130000E-5	8.672732E+1	-5.649995E+1
5.624995E+1	3.676000E-4	-6.000000E-6	8.839515E+1	-5.624995E+1
5.599995E+1	3.945000E-4	-8.400000E-6	9.006298E+1	-5.599995E+1
5.574995E+1	3.837000E-4	3.360000E-5	9.173082E+1	-5.574995E+1
5.549995E+1	4.021000E-4	-1.090000E-5	9.339865E+1	-5.549995E+1
5.524995E+1	3.866000E-4	1.430000E-5	9.506648E+1	-5.524995E+1
5.499995E+1	3.805000E-4	1.840000E-5	9.673431E+1	-5.499995E+1
5.474995E+1	3.601000E-4	1.820000E-5	9.840215E+1	-5.474995E+1
5.449995E+1	3.954000E-4	-4.600000E-6	1.000700E+2	-5.449995E+1
5.424995E+1	3.872000E-4	-2.800000E-6	1.017378E+2	-5.424995E+1
5.399995E+1	3.671000E-4	2.050000E-5	1.034056E+2	-5.399995E+1
5.374995E+1	4.080000E-4	-1.100000E-6	1.050735E+2	-5.374995E+1
5.349995E+1	3.852000E-4	3.900000E-6	1.067413E+2	-5.349995E+1
5.324995E+1	4.127000E-4	2.270000E-5	1.084091E+2	-5.324995E+1
5.299995E+1	4.195000E-4	-8.700000E-6	1.100770E+2	-5.299995E+1
5.274995E+1	4.020000E-4	-8.600000E-6	1.117448E+2	-5.274995E+1
5.249995E+1	4.117000E-4	3.400000E-6	1.134126E+2	-5.249995E+1
5.224995E+1	4.183000E-4	-2.500000E-5	1.150805E+2	-5.224995E+1
5.199995E+1	4.000000E-4	2.220000E-5	1.167483E+2	-5.199995E+1
5.174995E+1	4.042000E-4	2.570000E-5	1.184161E+2	-5.174995E+1
5.149995E+1	4.387000E-4	1.270000E-5	1.200840E+2	-5.149995E+1
5.124995E+1	4.191000E-4	3.090000E-5	1.217518E+2	-5.124995E+1
5.099995E+1	4.394000E-4	-1.240000E-5	1.234196E+2	-5.099995E+1
5.074995E+1	4.194000E-4	-3.000000E-7	1.250875E+2	-5.074995E+1
5.049995E+1	4.222000E-4	1.670000E-5	1.267553E+2	-5.049995E+1
5.024995E+1	3.963000E-4	-7.000000E-7	1.284231E+2	-5.024995E+1
4.999995E+1	4.308000E-4	1.720000E-5	1.300910E+2	-4.999995E+1
4.974995E+1	4.454000E-4	7.900000E-6	1.317588E+2	-4.974995E+1
4.949995E+1	4.004000E-4	3.190000E-5	1.334266E+2	-4.949995E+1
4.924995E+1	4.374000E-4	-1.720000E-5	1.350945E+2	-4.924995E+1
4.899995E+1	4.650000E-4	2.130000E-5	1.367623E+2	-4.899995E+1
4.874995E+1	4.185000E-4	2.900000E-6	1.384301E+2	-4.874995E+1
4.849995E+1	4.468000E-4	-3.000000E-7	1.400980E+2	-4.849995E+1
4.824995E+1	4.379000E-4	-1.790000E-5	1.417658E+2	-4.824995E+1
4.799995E+1	4.661000E-4	4.700000E-6	1.434336E+2	-4.799995E+1
4.774995E+1	4.393000E-4	-1.470000E-5	1.451015E+2	-4.774995E+1
4.749995E+1	4.516000E-4	1.610000E-5	1.467693E+2	-4.749995E+1
4.724995E+1	4.294000E-4	1.400000E-6	1.484371E+2	-4.724995E+1
4.699995E+1	4.399000E-4	-3.600000E-6	1.501050E+2	-4.699995E+1
4.674995E+1	4.533000E-4	3.600000E-6	1.517728E+2	-4.674995E+1
4.649995E+1	4.315000E-4	3.030000E-5	1.534406E+2	-4.649995E+1
4.624995E+1	4.596000E-4	-1.930000E-5	1.551085E+2	-4.624995E+1
4.599995E+1	4.403000E-4	-1.000000E-7	1.567763E+2	-4.599995E+1
4.574995E+1	4.542000E-4	1.750000E-5	1.584441E+2	-4.574995E+1
4.549995E+1	4.493000E-4	9.900000E-6	1.601120E+2	-4.549995E+1
4.524995E+1	4.276000E-4	1.660000E-5	1.617798E+2	-4.524995E+1
4.499995E+1	4.514000E-4	2.570000E-5	1.634476E+2	-4.499995E+1
4.474995E+1	4.505000E-4	1.780000E-5	1.651155E+2	-4.474995E+1
4.449995E+1	4.665000E-4	1.200000E-6	1.667833E+2	-4.449995E+1
4.424995E+1	4.485000E-4	-4.900000E-6	1.684511E+2	-4.424995E+1
4.399995E+1	4.828000E-4	5.200000E-6	1.701190E+2	-4.399995E+1
4.374995E+1	4.589000E-4	1.380000E-5	1.717868E+2	-4.374995E+1
4.349995E+1	4.572000E-4	1.820000E-5	1.734546E+2	-4.349995E+1
4.324995E+1	4.628000E-4	1.340000E-5	1.751225E+2	-4.324995E+1
4.299995E+1	4.706000E-4	-3.000000E-7	1.767903E+2	-4.299995E+1
4.274995E+1	4.648000E-4	-4.400000E-6	1.784581E+2	-4.274995E+1
4.249995E+1	4.412000E-4	2.680000E-5	1.801260E+2	-4.249995E+1
4.224995E+1	4.133000E-4	1.310000E-5	1.817938E+2	-4.224995E+1
4.199995E+1	4.686000E-4	4.000000E-7	1.834616E+2	-4.199995E+1
4.174995E+1	4.922000E-4	-3.560000E-5	1.851295E+2	-4.174995E+1
4.149995E+1	4.653000E-4	-1.410000E-5	1.867973E+2	-4.149995E+1
4.124995E+1	4.806000E-4	-1.100000E-6	1.884651E+2	-4.124995E+1
4.099995E+1	4.858000E-4	1.320000E-5	1.901330E+2	-4.099995E+1
4.074995E+1	4.527000E-4	8.700000E-6	1.918008E+2	-4.074995E+1
4.049995E+1	4.613000E-4	-1.530000E-5	1.934686E+2	-4.049995E+1
4.024995E+1	4.822000E-4	-1.700000E-5	1.951365E+2	-4.024995E+1
3.999995E+1	4.700000E-4	1.220000E-5	1.968043E+2	-3.999995E+1
3.974995E+1	4.598000E-4	-5.400000E-6	1.984721E+2	-3.974995E+1
3.949995E+1	4.942000E-4	-2.450000E-5	2.001400E+2	-3.949995E+1
3.924995E+1	4.938000E-4	-2.790000E-5	2.018078E+2	-3.924995E+1
3.899995E+1	4.668000E-4	-9.300000E-6	2.034756E+2	-3.899995E+1
3.874995E+1	4.793000E-4	-7.700000E-6	2.051435E+2	-3.874995E+1
3.849995E+1	4.505000E-4	8.400000E-6	2.068113E+2	-3.849995E+1
3.824995E+1	5.012000E-4	3.330000E-5	2.084791E+2	-3.824995E+1
3.799995E+1	4.812000E-4	2.000000E-5	2.101470E+2	-3.799995E+1
3.774995E+1	4.829000E-4	1.430000E-5	2.118148E+2	-3.774995E+1
3.749995E+1	4.706000E-4	1.840000E-5	2.134826E+2	-3.749995E+1
3.724995E+1	4.618000E-4	1.870000E-5	2.151505E+2	-3.724995E+1
3.699995E+1	5.136000E-4	3.150000E-5	2.168183E+2	-3.699995E+1
3.674995E+1	5.198000E-4	1.860000E-5	2.184861E+2	-3.674995E+1
3.649995E+1	4.802000E-4	1.090000E-5	2.201540E+2	-3.649995E+1
3.624995E+1	4.789000E-4	3.500000E-6	2.218218E+2	-3.624995E+1
3.599995E+1	4.820000E-4	2.500000E-5	2.234896E+2	-3.599995E+1
3.574995E+1	4.978000E-4	-8.100000E-6	2.251575E+2	-3.574995E+1
3.549995E+1	4.868000E-4	4.130000E-5	2.268253E+2	-3.549995E+1
3.524995E+1	5.131000E-4	2.570000E-5	2.284931E+2	-3.524995E+1
3.499995E+1	4.973000E-4	2.340000E-5	2.301610E+2	-3.499995E+1
3.474995E+1	5.254000E-4	7.900000E-6	2.318288E+2	-3.474995E+1
3.449995E+1	4.924000E-4	7.000000E-7	2.334966E+2	-3.449995E+1
3.424995E+1	4.931000E-4	2.360000E-5	2.351645E+2	-3.424995E+1
3.399995E+1	4.934000E-4	6.400000E-6	2.368323E+2	-3.399995E+1
3.374995E+1	5.216000E-4	3.100000E-6	2.385001E+2	-3.374995E+1
3.349995E+1	4.944000E-4	-1.220000E-5	2.401680E+2	-3.349995E+1
3.324995E+1	5.271000E-4	-1.020000E-5	2.418358E+2	-3.324995E+1
3.299995E+1	5.194000E-4	-1.730000E-5	2.435036E+2	-3.299995E+1
3.274995E+1	5.111000E-4	2.180000E-5	2.451715E+2	-3.274995E+1
3.249995E+1	5.202000E-4	-3.900000E-6	2.468393E+2	-3.249995E+1
3.224995E+1	4.893000E-4	6.100000E-6	2.485071E+2	-3.224995E+1
3.199994E+1	5.229000E-4	2.190000E-5	2.501750E+2	-3.199994E+1
3.174994E+1	4.985000E-4	-9.000000E-7	2.518428E+2	-3.174994E+1
3.149994E+1	4.900000E-4	2.700000E-6	2.535106E+2	-3.149994E+1
3.124994E+1	4.798000E-4	8.300000E-6	2.551785E+2	-3.124994E+1
3.099994E+1	5.145000E-4	1.810000E-5	2.568463E+2	-3.099994E+1
3.074994E+1	5.176000E-4	2.010000E-5	2.585141E+2	-3.074994E+1
3.049994E+1	5.160000E-4	-7.300000E-6	2.601819E+2	-3.049994E+1
3.024994E+1	5.028000E-4	1.280000E-5	2.618498E+2	-3.024994E+1
2.999994E+1	5.060000E-4	1.200000E-5	2.635176E+2	-2.999994E+1
2.974994E+1	5.005000E-4	-6.000000E-7	2.651855E+2	-2.974994E+1
2.949994E+1	4.975000E-4	9.600000E-6	2.668533E+2	-2.949994E+1
2.924994E+1	4.974000E-4	3.220000E-5	2.685211E+2	-2.924994E+1
2.899994E+1	5.112000E-4	3.030000E-5	2.701890E+2	-2.899994E+1
2.874994E+1	5.039000E-4	1.570000E-5	2.718568E+2	-2.874994E+1
2.849994E+1	5.113000E-4	1.870000E-5	2.735246E+2	-2.849994E+1
2.824994E+1	5.331000E-4	2.100000E-5	2.751924E+2	-2.824994E+1
2.799994E+1	5.534000E-4	-1.300000E-6	2.768603E+2	-2.799994E+1
2.774994E+1	5.185000E-4	3.200000E-6	2.785281E+2	-2.774994E+1
2.749994E+1	4.933000E-4	3.110000E-5	2.801960E+2	-2.749994E+1
2.724994E+1	5.116000E-4	1.440000E-5	2.818638E+2	-2.724994E+1
2.699994E+1	4.919000E-4	2.600000E-6	2.835316E+2	-2.699994E+1
2.674994E+1	4.974000E-4	5.480000E-5	2.851995E+2	-2.674994E+1
2.649994E+1	5.113000E-4	3.290000E-5	2.868673E+2	-2.649994E+1
2.624994E+1	5.204000E-4	2.030000E-5	2.885351E+2	-2.624994E+1
2.599994E+1	5.253000E-4	-1.370000E-5	2.902029E+2	-2.599994E+1
2.574994E+1	5.286000E-4	-1.170000E-5	2.918708E+2	-2.574994E+1
2.549994E+1	5.768000E-4	2.860000E-5	2.935386E+2	-2.549994E+1
2.524994E+1	6.764000E-4	-2.190000E-5	2.952065E+2	-2.524994E+1
2.499994E+1	5.157000E-4	1.160000E-5	2.968743E+2	-2.499994E+1
2.474994E+1	5.309000E-4	3.010000E-5	2.985421E+2	-2.474994E+1
2.449994E+1	5.206000E-4	1.580000E-5	3.002100E+2	-2.449994E+1
2.424994E+1	5.398000E-4	-3.290000E-5	3.018778E+2	-2.424994E+1
2.399994E+1	5.185000E-4	-2.000000E-6	3.035456E+2	-2.399994E+1
2.374994E+1	5.222000E-4	-3.600000E-5	3.052134E+2	-2.374994E+1
2.349994E+1	5.377000E-4	-1.020000E-5	3.068813E+2	-2.349994E+1
2.324994E+1	4.941000E-4	-2.440000E-5	3.085491E+2	-2.324994E+1
2.299994E+1	4.911000E-4	1.530000E-5	3.102169E+2	-2.299994E+1
2.274994E+1	5.433000E-4	1.260000E-5	3.118848E+2	-2.274994E+1
2.249994E+1	5.374000E-4	3.630000E-5	3.135526E+2	-2.249994E+1
2.224994E+1	5.423000E-4	1.500000E-6	3.152205E+2	-2.224994E+1
2.199994E+1	5.323000E-4	-2.500000E-6	3.168883E+2	-2.199994E+1
2.174994E+1	5.464000E-4	-1.340000E-5	3.185561E+2	-2.174994E+1
2.149994E+1	5.540000E-4	3.700000E-6	3.202239E+2	-2.149994E+1
2.124994E+1	5.064000E-4	1.790000E-5	3.218918E+2	-2.124994E+1
2.099994E+1	5.054000E-4	3.500000E-6	3.235596E+2	-2.099994E+1
2.074994E+1	5.153000E-4	2.040000E-5	3.252274E+2	-2.074994E+1
2.049994E+1	5.128000E-4	1.670000E-5	3.268953E+2	-2.049994E+1
2.024994E+1	5.056000E-4	1.530000E-5	3.285631E+2	-2.024994E+1
1.999994E+1	5.579000E-4	1.470000E-5	3.302309E+2	-1.999994E+1
1.974994E+1	5.500000E-4	2.940000E-5	3.318988E+2	-1.974994E+1
1.949994E+1	5.474000E-4	1.400000E-6	3.335666E+2	-1.949994E+1
1.924994E+1	5.509000E-4	2.700000E-5	3.352344E+2	-1.924994E+1
1.899994E+1	5.241000E-4	-1.390000E-5	3.369023E+2	-1.899994E+1
1.874994E+1	5.429000E-4	-1.200000E-6	3.385701E+2	-1.874994E+1
1.849994E+1	5.657000E-4	-1.200000E-6	3.402379E+2	-1.849994E+1
1.824994E+1	5.381000E-4	-3.280000E-5	3.419058E+2	-1.824994E+1
1.799994E+1	5.438000E-4	8.000000E-6	3.435736E+2	-1.799994E+1
1.774994E+1	5.301000E-4	3.580000E-5	3.452414E+2	-1.774994E+1
1.749994E+1	5.520000E-4	2.480000E-5	3.469093E+2	-1.749994E+1
1.724994E+1	5.326000E-4	1.830000E-5	3.485771E+2	-1.724994E+1
1.699994E+1	5.371000E-4	5.400000E-6	3.502449E+2	-1.699994E+1
1.674994E+1	5.315000E-4	4.360000E-5	3.519128E+2	-1.674994E+1
1.649994E+1	5.308000E-4	1.100000E-5	3.535806E+2	-1.649994E+1
1.624994E+1	5.147000E-4	6.400000E-6	3.552484E+2	-1.624994E+1
1.599994E+1	5.374000E-4	1.230000E-5	3.569163E+2	-1.599994E+1
1.574994E+1	5.477000E-4	-9.000000E-7	3.585841E+2	-1.574994E+1
1.549994E+1	5.315000E-4	-1.650000E-5	3.602519E+2	-1.549994E+1
1.524994E+1	5.572000E-4	-2.540000E-5	3.619198E+2	-1.524994E+1
1.499994E+1	5.362000E-4	-5.800000E-6	3.635876E+2	-1.499994E+1
1.474994E+1	5.330000E-4	-1.000000E-6	3.652554E+2	-1.474994E+1
1.449994E+1	5.118000E-4	-9.200000E-6	3.669233E+2	-1.449994E+1
1.424994E+1	5.504000E-4	5.110000E-5	3.685911E+2	-1.424994E+1
1.399994E+1	5.133000E-4	-1.190000E-5	3.702589E+2	-1.399994E+1
1.374994E+1	5.556000E-4	8.300000E-6	3.719268E+2	-1.374994E+1
1.349994E+1	5.498000E-4	2.670000E-5	3.735946E+2	-1.349994E+1
1.324994E+1	5.541000E-4	-2.800000E-6	3.752624E+2	-1.324994E+1
1.299994E+1	5.146000E-4	-1.520000E-5	3.769303E+2	-1.299994E+1
1.274994E+1	5.283000E-4	-2.110000E-5	3.785981E+2	-1.274994E+1
1.249994E+1	5.451000E-4	-4.100000E-6	3.802659E+2	-1.249994E+1
1.224994E+1	5.369000E-4	-3.600000E-6	3.819338E+2	-1.224994E+1
1.199994E+1	5.516000E-4	-2.500000E-6	3.836016E+2	-1.199994E+1
1.174994E+1	5.472000E-4	1.370000E-5	3.852694E+2	-1.174994E+1
1.149994E+1	5.365000E-4	-1.100000E-6	3.869373E+2	-1.149994E+1
1.124994E+1	5.343000E-4	-1.160000E-5	3.886051E+2	-1.124994E+1
1.099994E+1	5.400000E-4	-1.660000E-5	3.902729E+2	-1.099994E+1
1.074994E+1	5.455000E-4	-2.820000E-5	3.919408E+2	-1.074994E+1
1.049994E+1	5.538000E-4	-3.530000E-5	3.936086E+2	-1.049994E+1
1.024994E+1	5.543000E-4	-1.960000E-5	3.952764E+2	-1.024994E+1
9.999945E+0	5.648000E-4	3.200000E-6	3.969443E+2	-9.999945E+0
9.749945E+0	5.674000E-4	1.820000E-5	3.986121E+2	-9.749945E+0
9.499945E+0	5.707000E-4	2.150000E-5	4.002799E+2	-9.499945E+0
9.249945E+0	5.691000E-4	-1.400000E-5	4.019478E+2	-9.249945E+0
8.999945E+0	5.676000E-4	8.500000E-6	4.036156E+2	-8.999945E+0
8.749945E+0	5.637000E-4	-1.800000E-6	4.052834E+2	-8.749945E+0
8.499945E+0	5.465000E-4	3.010000E-5	4.069513E+2	-8.499945E+0
8.249945E+0	5.455000E-4	3.670000E-5	4.086191E+2	-8.249945E+0
7.999945E+0	5.706000E-4	-2.430000E-5	4.102869E+2	-7.999945E+0
7.749945E+0	5.715000E-4	2.520000E-5	4.119548E+2	-7.749945E+0
7.499945E+0	5.789000E-4	1.660000E-5	4.136226E+2	-7.499945E+0
7.249945E+0	5.656000E-4	-1.530000E-5	4.152904E+2	-7.249945E+0
6.999945E+0	5.747000E-4	4.100000E-6	4.169583E+2	-6.999945E+0
6.749945E+0	5.915000E-4	1.400000E-5	4.186261E+2	-6.749945E+0
6.499945E+0	5.595000E-4	-2.700000E-6	4.202939E+2	-6.499945E+0
6.249945E+0	5.832000E-4	2.190000E-5	4.219618E+2	-6.249945E+0
5.999945E+0	5.804000E-4	3.100000E-6	4.236296E+2	-5.999945E+0
5.749945E+0	5.342000E-4	1.810000E-5	4.252974E+2	-5.749945E+0
5.499945E+0	5.878000E-4	4.700000E-6	4.269653E+2	-5.499945E+0
5.249945E+0	5.458000E-4	-4.800000E-6	4.286331E+2	-5.249945E+0
4.999945E+0	5.664000E-4	3.280000E-5	4.303009E+2	-4.999945E+0
4.749945E+0	5.721000E-4	2.730000E-5	4.319687E+2	-4.749945E+0
4.499945E+0	5.787000E-4	-6.000000E-6	4.336366E+2	-4.499945E+0
4.249945E+0	5.650000E-4	1.380000E-5	4.353044E+2	-4.249945E+0
3.999945E+0	5.944000E-4	-1.510000E-5	4.369723E+2	-3.999945E+0
3.749945E+0	5.673000E-4	5.900000E-6	4.386401E+2	-3.749945E+0
3.499945E+0	5.660000E-4	1.220000E-5	4.403079E+2	-3.499945E+0
3.249945E+0	5.695000E-4	-3.800000E-5	4.419758E+2	-3.249945E+0
2.999945E+0	5.751000E-4	-1.010000E-5	4.436436E+2	-2.999945E+0
2.749945E+0	5.699000E-4	2.550000E-5	4.453114E+2	-2.749945E+0
2.499945E+0	5.575000E-4	3.840000E-5	4.469792E+2	-2.499945E+0
2.249945E+0	5.732000E-4	2.100000E-6	4.486471E+2	-2.249945E+0
1.999945E+0	5.880000E-4	2.110000E-5	4.503149E+2	-1.999945E+0
1.749945E+0	5.771000E-4	1.530000E-5	4.519828E+2	-1.749945E+0
1.499945E+0	5.878000E-4	-9.000000E-7	4.536506E+2	-1.499945E+0
1.249945E+0	6.046000E-4	1.190000E-5	4.553184E+2	-1.249945E+0
9.999450E-1	5.444000E-4	1.240000E-5	4.569863E+2	-9.999450E-1
7.499450E-1	5.844000E-4	4.230000E-5	4.586541E+2	-7.499450E-1
4.999450E-1	5.652000E-4	2.210000E-5	4.603219E+2	-4.999450E-1
2.499450E-1	5.934000E-4	-4.500000E-6	4.619897E+2	-2.499450E-1
-5.500000E-5	5.719000E-4	1.530000E-5	4.636576E+2	5.500000E-5
-2.500550E-1	5.560000E-4	-9.300000E-6	4.653254E+2	2.500550E-1
-5.000550E-1	5.873000E-4	-1.780000E-5	4.669933E+2	5.000550E-1
-7.500550E-1	5.779000E-4	1.720000E-5	4.686611E+2	7.500550E-1
-1.000055E+0	5.772000E-4	1.040000E-5	4.703289E+2	1.000055E+0
-1.250055E+0	5.744000E-4	-2.360000E-5	4.719967E+2	1.250055E+0
-1.500055E+0	5.576000E-4	5.200000E-5	4.736646E+2	1.500055E+0
-1.750055E+0	5.597000E-4	4.160000E-5	4.753324E+2	1.750055E+0
-2.000055E+0	5.983000E-4	-2.680000E-5	4.770002E+2	2.000055E+0
-2.250055E+0	5.893000E-4	5.900000E-6	4.786681E+2	2.250055E+0
-2.500055E+0	5.694000E-4	1.470000E-5	4.803359E+2	2.500055E+0
-2.750055E+0	5.839000E-4	-1.190000E-5	4.820038E+2	2.750055E+0
-3.000055E+0	5.693000E-4	-1.500000E-5	4.836716E+2	3.000055E+0
-3.250055E+0	6.012000E-4	6.500000E-6	4.853394E+2	3.250055E+0
-3.500055E+0	5.316000E-4	5.000000E-7	4.870072E+2	3.500055E+0
-3.750055E+0	5.590000E-4	-6.400000E-6	4.886751E+2	3.750055E+0
-4.000055E+0	5.632000E-4	2.930000E-5	4.903429E+2	4.000055E+0
-4.250055E+0	5.492000E-4	-1.530000E-5	4.920107E+2	4.250055E+0
-4.500055E+0	5.825000E-4	-1.230000E-5	4.936786E+2	4.500055E+0
-4.750055E+0	6.032000E-4	3.400000E-6	4.953464E+2	4.750055E+0
-5.000055E+0	5.861000E-4	2.920000E-5	4.970143E+2	5.000055E+0
-5.250055E+0	5.741000E-4	3.000000E-5	4.986821E+2	5.250055E+0
-5.500055E+0	5.801000E-4	4.290000E-5	5.003499E+2	5.500055E+0
-5.750055E+0	5.841000E-4	4.520000E-5	5.020177E+2	5.750055E+0
-6.000055E+0	5.762000E-4	2.710000E-5	5.036856E+2	6.000055E+0
-6.250055E+0	5.736000E-4	1.670000E-5	5.053534E+2	6.250055E+0
-6.500055E+0	5.790000E-4	-2.900000E-6	5.070212E+2	6.500055E+0
-6.750055E+0	5.671000E-4	2.430000E-5	5.086891E+2	6.750055E+0
-7.000055E+0	5.802000E-4	1.750000E-5	5.103569E+2	7.000055E+0
-7.250055E+0	5.503000E-4	-7.900000E-6	5.120247E+2	7.250055E+0
-7.500055E+0	5.608000E-4	7.900000E-6	5.136926E+2	7.500055E+0
-7.750055E+0	5.569000E-4	-5.100000E-6	5.153604E+2	7.750055E+0
-8.000055E+0	5.780000E-4	-1.000000E-7	5.170283E+2	8.000055E+0
-8.250055E+0	5.722000E-4	6.500000E-6	5.186960E+2	8.250055E+0
-8.500055E+0	6.110000E-4	2.970000E-5	5.203639E+2	8.500055E+0
-8.750055E+0	6.260000E-4	2.660000E-5	5.220317E+2	8.750055E+0
-9.000055E+0	5.941000E-4	1.020000E-5	5.236996E+2	9.000055E+0
-9.250055E+0	5.879000E-4	2.150000E-5	5.253674E+2	9.250055E+0
-9.500055E+0	5.994000E-4	7.900000E-6	5.270352E+2	9.500055E+0
-9.750055E+0	5.795000E-4	2.050000E-5	5.287031E+2	9.750055E+0
-1.000006E+1	5.502000E-4	3.800000E-6	5.303709E+2	1.000006E+1
-1.025006E+1	6.803000E-4	-6.810000E-5	5.320388E+2	1.025006E+1
-1.050006E+1	6.085000E-4	9.000000E-7	5.337065E+2	1.050006E+1
-1.075006E+1	5.709000E-4	-9.900000E-6	5.353744E+2	1.075006E+1
-1.100006E+1	5.761000E-4	2.280000E-5	5.370422E+2	1.100006E+1
-1.125006E+1	5.909000E-4	2.480000E-5	5.387101E+2	1.125006E+1
-1.150006E+1	5.507000E-4	1.810000E-5	5.403779E+2	1.150006E+1
-1.175006E+1	5.666000E-4	4.470000E-5	5.420457E+2	1.175006E+1
-1.200006E+1	5.832000E-4	1.110000E-5	5.437136E+2	1.200006E+1
-1.225006E+1	5.792000E-4	2.920000E-5	5.453814E+2	1.225006E+1
-1.250006E+1	6.200000E-4	1.230000E-5	5.470493E+2	1.250006E+1
-1.275006E+1	5.919000E-4	4.900000E-6	5.487170E+2	1.275006E+1
-1.300006E+1	5.518000E-4	5.720000E-5	5.503849E+2	1.300006E+1
-1.325006E+1	5.448000E-4	3.280000E-5	5.520527E+2	1.325006E+1
-1.350006E+1	5.762000E-4	2.180000E-5	5.537206E+2	1.350006E+1
-1.375006E+1	5.732000E-4	7.500000E-6	5.553884E+2	1.375006E+1
-1.400006E+1	5.748000E-4	9.500000E-6	5.570562E+2	1.400006E+1
-1.425006E+1	6.048000E-4	4.300000E-6	5.587241E+2	1.425006E+1
-1.450006E+1	5.961000E-4	-6.000000E-6	5.603919E+2	1.450006E+1
-1.475006E+1	6.017000E-4	-8.200000E-6	5.620598E+2	1.475006E+1
-1.500006E+1	6.035000E-4	-2.000000E-6	5.637275E+2	1.500006E+1
-1.525006E+1	5.885000E-4	-8.600000E-6	5.653954E+2	1.525006E+1
-1.550006E+1	5.764000E-4	-7.700000E-6	5.670632E+2	1.550006E+1
-1.575006E+1	6.046000E-4	-2.710000E-5	5.687311E+2	1.575006E+1
-1.600006E+1	5.636000E-4	-1.120000E-5	5.703989E+2	1.600006E+1
-1.625006E+1	5.895000E-4	2.620000E-5	5.720667E+2	1.625006E+1
-1.650006E+1	5.916000E-4	-7.000000E-7	5.737346E+2	1.650006E+1
-1.675006E+1	5.916000E-4	-1.100000E-5	5.754024E+2	1.675006E+1
-1.700006E+1	5.931000E-4	1.600000E-5	5.770703E+2	1.700006E+1
-1.725006E+1	5.685000E-4	1.240000E-5	5.787380E+2	1.725006E+1
-1.750006E+1	5.850000E-4	2.980000E-5	5.804059E+2	1.750006E+1
-1.775006E+1	5.841000E-4	2.610000E-5	5.820737E+2	1.775006E+1
-1.800006E+1	5.711000E-4	2.170000E-5	5.837416E+2	1.800006E+1
-1.825006E+1	5.686000E-4	5.000000E-7	5.854094E+2	1.825006E+1
-1.850006E+1	5.695000E-4	2.870000E-5	5.870772E+2	1.850006E+1
-1.875006E+1	6.029000E-4	1.800000E-6	5.887451E+2	1.875006E+1
-1.900006E+1	6.308000E-4	3.190000E-5	5.904129E+2	1.900006E+1
-1.925006E+1	5.701000E-4	1.000000E-5	5.920807E+2	1.925006E+1
-1.950006E+1	5.952000E-4	1.640000E-5	5.937485E+2	1.950006E+1
-1.975006E+1	5.972000E-4	1.640000E-5	5.954164E+2	1.975006E+1
-2.000006E+1	6.079000E-4	-1.300000E-6	5.970842E+2	2.000006E+1
-2.025006E+1	5.791000E-4	1.970000E-5	5.987521E+2	2.025006E+1
-2.050006E+1	5.551000E-4	7.300000E-6	6.004199E+2	2.050006E+1
-2.075006E+1	5.794000E-4	-6.500000E-6	6.020877E+2	2.075006E+1
-2.100006E+1	5.882000E-4	-3.410000E-5	6.037556E+2	2.100006E+1
-2.125006E+1	6.243000E-4	-1.140000E-5	6.054234E+2	2.125006E+1
-2.150006E+1	6.016000E-4	3.800000E-6	6.070912E+2	2.150006E+1
-2.175006E+1	5.947000E-4	2.240000E-5	6.087590E+2	2.175006E+1
-2.200006E+1	6.187000E-4	1.500000E-5	6.104269E+2	2.200006E+1
-2.225006E+1	5.857000E-4	3.420000E-5	6.120947E+2	2.225006E+1
-2.250006E+1	6.145000E-4	-1.390000E-5	6.137626E+2	2.250006E+1
-2.275006E+1	5.785000E-4	1.970000E-5	6.154304E+2	2.275006E+1
-2.300006E+1	6.154000E-4	6.800000E-6	6.170982E+2	2.300006E+1
-2.325006E+1	5.929000E-4	1.550000E-5	6.187661E+2	2.325006E+1
-2.350006E+1	6.300000E-4	3.260000E-5	6.204339E+2	2.350006E+1
-2.375006E+1	5.981000E-4	2.680000E-5	6.221017E+2	2.375006E+1
-2.400006E+1	6.151000E-4	5.100000E-6	6.237695E+2	2.400006E+1
-2.425006E+1	6.176000E-4	6.400000E-6	6.254374E+2	2.425006E+1
-2.450006E+1	6.027000E-4	-1.330000E-5	6.271052E+2	2.450006E+1
-2.475006E+1	5.931000E-4	1.800000E-5	6.287731E+2	2.475006E+1
-2.500006E+1	6.005000E-4	5.840000E-5	6.304409E+2	2.500006E+1
-2.525006E+1	5.814000E-4	2.430000E-5	6.321087E+2	2.525006E+1
-2.550006E+1	5.794000E-4	3.910000E-5	6.337766E+2	2.550006E+1
-2.575006E+1	6.073000E-4	2.180000E-5	6.354444E+2	2.575006E+1
-2.600006E+1	6.137000E-4	4.980000E-5	6.371122E+2	2.600006E+1
-2.625006E+1	6.099000E-4	1.730000E-5	6.387800E+2	2.625006E+1
-2.650006E+1	6.416000E-4	-5.900000E-6	6.404479E+2	2.650006E+1
-2.675006E+1	6.151000E-4	1.760000E-5	6.421157E+2	2.675006E+1
-2.700006E+1	5.712000E-4	-1.050000E-5	6.437836E+2	2.700006E+1
-2.725006E+1	5.969000E-4	1.410000E-5	6.454514E+2	2.725006E+1
-2.750006E+1	5.662000E-4	2.290000E-5	6.471192E+2	2.750006E+1
-2.775006E+1	5.792000E-4	2.630000E-5	6.487870E+2	2.775006E+1
-2.800006E+1	6.270000E-4	3.600000E-5	6.504549E+2	2.800006E+1
-2.825006E+1	6.142000E-4	-1.430000E-5	6.521227E+2	2.825006E+1
-2.850006E+1	6.048000E-4	1.740000E-5	6.537905E+2	2.850006E+1
-2.875006E+1	6.024000E-4	2.050000E-5	6.554584E+2	2.875006E+1
-2.900006E+1	6.047000E-4	3.350000E-5	6.571262E+2	2.900006E+1
-2.925006E+1	5.999000E-4	1.120000E-5	6.587941E+2	2.925006E+1
-2.950006E+1	6.155000E-4	1.160000E-5	6.604619E+2	2.950006E+1
-2.975006E+1	5.874000E-4	2.800000E-6	6.621297E+2	2.975006E+1
-3.000006E+1	6.015000E-4	1.120000E-5	6.637975E+2	3.000006E+1
-3.025006E+1	5.925000E-4	2.980000E-5	6.654654E+2	3.025006E+1
-3.050006E+1	5.971000E-4	6.200000E-6	6.671332E+2	3.050006E+1
-3.075006E+1	6.253000E-4	1.230000E-5	6.688010E+2	3.075006E+1
-3.100006E+1	5.984000E-4	-1.370000E-5	6.704689E+2	3.100006E+1
-3.125006E+1	5.757000E-4	1.550000E-5	6.721367E+2	3.125006E+1
-3.150006E+1	6.094000E-4	1.440000E-5	6.738046E+2	3.150006E+1
-3.175006E+1	6.139000E-4	4.900000E-6	6.754724E+2	3.175006E+1
-3.200005E+1	6.002000E-4	2.820000E-5	6.771402E+2	3.200005E+1
-3.225005E+1	5.873000E-4	2.300000E-5	6.788080E+2	3.225005E+1
-3.250005E+1	6.131000E-4	-1.020000E-5	6.804759E+2	3.250005E+1
-3.275005E+1	6.050000E-4	3.800000E-6	6.821437E+2	3.275005E+1
-3.300005E+1	6.151000E-4	3.010000E-5	6.838115E+2	3.300005E+1
-3.325005E+1	6.106000E-4	6.300000E-6	6.854794E+2	3.325005E+1
-3.350005E+1	6.288000E-4	2.870000E-5	6.871472E+2	3.350005E+1
-3.375005E+1	6.285000E-4	4.000000E-6	6.888151E+2	3.375005E+1
-3.400005E+1	5.901000E-4	4.230000E-5	6.904828E+2	3.400005E+1
-3.425005E+1	5.820000E-4	1.630000E-5	6.921507E+2	3.425005E+1
-3.450005E+1	5.755000E-4	1.680000E-5	6.938185E+2	3.450005E+1
-3.475005E+1	5.866000E-4	-2.190000E-5	6.954864E+2	3.475005E+1
-3.500005E+1	6.109000E-4	2.750000E-5	6.971542E+2	3.500005E+1
-3.525005E+1	6.057000E-4	1.060000E-5	6.988220E+2	3.525005E+1
-3.550005E+1	6.017000E-4	2.470000E-5	7.004899E+2	3.550005E+1
-3.575005E+1	6.019000E-4	-8.100000E-6	7.021577E+2	3.575005E+1
-3.600005E+1	5.944000E-4	1.250000E-5	7.038256E+2	3.600005E+1
-3.625005E+1	6.048000E-4	1.400000E-6	7.054933E+2	3.625005E+1
-3.650005E+1	6.163000E-4	-2.170000E-5	7.071612E+2	3.650005E+1
-3.675005E+1	5.883000E-4	-3.000000E-6	7.088290E+2	3.675005E+1
-3.700005E+1	6.076000E-4	3.100000E-6	7.104969E+2	3.700005E+1
-3.725005E+1	6.193000E-4	1.130000E-5	7.121647E+2	3.725005E+1
-3.750005E+1	5.906000E-4	3.940000E-5	7.138325E+2	3.750005E+1
-3.775005E+1	5.935000E-4	-7.300000E-6	7.155004E+2	3.775005E+1
-3.800005E+1	6.068000E-4	3.360000E-5	7.171682E+2	3.800005E+1
-3.825005E+1	6.135000E-4	2.520000E-5	7.188361E+2	3.825005E+1
-3.850005E+1	6.190000E-4	-9.000000E-6	7.205038E+2	3.850005E+1
-3.875005E+1	6.118000E-4	1.870000E-5	7.221717E+2	3.875005E+1
-3.900005E+1	6.174000E-4	1.860000E-5	7.238395E+2	3.900005E+1
-3.925005E+1	6.188000E-4	1.700000E-6	7.255074E+2	3.925005E+1
-3.950005E+1	5.847000E-4	2.020000E-5	7.271752E+2	3.950005E+1
-3.975005E+1	5.575000E-4	2.520000E-5	7.288430E+2	3.975005E+1
-4.000005E+1	6.086000E-4	1.700000E-6	7.305109E+2	4.000005E+1
-4.025005E+1	6.117000E-4	1.630000E-5	7.321787E+2	4.025005E+1
-4.050005E+1	6.448000E-4	4.200000E-6	7.338466E+2	4.050005E+1
-4.075005E+1	6.176000E-4	-1.540000E-5	7.355143E+2	4.075005E+1
-4.100005E+1	6.014000E-4	-2.800000E-6	7.371822E+2	4.100005E+1
-4.125005E+1	6.216000E-4	4.400000E-6	7.388500E+2	4.125005E+1
-4.150005E+1	5.664000E-4	4.900000E-6	7.405179E+2	4.150005E+1
-4.175005E+1	5.811000E-4	1.640000E-5	7.421857E+2	4.175005E+1
-4.200005E+1	6.011000E-4	1.970000E-5	7.438535E+2	4.200005E+1
-4.225005E+1	5.968000E-4	-9.100000E-6	7.455214E+2	4.225005E+1
-4.250005E+1	6.300000E-4	2.440000E-5	7.471892E+2	4.250005E+1
-4.275005E+1	6.362000E-4	2.620000E-5	7.488571E+2	4.275005E+1
-4.300005E+1	6.225000E-4	-4.400000E-6	7.505248E+2	4.300005E+1
-4.325005E+1	5.824000E-4	2.410000E-5	7.521927E+2	4.325005E+1
-4.350005E+1	5.889000E-4	-2.300000E-6	7.538605E+2	4.350005E+1
-4.375005E+1	5.938000E-4	-6.700000E-6	7.555284E+2	4.375005E+1
-4.400005E+1	6.067000E-4	-8.700000E-6	7.571962E+2	4.400005E+1
-4.425005E+1	5.885000E-4	-1.530000E-5	7.588640E+2	4.425005E+1
-4.450005E+1	6.038000E-4	2.770000E-5	7.605319E+2	4.450005E+1
-4.475005E+1	5.999000E-4	4.230000E-5	7.621997E+2	4.475005E+1
-4.500005E+1	6.169000E-4	-1.480000E-5	7.638676E+2	4.500005E+1
-4.525005E+1	6.441000E-4	-3.500000E-6	7.655353E+2	4.525005E+1
-4.550005E+1	6.207000E-4	7.400000E-6	7.672032E+2	4.550005E+1
-4.575005E+1	6.236000E-4	2.810000E-5	7.688710E+2	4.575005E+1
-4.600005E+1	5.994000E-4	-1.520000E-5	7.705389E+2	4.600005E+1
-4.625005E+1	5.820000E-4	3.260000E-5	7.722067E+2	4.625005E+1
-4.650005E+1	6.175000E-4	-1.160000E-5	7.738745E+2	4.650005E+1
-4.675005E+1	6.327000E-4	-9.000000E-7	7.755424E+2	4.675005E+1
-4.700005E+1	6.053000E-4	2.970000E-5	7.772102E+2	4.700005E+1
-4.725005E+1	6.140000E-4	1.040000E-5	7.788781E+2	4.725005E+1
-4.750005E+1	6.437000E-4	-1.800000E-5	7.805458E+2	4.750005E+1
-4.775005E+1	6.117000E-4	-1.730000E-5	7.822137E+2	4.775005E+1
-4.800005E+1	6.048000E-4	-1.600000E-6	7.838815E+2	4.800005E+1
-4.825005E+1	6.132000E-4	2.500000E-5	7.855494E+2	4.825005E+1
-4.850005E+1	6.021000E-4	-4.400000E-6	7.872172E+2	4.850005E+1
-4.875005E+1	6.201000E-4	-3.300000E-6	7.888850E+2	4.875005E+1
-4.900005E+1	6.345000E-4	1.220000E-5	7.905529E+2	4.900005E+1
-4.925005E+1	6.013000E-4	7.800000E-6	7.922207E+2	4.925005E+1
-4.950005E+1	6.020000E-4	1.120000E-5	7.938885E+2	4.950005E+1
-4.975005E+1	6.274000E-4	-3.380000E-5	7.955563E+2	4.975005E+1
-5.000005E+1	6.027000E-4	-6.000000E-6	7.972242E+2	5.000005E+1
-5.025005E+1	6.181000E-4	-1.410000E-5	7.988920E+2	5.025005E+1
-5.050005E+1	6.160000E-4	5.000000E-7	8.005599E+2	5.050005E+1
-5.075005E+1	6.366000E-4	2.610000E-5	8.022277E+2	5.075005E+1
-5.100005E+1	6.227000E-4	-1.790000E-5	8.038955E+2	5.100005E+1
-5.125005E+1	6.021000E-4	2.650000E-5	8.055634E+2	5.125005E+1
-5.150005E+1	5.929000E-4	4.600000E-5	8.072312E+2	5.150005E+1
-5.175005E+1	6.232000E-4	-1.280000E-5	8.088990E+2	5.175005E+1
-5.200005E+1	6.381000E-4	2.840000E-5	8.105668E+2	5.200005E+1
-5.225005E+1	6.113000E-4	-9.200000E-6	8.122347E+2	5.225005E+1
-5.250005E+1	6.128000E-4	-5.900000E-6	8.139025E+2	5.250005E+1
-5.275005E+1	6.305000E-4	5.540000E-5	8.155704E+2	5.275005E+1
-5.300005E+1	6.095000E-4	1.694066E-22	8.172382E+2	5.300005E+1
-5.325005E+1	6.230000E-4	4.330000E-5	8.189060E+2	5.325005E+1
-5.350005E+1	5.900000E-4	3.600000E-6	8.205739E+2	5.350005E+1
-5.375005E+1	6.026000E-4	8.700000E-6	8.222417E+2	5.375005E+1
-5.400005E+1	6.252000E-4	-3.000000E-5	8.239095E+2	5.400005E+1
-5.425005E+1	6.416000E-4	-1.430000E-5	8.255773E+2	5.425005E+1
-5.450005E+1	6.148000E-4	1.770000E-5	8.272452E+2	5.450005E+1
-5.475005E+1	6.213000E-4	1.870000E-5	8.289130E+2	5.475005E+1
-5.500005E+1	6.283000E-4	3.460000E-5	8.305809E+2	5.500005E+1
-5.525005E+1	6.201000E-4	1.800000E-6	8.322487E+2	5.525005E+1
-5.550005E+1	6.059000E-4	-9.700000E-6	8.339165E+2	5.550005E+1
-5.575005E+1	6.377000E-4	1.400000E-5	8.355844E+2	5.575005E+1
-5.600005E+1	6.242000E-4	9.000000E-7	8.372522E+2	5.600005E+1
-5.625005E+1	6.161000E-4	-2.090000E-5	8.389200E+2	5.625005E+1
-5.650005E+1	6.320000E-4	1.270000E-5	8.405878E+2	5.650005E+1
-5.675005E+1	6.376000E-4	5.600000E-6	8.422557E+2	5.675005E+1
-5.700005E+1	6.149000E-4	1.740000E-5	8.439235E+2	5.700005E+1
-5.725005E+1	6.361000E-4	7.100000E-6	8.455914E+2	5.725005E+1
-5.750005E+1	6.274000E-4	-8.300000E-6	8.472592E+2	5.750005E+1
-5.775005E+1	6.219000E-4	-7.300000E-6	8.489270E+2	5.775005E+1
-5.800005E+1	6.414000E-4	2.460000E-5	8.505948E+2	5.800005E+1
-5.825005E+1	6.184000E-4	-1.790000E-5	8.522627E+2	5.825005E+1
-5.850005E+1	6.163000E-4	-2.460000E-5	8.539305E+2	5.850005E+1
-5.875005E+1	6.240000E-4	-3.220000E-5	8.555983E+2	5.875005E+1
-5.900005E+1	6.363000E-4	9.800000E-6	8.572662E+2	5.900005E+1
-5.925005E+1	6.400000E-4	1.790000E-5	8.589340E+2	5.925005E+1
-5.950005E+1	6.079000E-4	2.130000E-5	8.606019E+2	5.950005E+1
-5.975005E+1	6.365000E-4	-2.260000E-5	8.622697E+2	5.975005E+1
-6.000005E+1	6.211000E-4	3.360000E-5	8.639375E+2	6.000005E+1
-6.025005E+1	6.301000E-4	1.810000E-5	8.656053E+2	6.025005E+1
-6.050005E+1	6.128000E-4	-3.700000E-6	8.672732E+2	6.050005E+1
-6.075005E+1	6.230000E-4	3.300000E-5	8.689410E+2	6.075005E+1
-6.100005E+1	6.090000E-4	-2.430000E-5	8.706088E+2	6.100005E+1
-6.125005E+1	6.543000E-4	-4.270000E-5	8.722767E+2	6.125005E+1
-6.150005E+1	6.350000E-4	6.500000E-6	8.739445E+2	6.150005E+1
-6.175005E+1	6.136000E-4	2.170000E-5	8.756124E+2	6.175005E+1
-6.200005E+1	6.289000E-4	-3.200000E-6	8.772802E+2	6.200005E+1
-6.225005E+1	6.596000E-4	2.050000E-5	8.789480E+2	6.225005E+1
-6.250005E+1	6.352000E-4	5.300000E-6	8.806158E+2	6.250005E+1
-6.275005E+1	6.381000E-4	-2.260000E-5	8.822837E+2	6.275005E+1
-6.300005E+1	6.506000E-4	-4.160000E-5	8.839515E+2	6.300005E+1
-6.325005E+1	6.189000E-4	-1.140000E-5	8.856193E+2	6.325005E+1
-6.350005E+1	6.132000E-4	-5.000000E-6	8.872872E+2	6.350005E+1
-6.375005E+1	6.232000E-4	4.000000E-7	8.889550E+2	6.375005E+1
-6.400005E+1	6.136000E-4	-1.700000E-5	8.906229E+2	6.400005E+1
-6.425005E+1	6.165000E-4	-9.400000E-6	8.922906E+2	6.425005E+1
-6.450005E+1	6.424000E-4	1.560000E-5	8.939585E+2	6.450005E+1
-6.475005E+1	6.131000E-4	2.260000E-5	8.956263E+2	6.475005E+1
-6.500005E+1	6.417000E-4	-2.000000E-6	8.972942E+2	6.500005E+1
-6.525005E+1	6.410000E-4	-2.890000E-5	8.989620E+2	6.525005E+1
-6.550005E+1	6.344000E-4	1.190000E-5	9.006298E+2	6.550005E+1
-6.575005E+1	6.077000E-4	-3.000000E-6	9.022977E+2	6.575005E+1
-6.600005E+1	6.026000E-4	2.720000E-5	9.039655E+2	6.600005E+1
-6.625005E+1	5.985000E-4	1.010000E-5	9.056334E+2	6.625005E+1
-6.650005E+1	6.339000E-4	2.040000E-5	9.073011E+2	6.650005E+1
-6.675005E+1	6.440000E-4	3.650000E-5	9.089690E+2	6.675005E+1
-6.700005E+1	6.306000E-4	3.020000E-5	9.106368E+2	6.700005E+1
-6.725005E+1	6.213000E-4	-3.000000E-7	9.123047E+2	6.725005E+1
-6.750005E+1	6.191000E-4	-1.890000E-5	9.139725E+2	6.750005E+1
-6.775005E+1	6.317000E-4	-7.000000E-7	9.156403E+2	6.775005E+1
-6.800005E+1	6.334000E-4	4.800000E-6	9.173082E+2	6.800005E+1
-6.825005E+1	6.372000E-4	-4.000000E-5	9.189760E+2	6.825005E+1
-6.850005E+1	6.346000E-4	1.010000E-5	9.206439E+2	6.850005E+1
-6.875005E+1	6.165000E-4	1.040000E-5	9.223116E+2	6.875005E+1
-6.900005E+1	6.416000E-4	1.610000E-5	9.239795E+2	6.900005E+1
-6.925005E+1	6.278000E-4	-1.090000E-5	9.256473E+2	6.925005E+1
-6.950005E+1	6.485000E-4	-5.100000E-6	9.273152E+2	6.950005E+1
-6.975005E+1	6.129000E-4	-1.140000E-5	9.289830E+2	6.975005E+1
-7.000005E+1	6.034000E-4	3.360000E-5	9.306508E+2	7.000005E+1
-7.025005E+1	6.335000E-4	3.350000E-5	9.323187E+2	7.025005E+1
-7.050005E+1	6.066000E-4	3.600000E-6	9.339865E+2	7.050005E+1
-7.075005E+1	6.194000E-4	1.840000E-5	9.356544E+2	7.075005E+1
-7.100005E+1	6.081000E-4	-1.060000E-5	9.373221E+2	7.100005E+1
-7.125005E+1	6.399000E-4	-5.100000E-6	9.389900E+2	7.125005E+1
-7.150005E+1	6.228000E-4	3.180000E-5	9.406578E+2	7.150005E+1
-7.175005E+1	6.308000E-4	3.650000E-5	9.423257E+2	7.175005E+1
-7.200005E+1	6.153000E-4	2.310000E-5	9.439935E+2	7.200005E+1
-7.225005E+1	6.186000E-4	2.500000E-6	9.456613E+2	7.225005E+1
-7.250005E+1	6.425000E-4	3.760000E-5	9.473292E+2	7.250005E+1
-7.275005E+1	5.863000E-4	8.000000E-7	9.489970E+2	7.275005E+1
-7.300005E+1	6.205000E-4	-2.700000E-6	9.506649E+2	7.300005E+1
-7.325005E+1	6.253000E-4	1.780000E-5	9.523326E+2	7.325005E+1
-7.350005E+1	6.122000E-4	6.100000E-6	9.540005E+2	7.350005E+1
-7.375005E+1	6.637000E-4	3.400000E-5	9.556683E+2	7.375005E+1
-7.400005E+1	6.286000E-4	2.210000E-5	9.573362E+2	7.400005E+1
-7.425005E+1	6.289000E-4	2.320000E-5	9.590040E+2	7.425005E+1
-7.450005E+1	6.412000E-4	2.090000E-5	9.606718E+2	7.450005E+1
-7.475005E+1	6.301000E-4	1.040000E-5	9.623397E+2	7.475005E+1
-7.500005E+1	6.294000E-4	-2.900000E-6	9.640075E+2	7.500005E+1
-7.525005E+1	6.356000E-4	2.800000E-5	9.656754E+2	7.525005E+1
-7.550005E+1	6.147000E-4	2.760000E-5	9.673431E+2	7.550005E+1
-7.575005E+1	6.394000E-4	-1.130000E-5	9.690110E+2	7.575005E+1
-7.600005E+1	6.086000E-4	7.000000E-6	9.706788E+2	7.600005E+1
-7.625005E+1	6.511000E-4	-1.070000E-5	9.723467E+2	7.625005E+1
-7.650005E+1	6.128000E-4	-2.920000E-5	9.740145E+2	7.650005E+1
-7.675005E+1	6.563000E-4	-1.530000E-5	9.756823E+2	7.675005E+1
-7.700005E+1	6.259000E-4	3.910000E-5	9.773502E+2	7.700005E+1
-7.725005E+1	6.170000E-4	1.330000E-5	9.790180E+2	7.725005E+1
-7.750005E+1	6.265000E-4	-1.090000E-5	9.806859E+2	7.750005E+1
-7.775005E+1	6.181000E-4	1.490000E-5	9.823536E+2	7.775005E+1
-7.800005E+1	6.249000E-4	9.900000E-6	9.840215E+2	7.800005E+1
-7.825005E+1	6.386000E-4	-1.400000E-6	9.856893E+2	7.825005E+1
-7.850005E+1	6.306000E-4	3.870000E-5	9.873572E+2	7.850005E+1
-7.875005E+1	6.392000E-4	-2.500000E-6	9.890250E+2	7.875005E+1
-7.900005E+1	6.264000E-4	4.800000E-6	9.906928E+2	7.900005E+1
-7.925005E+1	6.682000E-4	2.920000E-5	9.923607E+2	7.925005E+1
-7.950005E+1	6.607000E-4	2.640000E-5	9.940285E+2	7.950005E+1
-7.975005E+1	6.273000E-4	3.310000E-5	9.956964E+2	7.975005E+1
-8.000005E+1	6.046000E-4	1.080000E-5	9.973641E+2	8.000005E+1
-8.025005E+1	6.579000E-4	2.090000E-5	9.990320E+2	8.025005E+1
-8.050005E+1	6.229000E-4	-3.300000E-6	1.000700E+3	8.050005E+1
-8.075005E+1	6.318000E-4	-1.080000E-5	1.002368E+3	8.075005E+1
-8.100005E+1	6.230000E-4	3.730000E-5	1.004035E+3	8.100005E+1
-8.125005E+1	6.247000E-4	3.120000E-5	1.005703E+3	8.125005E+1
-8.150005E+1	6.372000E-4	8.400000E-6	1.007371E+3	8.150005E+1
-8.175005E+1	6.464000E-4	1.000000E-5	1.009039E+3	8.175005E+1
-8.200005E+1	6.292000E-4	1.590000E-5	1.010707E+3	8.200005E+1
-8.225005E+1	6.824000E-4	2.670000E-5	1.012375E+3	8.225005E+1
-8.250005E+1	6.197000E-4	-1.500000E-5	1.014042E+3	8.250005E+1
-8.275005E+1	6.466000E-4	-2.400000E-6	1.015710E+3	8.275005E+1
-8.300005E+1	6.163000E-4	-1.090000E-5	1.017378E+3	8.300005E+1
-8.325005E+1	6.474000E-4	-1.700000E-5	1.019046E+3	8.325005E+1
-8.350005E+1	6.088000E-4	-1.820000E-5	1.020714E+3	8.350005E+1
-8.375005E+1	6.486000E-4	1.880000E-5	1.022382E+3	8.375005E+1
-8.400005E+1	6.323000E-4	1.360000E-5	1.024049E+3	8.400005E+1
-8.425005E+1	6.467000E-4	3.670000E-5	1.025717E+3	8.425005E+1
-8.450005E+1	6.501000E-4	2.050000E-5	1.027385E+3	8.450005E+1
-8.475005E+1	6.353000E-4	4.670000E-5	1.029053E+3	8.475005E+1
-8.500005E+1	6.450000E-4	-4.100000E-6	1.030721E+3	8.500005E+1
-8.525005E+1	6.474000E-4	-2.700000E-6	1.032389E+3	8.525005E+1
-8.550005E+1	6.430000E-4	1.240000E-5	1.034057E+3	8.550005E+1
-8.575005E+1	6.412000E-4	2.500000E-6	1.035724E+3	8.575005E+1
-8.600005E+1	6.153000E-4	1.570000E-5	1.037392E+3	8.600005E+1
-8.625005E+1	6.257000E-4	-2.510000E-5	1.039060E+3	8.625005E+1
-8.650005E+1	6.514000E-4	-5.400000E-6	1.040728E+3	8.650005E+1
-8.675005E+1	6.359000E-4	6.100000E-6	1.042396E+3	8.675005E+1
-8.700005E+1	6.285000E-4	-2.600000E-6	1.044063E+3	8.700005E+1
-8.725005E+1	6.210000E-4	2.140000E-5	1.045731E+3	8.725005E+1
-8.750005E+1	6.225000E-4	2.500000E-5	1.047399E+3	8.750005E+1
-8.775005E+1	6.588000E-4	1.310000E-5	1.049067E+3	8.775005E+1
-8.800005E+1	6.403000E-4	9.400000E-6	1.050735E+3	8.800005E+1
-8.825005E+1	6.431000E-4	-2.000000E-7	1.052403E+3	8.825005E+1
-8.850005E+1	6.465000E-4	1.800000E-6	1.054070E+3	8.850005E+1
-8.875005E+1	6.105000E-4	-1.140000E-5	1.055738E+3	8.875005E+1
-8.900005E+1	6.579000E-4	-1.590000E-5	1.057406E+3	8.900005E+1
-8.925005E+1	6.337000E-4	2.720000E-5	1.059074E+3	8.925005E+1
-8.950005E+1	6.472000E-4	3.300000E-6	1.060742E+3	8.950005E+1
-8.975005E+1	6.185000E-4	4.820000E-5	1.062410E+3	8.975005E+1
-9.000005E+1	6.138000E-4	-1.240000E-5	1.064078E+3	9.000005E+1
-9.025005E+1	6.489000E-4	2.130000E-5	1.065745E+3	9.025005E+1
-9.050005E+1	6.489000E-4	2.900000E-6	1.067413E+3	9.050005E+1
-9.075005E+1	6.424000E-4	-2.030000E-5	1.069081E+3	9.075005E+1
-9.100005E+1	6.226000E-4	6.000000E-6	1.070749E+3	9.100005E+1
-9.125005E+1	6.078000E-4	6.200000E-6	1.072417E+3	9.125005E+1
-9.150005E+1	6.433000E-4	2.100000E-6	1.074084E+3	9.150005E+1
-9.175005E+1	6.262000E-4	3.740000E-5	1.075752E+3	9.175005E+1
-9.200005E+1	6.277000E-4	6.000000E-7	1.077420E+3	9.200005E+1
-9.225005E+1	6.419000E-4	-1.340000E-5	1.079088E+3	9.225005E+1
-9.250005E+1	6.428000E-4	-1.280000E-5	1.080756E+3	9.250005E+1
-9.275005E+1	6.507000E-4	-3.260000E-5	1.082424E+3	9.275005E+1
-9.300005E+1	6.204000E-4	-1.600000E-6	1.084091E+3	9.300005E+1
-9.325005E+1	6.492000E-4	1.550000E-5	1.085759E+3	9.325005E+1
-9.350005E+1	6.170000E-4	-2.000000E-6	1.087427E+3	9.350005E+1
-9.375005E+1	6.547000E-4	-1.360000E-5	1.089095E+3	9.375005E+1
-9.400005E+1	6.593000E-4	-1.770000E-5	1.090763E+3	9.400005E+1
-9.425005E+1	6.415000E-4	6.000000E-7	1.092431E+3	9.425005E+1
-9.450005E+1	6.477000E-4	3.610000E-5	1.094099E+3	9.450005E+1
-9.475005E+1	6.488000E-4	1.820000E-5	1.095766E+3	9.475005E+1
-9.500005E+1	6.377000E-4	1.590000E-5	1.097434E+3	9.500005E+1
-9.525005E+1	6.514000E-4	1.010000E-5	1.099102E+3	9.525005E+1
-9.550005E+1	6.413000E-4	8.000000E-6	1.100770E+3	9.550005E+1
-9.575005E+1	6.135000E-4	1.770000E-5	1.102438E+3	9.575005E+1
-9.600005E+1	6.492000E-4	2.000000E-7	1.104105E+3	9.600005E+1
-9.625005E+1	6.450000E-4	-8.200000E-6	1.105773E+3	9.625005E+1
-9.650005E+1	6.731000E-4	2.900000E-6	1.107441E+3	9.650005E+1
-9.675005E+1	6.336000E-4	-1.280000E-5	1.109109E+3	9.675005E+1
-9.700005E+1	6.389000E-4	-4.300000E-6	1.110777E+3	9.700005E+1
-9.725005E+1	6.359000E-4	-4.460000E-5	1.112445E+3	9.725005E+1
-9.750005E+1	6.491000E-4	-1.270000E-5	1.114112E+3	9.750005E+1
-9.775005E+1	6.353000E-4	-5.800000E-6	1.115780E+3	9.775005E+1
-9.800005E+1	6.029000E-4	-5.100000E-6	1.117448E+3	9.800005E+1
-9.825005E+1	6.342000E-4	2.080000E-5	1.119116E+3	9.825005E+1
-9.850005E+1	6.148000E-4	1.420000E-5	1.120784E+3	9.850005E+1
-9.875005E+1	6.241000E-4	-1.330000E-5	1.122452E+3	9.875005E+1
-9.900005E+1	6.344000E-4	-8.000000E-7	1.124120E+3	9.900005E+1
-9.925005E+1	6.609000E-4	-1.300000E-6	1.125787E+3	9.925005E+1
-9.950005E+1	6.289000E-4	-3.710000E-5	1.127455E+3	9.950005E+1
-9.975005E+1	6.457000E-4	1.200000E-6	1.129123E+3	9.975005E+1
-1.000001E+2	6.262000E-4	-4.910000E-5	1.130791E+3	1.000001E+2
-1.002501E+2	6.389000E-4	1.000000E-7	1.132459E+3	1.002501E+2
-1.005001E+2	6.412000E-4	1.190000E-5	1.134126E+3	1.005001E+2
-1.007501E+2	6.327000E-4	3.200000E-6	1.135794E+3	1.007501E+2
-1.010001E+2	6.271000E-4	5.400000E-6	1.137462E+3	1.010001E+2
-1.012501E+2	6.379000E-4	-1.540000E-5	1.139130E+3	1.012501E+2
-1.015001E+2	6.443000E-4	-3.600000E-6	1.140798E+3	1.015001E+2
-1.017501E+2	6.110000E-4	-3.010000E-5	1.142466E+3	1.017501E+2
-1.020001E+2	6.597000E-4	2.450000E-5	1.144133E+3	1.020001E+2
-1.022501E+2	6.562000E-4	5.580000E-5	1.145801E+3	1.022501E+2
-1.025001E+2	6.178000E-4	9.700000E-6	1.147469E+3	1.025001E+2
-1.027501E+2	6.549000E-4	-6.500000E-6	1.149137E+3	1.027501E+2
-1.030001E+2	6.393000E-4	1.010000E-5	1.150805E+3	1.030001E+2
-1.032501E+2	6.860000E-4	3.510000E-5	1.152473E+3	1.032501E+2
-1.035001E+2	6.613000E-4	3.100000E-6	1.154141E+3	1.035001E+2
-1.037501E+2	6.601000E-4	2.000000E-5	1.155808E+3	1.037501E+2
-1.040001E+2	6.476000E-4	-6.900000E-6	1.157476E+3	1.040001E+2
-1.042501E+2	6.485000E-4	7.800000E-6	1.159144E+3	1.042501E+2
-1.045001E+2	6.612000E-4	-1.630000E-5	1.160812E+3	1.045001E+2
-1.047501E+2	6.205000E-4	-1.260000E-5	1.162480E+3	1.047501E+2
-1.050001E+2	6.915000E-4	7.100000E-6	1.164147E+3	1.050001E+2
-1.052501E+2	6.433000E-4	1.450000E-5	1.165815E+3	1.052501E+2
-1.055001E+2	6.643000E-4	-4.700000E-6	1.167483E+3	1.055001E+2
-1.057501E+2	6.359000E-4	3.330000E-5	1.169151E+3	1.057501E+2
-1.060001E+2	6.405000E-4	8.000000E-7	1.170819E+3	1.060001E+2
-1.062501E+2	6.400000E-4	2.380000E-5	1.172487E+3	1.062501E+2
-1.065001E+2	6.127000E-4	-3.700000E-6	1.174154E+3	1.065001E+2
-1.067501E+2	6.328000E-4	-5.000000E-6	1.175822E+3	1.067501E+2
-1.070001E+2	6.662000E-4	3.700000E-6	1.177490E+3	1.070001E+2
-1.072501E+2	6.468000E-4	2.300000E-6	1.179158E+3	1.072501E+2
-1.075001E+2	6.488000E-4	2.080000E-5	1.180826E+3	1.075001E+2
-1.077501E+2	6.439000E-4	-2.000000E-6	1.182494E+3	1.077501E+2
-1.080001E+2	6.491000E-4	7.400000E-6	1.184161E+3	1.080001E+2
-1.082501E+2	6.733000E-4	9.500000E-6	1.185829E+3	1.082501E+2
-1.085001E+2	6.352000E-4	-4.800000E-6	1.187497E+3	1.085001E+2
-1.087501E+2	6.272000E-4	1.970000E-5	1.189165E+3	1.087501E+2
-1.090001E+2	6.364000E-4	-8.300000E-6	1.190833E+3	1.090001E+2
-1.092501E+2	6.270000E-4	-2.020000E-5	1.192501E+3	1.092501E+2
-1.095001E+2	6.293000E-4	-4.800000E-6	1.194168E+3	1.095001E+2
-1.097501E+2	6.703000E-4	5.300000E-6	1.195836E+3	1.097501E+2
-1.100001E+2	6.544000E-4	-8.000000E-6	1.197504E+3	1.100001E+2
-1.102501E+2	6.562000E-4	4.300000E-6	1.199172E+3	1.102501E+2
-1.105001E+2	6.382000E-4	2.890000E-5	1.200840E+3	1.105001E+2
-1.107501E+2	6.728000E-4	2.580000E-5	1.202508E+3	1.107501E+2
-1.110001E+2	6.680000E-4	2.190000E-5	1.204175E+3	1.110001E+2
-1.112501E+2	6.237000E-4	-1.190000E-5	1.205843E+3	1.112501E+2
-1.115001E+2	6.245000E-4	4.000000E-7	1.207511E+3	1.115001E+2
-1.117501E+2	6.192000E-4	-4.500000E-6	1.209179E+3	1.117501E+2
-1.120001E+2	6.396000E-4	2.540000E-5	1.210847E+3	1.120001E+2
-1.122501E+2	6.543000E-4	1.370000E-5	1.212515E+3	1.122501E+2
-1.125001E+2	6.468000E-4	-7.000000E-7	1.214182E+3	1.125001E+2
-1.127501E+2	6.519000E-4	8.000000E-7	1.215850E+3	1.127501E+2
-1.130001E+2	6.603000E-4	-6.600000E-6	1.217518E+3	1.130001E+2
-1.132501E+2	6.280000E-4	-1.694066E-22	1.219186E+3	1.132501E+2
-1.135001E+2	6.734000E-4	1.390000E-5	1.220854E+3	1.135001E+2
-1.137501E+2	6.884000E-4	1.230000E-5	1.222522E+3	1.137501E+2
-1.140001E+2	6.608000E-4	7.000000E-7	1.224189E+3	1.140001E+2
-1.142501E+2	6.609000E-4	4.040000E-5	1.225857E+3	1.142501E+2
-1.145001E+2	6.423000E-4	3.000000E-5	1.227525E+3	1.145001E+2
-1.147501E+2	6.267000E-4	1.310000E-5	1.229193E+3	1.147501E+2
-1.150001E+2	6.404000E-4	-3.850000E-5	1.230861E+3	1.150001E+2
-1.152501E+2	6.748000E-4	-1.320000E-5	1.232529E+3	1.152501E+2
-1.155001E+2	6.636000E-4	-9.400000E-6	1.234196E+3	1.155001E+2
-1.157501E+2	6.450000E-4	-5.000000E-6	1.235864E+3	1.157501E+2
-1.160001E+2	6.639000E-4	-3.000000E-7	1.237532E+3	1.160001E+2
-1.162501E+2	6.631000E-4	3.700000E-6	1.239200E+3	1.162501E+2
-1.165001E+2	6.468000E-4	-3.100000E-6	1.240868E+3	1.165001E+2
-1.167501E+2	6.468000E-4	9.100000E-6	1.242536E+3	1.167501E+2
-1.170001E+2	6.780000E-4	1.810000E-5	1.244203E+3	1.170001E+2
-1.172501E+2	6.560000E-4	2.570000E-5	1.245871E+3	1.172501E+2
-1.175001E+2	6.204000E-4	-1.020000E-5	1.247539E+3	1.175001E+2
-1.177501E+2	6.332000E-4	-6.100000E-6	1.249207E+3	1.177501E+2
-1.180001E+2	6.455000E-4	1.900000E-5	1.250875E+3	1.180001E+2
-1.182501E+2	6.615000E-4	2.990000E-5	1.252543E+3	1.182501E+2
-1.185001E+2	6.526000E-4	4.000000E-7	1.254210E+3	1.185001E+2
-1.187501E+2	6.516000E-4	-1.090000E-5	1.255878E+3	1.187501E+2
-1.190001E+2	6.311000E-4	3.610000E-5	1.257546E+3	1.190001E+2
-1.192501E+2	6.557000E-4	3.300000E-6	1.259214E+3	1.192501E+2
-1.195001E+2	6.830000E-4	5.200000E-6	1.260882E+3	1.195001E+2
-1.197501E+2	6.404000E-4	7.400000E-6	1.262550E+3	1.197501E+2
-1.200001E+2	6.334000E-4	7.500000E-6	1.264217E+3	1.200001E+2
-1.202501E+2	6.320000E-4	-9.200000E-6	1.265885E+3	1.202501E+2
-1.205001E+2	6.454000E-4	-1.690000E-5	1.267553E+3	1.205001E+2
-1.207501E+2	6.731000E-4	3.880000E-5	1.269221E+3	1.207501E+2
-1.210001E+2	6.522000E-4	1.670000E-5	1.270889E+3	1.210001E+2
-1.212501E+2	6.358000E-4	-9.200000E-6	1.272557E+3	1.212501E+2
-1.215001E+2	6.521000E-4	-3.800000E-6	1.274224E+3	1.215001E+2
-1.217501E+2	6.814000E-4	-1.960000E-5	1.275892E+3	1.217501E+2
-1.220001E+2	6.420000E-4	-1.350000E-5	1.277560E+3	1.220001E+2
-1.222501E+2	6.332000E-4	-7.500000E-6	1.279228E+3	1.222501E+2
-1.225001E+2	6.433000E-4	-3.080000E-5	1.280896E+3	1.225001E+2
-1.227501E+2	6.824000E-4	-3.460000E-5	1.282564E+3	1.227501E+2
-1.230001E+2	6.721000E-4	-2.230000E-5	1.284231E+3	1.230001E+2
-1.232501E+2	6.631000E-4	1.100000E-5	1.285899E+3	1.232501E+2
-1.235001E+2	6.695000E-4	2.570000E-5	1.287567E+3	1.235001E+2
-1.237501E+2	6.672000E-4	1.060000E-5	1.289235E+3	1.237501E+2
-1.240001E+2	6.395000E-4	5.900000E-6	1.290903E+3	1.240001E+2
-1.242501E+2	6.297000E-4	-6.400000E-6	1.292571E+3	1.242501E+2
-1.245001E+2	6.524000E-4	-3.400000E-6	1.294238E+3	1.245001E+2
-1.247501E+2	6.628000E-4	-1.420000E-5	1.295906E+3	1.247501E+2
-1.250001E+2	6.168000E-4	1.100000E-6	1.297574E+3	1.250001E+2
-1.252501E+2	6.463000E-4	5.160000E-5	1.299242E+3	1.252501E+2
-1.255001E+2	6.501000E-4	-8.900000E-6	1.300910E+3	1.255001E+2
-1.257501E+2	6.542000E-4	1.300000E-6	1.302578E+3	1.257501E+2
-1.260001E+2	6.849000E-4	1.840000E-5	1.304245E+3	1.260001E+2
-1.262501E+2	6.556000E-4	2.570000E-5	1.305913E+3	1.262501E+2
-1.265001E+2	6.828000E-4	2.180000E-5	1.307581E+3	1.265001E+2
-1.267501E+2	6.265000E-4	5.000000E-7	1.309249E+3	1.267501E+2
-1.270001E+2	6.706000E-4	-3.220000E-5	1.310917E+3	1.270001E+2
-1.272501E+2	6.590000E-4	-5.100000E-6	1.312585E+3	1.272501E+2
-1.275001E+2	6.565000E-4	6.200000E-6	1.314252E+3	1.275001E+2
-1.277501E+2	6.620000E-4	-5.500000E-6	1.315920E+3	1.277501E+2
-1.280001E+2	6.481000E-4	2.770000E-5	1.317588E+3	1.280001E+2
-1.282501E+2	6.220000E-4	2.810000E-5	1.319256E+3	1.282501E+2
-1.285001E+2	6.356000E-4	1.370000E-5	1.320924E+3	1.285001E+2
-1.287501E+2	6.738000E-4	-6.600000E-6	1.322592E+3	1.287501E+2
-1.290001E+2	6.612000E-4	8.000000E-7	1.324259E+3	1.290001E+2
-1.292501E+2	6.263000E-4	-1.390000E-5	1.325927E+3	1.292501E+2
-1.295001E+2	6.255000E-4	2.210000E-5	1.327595E+3	1.295001E+2
-1.297501E+2	6.691000E-4	2.670000E-5	1.329263E+3	1.297501E+2
-1.300001E+2	6.511000E-4	-1.700000E-6	1.330931E+3	1.300001E+2
-1.302501E+2	6.667000E-4	9.000000E-7	1.332599E+3	1.302501E+2
-1.305001E+2	6.511000E-4	-3.900000E-6	1.334266E+3	1.305001E+2
-1.307501E+2	6.539000E-4	8.700000E-6	1.335934E+3	1.307501E+2
-1.310001E+2	6.667000E-4	1.900000E-6	1.337602E+3	1.310001E+2
-1.312501E+2	6.614000E-4	2.800000E-6	1.339270E+3	1.312501E+2
-1.315001E+2	6.518000E-4	5.210000E-5	1.340938E+3	1.315001E+2
-1.317501E+2	6.550000E-4	-1.700000E-6	1.342606E+3	1.317501E+2
-1.320001E+2	6.502000E-4	2.080000E-5	1.344273E+3	1.320001E+2
-1.322501E+2	6.322000E-4	6.500000E-6	1.345941E+3	1.322501E+2
-1.325001E+2	6.284000E-4	1.980000E-5	1.347609E+3	1.325001E+2
-1.327501E+2	6.504000E-4	3.510000E-5	1.349277E+3	1.327501E+2
-1.330001E+2	6.256000E-4	7.700000E-6	1.350945E+3	1.330001E+2
-1.332501E+2	6.538000E-4	1.840000E-5	1.352613E+3	1.332501E+2
-1.335001E+2	6.680000E-4	2.740000E-5	1.354280E+3	1.335001E+2
-1.337501E+2	6.377000E-4	-2.500000E-5	1.355948E+3	1.337501E+2
-1.340001E+2	6.548000E-4	2.400000E-6	1.357616E+3	1.340001E+2
-1.342501E+2	6.593000E-4	4.660000E-5	1.359284E+3	1.342501E+2
-1.345001E+2	6.390000E-4	-4.400000E-6	1.360952E+3	1.345001E+2
-1.347501E+2	6.309000E-4	-2.050000E-5	1.362620E+3	1.347501E+2
-1.350001E+2	6.735000E-4	3.900000E-6	1.364287E+3	1.350001E+2
-1.352501E+2	6.783000E-4	4.700000E-6	1.365955E+3	1.352501E+2
-1.355001E+2	6.432000E-4	-1.440000E-5	1.367623E+3	1.355001E+2
-1.357501E+2	6.501000E-4	-2.200000E-6	1.369291E+3	1.357501E+2
-1.360001E+2	6.276000E-4	1.760000E-5	1.370959E+3	1.360001E+2
-1.362501E+2	6.668000E-4	1.860000E-5	1.372627E+3	1.362501E+2
-1.365001E+2	6.680000E-4	-1.200000E-6	1.374294E+3	1.365001E+2
-1.367501E+2	6.441000E-4	-5.300000E-6	1.375962E+3	1.367501E+2
-1.370001E+2	6.628000E-4	-2.100000E-6	1.377630E+3	1.370001E+2
-1.372501E+2	6.504000E-4	-6.000000E-6	1.379298E+3	1.372501E+2
-1.375001E+2	6.482000E-4	2.190000E-5	1.380966E+3	1.375001E+2
-1.377501E+2	7.035000E-4	-8.900000E-6	1.382634E+3	1.377501E+2
-1.380001E+2	6.612000E-4	2.750000E-5	1.384301E+3	1.380001E+2
-1.382501E+2	6.765000E-4	2.000000E-7	1.385969E+3	1.382501E+2
-1.385001E+2	6.530000E-4	-4.100000E-6	1.387637E+3	1.385001E+2
-1.387501E+2	6.741000E-4	4.400000E-6	1.389305E+3	1.387501E+2
-1.390001E+2	6.667000E-4	-9.400000E-6	1.390973E+3	1.390001E+2
-1.392501E+2	6.445000E-4	-9.200000E-6	1.392641E+3	1.392501E+2
-1.395001E+2	6.288000E-4	4.260000E-5	1.394308E+3	1.395001E+2
-1.397501E+2	6.534000E-4	-1.900000E-6	1.395976E+3	1.397501E+2
-1.400001E+2	6.560000E-4	2.210000E-5	1.397644E+3	1.400001E+2
-1.402501E+2	6.251000E-4	1.130000E-5	1.399312E+3	1.402501E+2
-1.405001E+2	6.628000E-4	-2.430000E-5	1.400980E+3	1.405001E+2
-1.407501E+2	6.224000E-4	1.520000E-5	1.402648E+3	1.407501E+2
-1.410001E+2	6.480000E-4	3.700000E-5	1.404315E+3	1.410001E+2
-1.412501E+2	6.567000E-4	3.600000E-5	1.405983E+3	1.412501E+2
-1.415001E+2	6.881000E-4	2.630000E-5	1.407651E+3	1.415001E+2
-1.417501E+2	6.789000E-4	-3.500000E-6	1.409319E+3	1.417501E+2
-1.420001E+2	6.808000E-4	1.620000E-5	1.410987E+3	1.420001E+2
-1.422501E+2	6.221000E-4	1.340000E-5	1.412655E+3	1.422501E+2
-1.425001E+2	6.861000E-4	5.200000E-6	1.414322E+3	1.425001E+2
-1.427501E+2	6.534000E-4	-1.260000E-5	1.415990E+3	1.427501E+2
-1.430001E+2	6.318000E-4	1.400000E-5	1.417658E+3	1.430001E+2
-1.432501E+2	6.370000E-4	1.470000E-5	1.419326E+3	1.432501E+2
-1.435001E+2	6.760000E-4	-4.900000E-6	1.420994E+3	1.435001E+2
-1.437501E+2	6.307000E-4	-1.690000E-5	1.422662E+3	1.437501E+2
-1.440001E+2	6.626000E-4	-6.800000E-6	1.424329E+3	1.440001E+2
-1.442501E+2	6.537000E-4	-2.590000E-5	1.425997E+3	1.442501E+2
-1.445001E+2	6.625000E-4	6.000000E-7	1.427665E+3	1.445001E+2
-1.447501E+2	6.524000E-4	-9.000000E-7	1.429333E+3	1.447501E+2
-1.450001E+2	6.664000E-4	3.350000E-5	1.431001E+3	1.450001E+2
-1.452501E+2	6.486000E-4	8.800000E-6	1.432669E+3	1.452501E+2
-1.455001E+2	6.545000E-4	3.800000E-6	1.434336E+3	1.455001E+2
-1.457501E+2	6.755000E-4	1.110000E-5	1.436004E+3	1.457501E+2
-1.460001E+2	6.866000E-4	1.320000E-5	1.437672E+3	1.460001E+2
-1.462501E+2	6.845000E-4	-5.500000E-6	1.439340E+3	1.462501E+2
-1.465001E+2	6.705000E-4	1.370000E-5	1.441008E+3	1.465001E+2
-1.467501E+2	6.694000E-4	6.300000E-6	1.442676E+3	1.467501E+2
-1.470001E+2	6.619000E-4	3.200000E-6	1.444343E+3	1.470001E+2
-1.472501E+2	6.871000E-4	4.100000E-6	1.446011E+3	1.472501E+2
-1.475001E+2	6.940000E-4	5.700000E-6	1.447679E+3	1.475001E+2
-1.477501E+2	6.765000E-4	7.400000E-6	1.449347E+3	1.477501E+2
-1.480001E+2	6.751000E-4	-1.320000E-5	1.451015E+3	1.480001E+2
-1.482501E+2	6.759000E-4	-1.990000E-5	1.452683E+3	1.482501E+2
-1.485001E+2	6.482000E-4	-3.400000E-6	1.454350E+3	1.485001E+2
-1.487501E+2	6.634000E-4	-3.600000E-6	1.456018E+3	1.487501E+2
-1.490001E+2	6.566000E-4	-4.000000E-6	1.457686E+3	1.490001E+2
-1.492501E+2	6.508000E-4	-8.300000E-6	1.459354E+3	1.492501E+2
