6.949994E+1	1.044000E-3	7.700000E-6	0.000000E+0	-6.949994E+1
6.924994E+1	1.053300E-3	4.300000E-6	1.667833E+0	-6.924994E+1
6.899994E+1	8.969000E-4	7.700000E-6	3.335666E+0	-6.899994E+1
6.874994E+1	3.472000E-4	4.000000E-6	5.003499E+0	-6.874994E+1
6.849994E+1	2.399000E-4	-2.400000E-6	6.671332E+0	-6.849994E+1
6.824994E+1	2.463000E-4	1.200000E-6	8.339165E+0	-6.824994E+1
6.799994E+1	2.546000E-4	1.860000E-5	1.000700E+1	-6.799994E+1
6.774994E+1	2.883000E-4	-1.600000E-5	1.167483E+1	-6.774994E+1
6.749994E+1	3.012000E-4	-1.410000E-5	1.334266E+1	-6.749994E+1
6.724994E+1	3.190000E-4	2.600000E-5	1.501050E+1	-6.724994E+1
6.699994E+1	3.430000E-4	8.470330E-23	1.667833E+1	-6.699994E+1
6.674994E+1	3.471000E-4	1.900000E-6	1.834616E+1	-6.674994E+1
6.649994E+1	3.562000E-4	4.090000E-5	2.001400E+1	-6.649994E+1
6.624994E+1	3.881000E-4	1.780000E-5	2.168183E+1	-6.624994E+1
6.599994E+1	3.648000E-4	1.540000E-5	2.334966E+1	-6.599994E+1
6.574994E+1	4.058000E-4	1.950000E-5	2.501750E+1	-6.574994E+1
6.549994E+1	3.984000E-4	7.300000E-6	2.668533E+1	-6.549994E+1
6.524994E+1	4.015000E-4	-4.500000E-6	2.835316E+1	-6.524994E+1
6.499994E+1	4.147000E-4	1.150000E-5	3.002099E+1	-6.499994E+1
6.474994E+1	4.052000E-4	-2.800000E-6	3.168883E+1	-6.474994E+1
6.449994E+1	4.188000E-4	1.300000E-6	3.335666E+1	-6.449994E+1
6.424994E+1	4.465000E-4	2.200000E-6	3.502449E+1	-6.424994E+1
6.399994E+1	4.511000E-4	3.800000E-6	3.669233E+1	-6.399994E+1
6.374994E+1	4.891000E-4	-3.850000E-5	3.836016E+1	-6.374994E+1
6.349994E+1	4.674000E-4	2.800000E-6	4.002799E+1	-6.349994E+1
6.324994E+1	4.792000E-4	1.870000E-5	4.169583E+1	-6.324994E+1
6.299994E+1	4.804000E-4	9.800000E-6	4.336366E+1	-6.299994E+1
6.274994E+1	4.849000E-4	-3.800000E-6	4.503149E+1	-6.274994E+1
6.249994E+1	4.883000E-4	3.910000E-5	4.669933E+1	-6.249994E+1
6.224994E+1	5.080000E-4	1.860000E-5	4.836716E+1	-6.224994E+1
6.199994E+1	5.005000E-4	1.590000E-5	5.003499E+1	-6.199994E+1
6.174994E+1	5.126000E-4	-6.700000E-6	5.170282E+1	-6.174994E+1
6.149994E+1	5.244000E-4	7.400000E-6	5.337066E+1	-6.149994E+1
6.124994E+1	5.208000E-4	2.880000E-5	5.503849E+1	-6.124994E+1
6.099994E+1	5.204000E-4	-3.300000E-6	5.670632E+1	-6.099994E+1
6.074994E+1	5.248000E-4	-4.000000E-6	5.837416E+1	-6.074994E+1
6.049994E+1	5.061000E-4	-1.620000E-5	6.004199E+1	-6.049994E+1
6.024994E+1	5.082000E-4	-2.070000E-5	6.170982E+1	-6.024994E+1
5.999994E+1	5.325000E-4	9.200000E-6	6.337766E+1	-5.999994E+1
5.974994E+1	5.269000E-4	1.470000E-5	6.504549E+1	-5.974994E+1
5.949994E+1	5.654000E-4	-4.600000E-6	6.671332E+1	-5.949994E+1
5.924994E+1	5.335000E-4	-7.000000E-6	6.838116E+1	-5.924994E+1
5.899994E+1	5.544000E-4	1.590000E-5	7.004899E+1	-5.899994E+1
5.874994E+1	5.477000E-4	2.370000E-5	7.171682E+1	-5.874994E+1
5.849994E+1	5.794000E-4	1.390000E-5	7.338465E+1	-5.849994E+1
5.824994E+1	5.743000E-4	6.200000E-6	7.505249E+1	-5.824994E+1
5.799994E+1	5.857000E-4	2.600000E-6	7.672032E+1	-5.799994E+1
5.774994E+1	5.530000E-4	-9.000000E-7	7.838815E+1	-5.774994E+1
5.749994E+1	5.792000E-4	-1.700000E-5	8.005598E+1	-5.749994E+1
5.724994E+1	6.153000E-4	1.400000E-6	8.172382E+1	-5.724994E+1
5.699994E+1	5.759000E-4	1.420000E-5	8.339165E+1	-5.699994E+1
5.674994E+1	5.788000E-4	-3.900000E-6	8.505949E+1	-5.674994E+1
5.649994E+1	5.930000E-4	2.240000E-5	8.672732E+1	-5.649994E+1
5.624994E+1	5.967000E-4	1.240000E-5	8.839515E+1	-5.624994E+1
5.599994E+1	5.670000E-4	-8.800000E-6	9.006298E+1	-5.599994E+1
5.574994E+1	5.843000E-4	-4.300000E-6	9.173082E+1	-5.574994E+1
5.549994E+1	5.909000E-4	1.610000E-5	9.339865E+1	-5.549994E+1
5.524994E+1	5.769000E-4	-6.200000E-6	9.506648E+1	-5.524994E+1
5.499994E+1	6.009000E-4	-5.400000E-6	9.673431E+1	-5.499994E+1
5.474994E+1	5.827000E-4	-3.400000E-6	9.840215E+1	-5.474994E+1
5.449994E+1	5.813000E-4	-1.520000E-5	1.000700E+2	-5.449994E+1
5.424994E+1	5.938000E-4	1.050000E-5	1.017378E+2	-5.424994E+1
5.399994E+1	6.071000E-4	1.670000E-5	1.034056E+2	-5.399994E+1
5.374994E+1	6.069000E-4	2.030000E-5	1.050735E+2	-5.374994E+1
5.349994E+1	6.129000E-4	-2.020000E-5	1.067413E+2	-5.349994E+1
5.324994E+1	5.975000E-4	1.100000E-5	1.084091E+2	-5.324994E+1
5.299994E+1	5.914000E-4	3.560000E-5	1.100770E+2	-5.299994E+1
5.274994E+1	6.258000E-4	5.000000E-6	1.117448E+2	-5.274994E+1
5.249994E+1	6.344000E-4	6.600000E-6	1.134126E+2	-5.249994E+1
5.224994E+1	6.504000E-4	1.380000E-5	1.150805E+2	-5.224994E+1
5.199994E+1	6.544000E-4	-2.940000E-5	1.167483E+2	-5.199994E+1
5.174994E+1	6.462000E-4	1.260000E-5	1.184161E+2	-5.174994E+1
5.149994E+1	6.440000E-4	-7.700000E-6	1.200840E+2	-5.149994E+1
5.124994E+1	6.529000E-4	2.020000E-5	1.217518E+2	-5.124994E+1
5.099994E+1	6.148000E-4	7.800000E-6	1.234196E+2	-5.099994E+1
5.074994E+1	6.305000E-4	-2.200000E-6	1.250875E+2	-5.074994E+1
5.049994E+1	6.280000E-4	1.050000E-5	1.267553E+2	-5.049994E+1
5.024994E+1	6.221000E-4	1.620000E-5	1.284231E+2	-5.024994E+1
4.999994E+1	6.251000E-4	-6.800000E-6	1.300910E+2	-4.999994E+1
4.974994E+1	6.626000E-4	-2.680000E-5	1.317588E+2	-4.974994E+1
4.949994E+1	6.546000E-4	3.200000E-6	1.334266E+2	-4.949994E+1
4.924994E+1	6.562000E-4	1.720000E-5	1.350945E+2	-4.924994E+1
4.899994E+1	6.441000E-4	-2.000000E-6	1.367623E+2	-4.899994E+1
4.874994E+1	6.581000E-4	2.220000E-5	1.384301E+2	-4.874994E+1
4.849994E+1	6.506000E-4	-4.000000E-7	1.400980E+2	-4.849994E+1
4.824994E+1	6.595000E-4	1.980000E-5	1.417658E+2	-4.824994E+1
4.799994E+1	6.759000E-4	2.230000E-5	1.434336E+2	-4.799994E+1
4.774994E+1	6.886000E-4	2.540000E-5	1.451015E+2	-4.774994E+1
4.749994E+1	6.762000E-4	1.480000E-5	1.467693E+2	-4.749994E+1
4.724994E+1	6.525000E-4	-7.800000E-6	1.484371E+2	-4.724994E+1
4.699994E+1	6.559000E-4	1.200000E-5	1.501050E+2	-4.699994E+1
4.674994E+1	6.656000E-4	-1.650000E-5	1.517728E+2	-4.674994E+1
4.649994E+1	6.577000E-4	-1.810000E-5	1.534406E+2	-4.649994E+1
4.624994E+1	6.658000E-4	8.100000E-6	1.551085E+2	-4.624994E+1
4.599994E+1	6.494000E-4	1.650000E-5	1.567763E+2	-4.599994E+1
4.574994E+1	6.493000E-4	2.680000E-5	1.584441E+2	-4.574994E+1
4.549994E+1	6.618000E-4	2.070000E-5	1.601120E+2	-4.549994E+1
4.524994E+1	6.984000E-4	2.000000E-7	1.617798E+2	-4.524994E+1
4.499994E+1	6.929000E-4	7.400000E-6	1.634476E+2	-4.499994E+1
4.474994E+1	6.808000E-4	1.890000E-5	1.651155E+2	-4.474994E+1
4.449994E+1	6.634000E-4	7.100000E-6	1.667833E+2	-4.449994E+1
4.424994E+1	6.993000E-4	-2.800000E-6	1.684511E+2	-4.424994E+1
4.399994E+1	7.000000E-4	-1.350000E-5	1.701190E+2	-4.399994E+1
4.374994E+1	6.787000E-4	2.000000E-5	1.717868E+2	-4.374994E+1
4.349994E+1	6.999000E-4	5.600000E-6	1.734546E+2	-4.349994E+1
4.324994E+1	6.941000E-4	2.640000E-5	1.751225E+2	-4.324994E+1
4.299994E+1	7.141000E-4	9.500000E-6	1.767903E+2	-4.299994E+1
4.274994E+1	7.454000E-4	1.100000E-5	1.784581E+2	-4.274994E+1
4.249994E+1	7.289000E-4	1.000000E-5	1.801260E+2	-4.249994E+1
4.224994E+1	7.016000E-4	-1.940000E-5	1.817938E+2	-4.224994E+1
4.199994E+1	7.126000E-4	1.240000E-5	1.834616E+2	-4.199994E+1
4.174994E+1	7.241000E-4	2.220000E-5	1.851295E+2	-4.174994E+1
4.149994E+1	7.035000E-4	2.200000E-6	1.867973E+2	-4.149994E+1
4.124994E+1	7.074000E-4	-2.500000E-6	1.884651E+2	-4.124994E+1
4.099994E+1	6.979000E-4	1.350000E-5	1.901330E+2	-4.099994E+1
4.074994E+1	7.204000E-4	3.110000E-5	1.918008E+2	-4.074994E+1
4.049994E+1	7.159000E-4	7.800000E-6	1.934686E+2	-4.049994E+1
4.024994E+1	7.161000E-4	-2.300000E-6	1.951365E+2	-4.024994E+1
3.999994E+1	7.260000E-4	-1.040000E-5	1.968043E+2	-3.999994E+1
3.974994E+1	7.151000E-4	-1.490000E-5	1.984721E+2	-3.974994E+1
3.949994E+1	7.088000E-4	-2.670000E-5	2.001400E+2	-3.949994E+1
3.924994E+1	6.960000E-4	4.000000E-7	2.018078E+2	-3.924994E+1
3.899994E+1	7.004000E-4	1.620000E-5	2.034756E+2	-3.899994E+1
3.874994E+1	7.239000E-4	-6.000000E-6	2.051435E+2	-3.874994E+1
3.849994E+1	7.490000E-4	1.330000E-5	2.068113E+2	-3.849994E+1
3.824994E+1	7.207000E-4	-1.060000E-5	2.084791E+2	-3.824994E+1
3.799994E+1	7.205000E-4	1.230000E-5	2.101470E+2	-3.799994E+1
3.774994E+1	7.294000E-4	9.100000E-6	2.118148E+2	-3.774994E+1
3.749994E+1	7.092000E-4	-2.220000E-5	2.134826E+2	-3.749994E+1
3.724994E+1	7.158000E-4	5.900000E-6	2.151505E+2	-3.724994E+1
3.699994E+1	7.273000E-4	7.800000E-6	2.168183E+2	-3.699994E+1
3.674994E+1	7.340000E-4	2.820000E-5	2.184861E+2	-3.674994E+1
3.649994E+1	7.331000E-4	2.090000E-5	2.201540E+2	-3.649994E+1
3.624994E+1	7.157000E-4	3.100000E-6	2.218218E+2	-3.624994E+1
3.599994E+1	7.312000E-4	-6.500000E-6	2.234896E+2	-3.599994E+1
3.574994E+1	7.264000E-4	-2.480000E-5	2.251575E+2	-3.574994E+1
3.549994E+1	6.989000E-4	1.140000E-5	2.268253E+2	-3.549994E+1
3.524994E+1	7.457000E-4	8.000000E-6	2.284931E+2	-3.524994E+1
3.499994E+1	7.325000E-4	-7.600000E-6	2.301610E+2	-3.499994E+1
3.474994E+1	7.077000E-4	2.000000E-6	2.318288E+2	-3.474994E+1
3.449994E+1	7.174000E-4	-3.400000E-6	2.334966E+2	-3.449994E+1
3.424994E+1	7.201000E-4	-1.190000E-5	2.351645E+2	-3.424994E+1
3.399994E+1	7.205000E-4	-1.440000E-5	2.368323E+2	-3.399994E+1
3.374994E+1	7.156000E-4	6.400000E-6	2.385001E+2	-3.374994E+1
3.349994E+1	7.377000E-4	1.600000E-5	2.401680E+2	-3.349994E+1
3.324994E+1	7.598000E-4	-2.040000E-5	2.418358E+2	-3.324994E+1
3.299994E+1	7.634000E-4	5.400000E-6	2.435036E+2	-3.299994E+1
3.274994E+1	7.683000E-4	-1.090000E-5	2.451715E+2	-3.274994E+1
3.249994E+1	7.633000E-4	-8.700000E-6	2.468393E+2	-3.249994E+1
3.224994E+1	7.396000E-4	1.400000E-6	2.485071E+2	-3.224994E+1
3.199994E+1	7.644000E-4	-8.600000E-6	2.501750E+2	-3.199994E+1
3.174994E+1	7.319000E-4	9.000000E-6	2.518428E+2	-3.174994E+1
3.149994E+1	7.324000E-4	-1.030000E-5	2.535106E+2	-3.149994E+1
3.124994E+1	7.284000E-4	-2.070000E-5	2.551785E+2	-3.124994E+1
3.099994E+1	7.389000E-4	-9.300000E-6	2.568463E+2	-3.099994E+1
3.074994E+1	7.150000E-4	-9.100000E-6	2.585141E+2	-3.074994E+1
3.049994E+1	7.402000E-4	1.600000E-6	2.601819E+2	-3.049994E+1
3.024994E+1	7.390000E-4	-4.100000E-6	2.618498E+2	-3.024994E+1
2.999994E+1	7.591000E-4	-8.400000E-6	2.635176E+2	-2.999994E+1
2.974994E+1	7.522000E-4	-3.210000E-5	2.651855E+2	-2.974994E+1
2.949994E+1	7.563000E-4	-1.160000E-5	2.668533E+2	-2.949994E+1
2.924994E+1	7.672000E-4	1.700000E-5	2.685211E+2	-2.924994E+1
2.899994E+1	7.427000E-4	2.970000E-5	2.701890E+2	-2.899994E+1
2.874994E+1	7.497000E-4	7.200000E-6	2.718568E+2	-2.874994E+1
2.849994E+1	7.410000E-4	5.400000E-6	2.735246E+2	-2.849994E+1
2.824994E+1	7.612000E-4	3.100000E-6	2.751924E+2	-2.824994E+1
2.799994E+1	7.741000E-4	2.430000E-5	2.768603E+2	-2.799994E+1
2.774994E+1	7.384000E-4	1.140000E-5	2.785281E+2	-2.774994E+1
2.749994E+1	7.727000E-4	-1.940000E-5	2.801960E+2	-2.749994E+1
2.724994E+1	7.525000E-4	1.360000E-5	2.818638E+2	-2.724994E+1
2.699994E+1	7.735000E-4	5.500000E-6	2.835316E+2	-2.699994E+1
2.674994E+1	7.503000E-4	1.400000E-6	2.851995E+2	-2.674994E+1
2.649994E+1	7.313000E-4	3.580000E-5	2.868673E+2	-2.649994E+1
2.624994E+1	7.252000E-4	-1.400000E-6	2.885351E+2	-2.624994E+1
2.599994E+1	7.414000E-4	3.050000E-5	2.902029E+2	-2.599994E+1
2.574994E+1	7.428000E-4	-3.600000E-6	2.918708E+2	-2.574994E+1
2.549994E+1	7.271000E-4	1.920000E-5	2.935386E+2	-2.549994E+1
2.524994E+1	7.602000E-4	-7.000000E-6	2.952065E+2	-2.524994E+1
2.499994E+1	7.770000E-4	1.090000E-5	2.968743E+2	-2.499994E+1
2.474994E+1	7.729000E-4	-3.800000E-6	2.985421E+2	-2.474994E+1
2.449994E+1	7.624000E-4	2.300000E-5	3.002100E+2	-2.449994E+1
2.424994E+1	7.660000E-4	2.310000E-5	3.018778E+2	-2.424994E+1
2.399994E+1	7.477000E-4	-7.000000E-7	3.035456E+2	-2.399994E+1
2.374994E+1	7.445000E-4	-5.400000E-6	3.052134E+2	-2.374994E+1
2.349994E+1	7.834000E-4	4.200000E-6	3.068813E+2	-2.349994E+1
2.324994E+1	7.869000E-4	-6.700000E-6	3.085491E+2	-2.324994E+1
2.299994E+1	7.846000E-4	1.270000E-5	3.102169E+2	-2.299994E+1
2.274994E+1	7.662000E-4	2.200000E-6	3.118848E+2	-2.274994E+1
2.249994E+1	7.753000E-4	-2.000000E-5	3.135526E+2	-2.249994E+1
2.224994E+1	7.813000E-4	4.900000E-6	3.152205E+2	-2.224994E+1
2.199994E+1	7.950000E-4	2.030000E-5	3.168883E+2	-2.199994E+1
2.174994E+1	7.545000E-4	2.210000E-5	3.185561E+2	-2.174994E+1
2.149994E+1	7.749000E-4	-1.290000E-5	3.202239E+2	-2.149994E+1
2.124994E+1	7.922000E-4	1.140000E-5	3.218918E+2	-2.124994E+1
2.099994E+1	7.820000E-4	-9.000000E-6	3.235596E+2	-2.099994E+1
2.074994E+1	7.622000E-4	-8.100000E-6	3.252274E+2	-2.074994E+1
2.049994E+1	7.740000E-4	1.770000E-5	3.268953E+2	-2.049994E+1
2.024994E+1	7.763000E-4	2.230000E-5	3.285631E+2	-2.024994E+1
1.999994E+1	7.707000E-4	-1.780000E-5	3.302309E+2	-1.999994E+1
1.974994E+1	7.615000E-4	-9.300000E-6	3.318988E+2	-1.974994E+1
1.949994E+1	8.031000E-4	-2.400000E-6	3.335666E+2	-1.949994E+1
1.924994E+1	7.961000E-4	2.930000E-5	3.352344E+2	-1.924994E+1
1.899994E+1	8.123000E-4	1.160000E-5	3.369023E+2	-1.899994E+1
1.874994E+1	7.843000E-4	6.500000E-6	3.385701E+2	-1.874994E+1
1.849994E+1	7.929000E-4	-3.000000E-7	3.402379E+2	-1.849994E+1
1.824994E+1	8.164000E-4	-8.900000E-6	3.419058E+2	-1.824994E+1
1.799994E+1	7.895000E-4	-1.700000E-6	3.435736E+2	-1.799994E+1
1.774994E+1	7.691000E-4	1.120000E-5	3.452414E+2	-1.774994E+1
1.749994E+1	7.595000E-4	1.000000E-5	3.469093E+2	-1.749994E+1
1.724994E+1	7.645000E-4	-4.200000E-6	3.485771E+2	-1.724994E+1
1.699994E+1	7.816000E-4	3.070000E-5	3.502449E+2	-1.699994E+1
1.674994E+1	7.905000E-4	1.460000E-5	3.519128E+2	-1.674994E+1
1.649994E+1	8.059000E-4	1.550000E-5	3.535806E+2	-1.649994E+1
1.624994E+1	7.685000E-4	2.600000E-6	3.552484E+2	-1.624994E+1
1.599994E+1	8.040000E-4	3.240000E-5	3.569163E+2	-1.599994E+1
1.574994E+1	7.934000E-4	-1.120000E-5	3.585841E+2	-1.574994E+1
1.549994E+1	7.962000E-4	-1.350000E-5	3.602519E+2	-1.549994E+1
1.524994E+1	7.768000E-4	1.720000E-5	3.619198E+2	-1.524994E+1
1.499994E+1	7.839000E-4	8.700000E-6	3.635876E+2	-1.499994E+1
1.474994E+1	7.966000E-4	-6.900000E-6	3.652554E+2	-1.474994E+1
1.449994E+1	8.064000E-4	-1.400000E-6	3.669233E+2	-1.449994E+1
1.424994E+1	7.799000E-4	-2.560000E-5	3.685911E+2	-1.424994E+1
1.399994E+1	8.099000E-4	-1.400000E-6	3.702589E+2	-1.399994E+1
1.374994E+1	7.902000E-4	5.700000E-6	3.719268E+2	-1.374994E+1
1.349994E+1	7.964000E-4	2.960000E-5	3.735946E+2	-1.349994E+1
1.324994E+1	7.920000E-4	-6.000000E-7	3.752624E+2	-1.324994E+1
1.299994E+1	7.500000E-4	1.300000E-5	3.769303E+2	-1.299994E+1
1.274994E+1	7.599000E-4	-9.500000E-6	3.785981E+2	-1.274994E+1
1.249994E+1	7.889000E-4	1.660000E-5	3.802659E+2	-1.249994E+1
1.224994E+1	7.988000E-4	-1.000000E-5	3.819338E+2	-1.224994E+1
1.199994E+1	8.040000E-4	1.450000E-5	3.836016E+2	-1.199994E+1
1.174994E+1	7.871000E-4	-6.100000E-6	3.852694E+2	-1.174994E+1
1.149994E+1	7.934000E-4	-3.250000E-5	3.869373E+2	-1.149994E+1
1.124994E+1	7.685000E-4	4.020000E-5	3.886051E+2	-1.124994E+1
1.099994E+1	7.993000E-4	2.150000E-5	3.902729E+2	-1.099994E+1
1.074994E+1	7.748000E-4	1.310000E-5	3.919408E+2	-1.074994E+1
1.049994E+1	7.851000E-4	1.760000E-5	3.936086E+2	-1.049994E+1
1.024994E+1	8.069000E-4	-1.690000E-5	3.952764E+2	-1.024994E+1
9.999940E+0	8.325000E-4	3.000000E-6	3.969443E+2	-9.999940E+0
9.749940E+0	7.874000E-4	1.380000E-5	3.986121E+2	-9.749940E+0
9.499940E+0	8.124000E-4	-2.870000E-5	4.002799E+2	-9.499940E+0
9.249940E+0	8.286000E-4	1.300000E-6	4.019478E+2	-9.249940E+0
8.999940E+0	8.010000E-4	5.200000E-6	4.036156E+2	-8.999940E+0
8.749940E+0	7.948000E-4	5.600000E-6	4.052834E+2	-8.749940E+0
8.499940E+0	8.015000E-4	-9.000000E-6	4.069513E+2	-8.499940E+0
8.249940E+0	8.249000E-4	3.360000E-5	4.086191E+2	-8.249940E+0
7.999940E+0	8.106000E-4	5.700000E-6	4.102869E+2	-7.999940E+0
7.749940E+0	7.861000E-4	-7.000000E-6	4.119548E+2	-7.749940E+0
7.499940E+0	8.343000E-4	-1.080000E-5	4.136226E+2	-7.499940E+0
7.249940E+0	7.949000E-4	4.400000E-6	4.152904E+2	-7.249940E+0
6.999940E+0	7.920000E-4	2.400000E-6	4.169583E+2	-6.999940E+0
6.749940E+0	7.902000E-4	1.470000E-5	4.186261E+2	-6.749940E+0
6.499940E+0	7.961000E-4	-1.320000E-5	4.202939E+2	-6.499940E+0
6.249940E+0	7.869000E-4	-1.760000E-5	4.219618E+2	-6.249940E+0
5.999940E+0	8.071000E-4	1.460000E-5	4.236296E+2	-5.999940E+0
5.749940E+0	7.946000E-4	-3.500000E-6	4.252974E+2	-5.749940E+0
5.499940E+0	8.100000E-4	1.380000E-5	4.269653E+2	-5.499940E+0
5.249940E+0	8.432000E-4	9.000000E-6	4.286331E+2	-5.249940E+0
4.999940E+0	8.223000E-4	1.840000E-5	4.303009E+2	-4.999940E+0
4.749940E+0	8.069000E-4	3.600000E-6	4.319687E+2	-4.749940E+0
4.499940E+0	7.788000E-4	-8.300000E-6	4.336366E+2	-4.499940E+0
4.249940E+0	7.926000E-4	-2.370000E-5	4.353044E+2	-4.249940E+0
3.999940E+0	7.976000E-4	-1.010000E-5	4.369723E+2	-3.999940E+0
3.749940E+0	7.877000E-4	2.640000E-5	4.386401E+2	-3.749940E+0
3.499940E+0	7.852000E-4	-4.000000E-7	4.403079E+2	-3.499940E+0
3.249940E+0	8.284000E-4	-3.100000E-5	4.419758E+2	-3.249940E+0
2.999940E+0	8.027000E-4	-1.300000E-6	4.436436E+2	-2.999940E+0
2.749940E+0	8.252000E-4	-1.720000E-5	4.453114E+2	-2.749940E+0
2.499940E+0	8.221000E-4	-5.300000E-6	4.469792E+2	-2.499940E+0
2.249940E+0	8.285000E-4	1.770000E-5	4.486471E+2	-2.249940E+0
1.999940E+0	7.958000E-4	-1.990000E-5	4.503149E+2	-1.999940E+0
1.749940E+0	8.035000E-4	1.130000E-5	4.519828E+2	-1.749940E+0
1.499940E+0	8.089000E-4	2.360000E-5	4.536506E+2	-1.499940E+0
1.249940E+0	8.165000E-4	-6.000000E-6	4.553184E+2	-1.249940E+0
9.999400E-1	8.124000E-4	-5.800000E-6	4.569863E+2	-9.999400E-1
7.499400E-1	8.132000E-4	4.010000E-5	4.586541E+2	-7.499400E-1
4.999400E-1	8.056000E-4	-4.600000E-6	4.603219E+2	-4.999400E-1
2.499400E-1	8.015000E-4	8.300000E-6	4.619897E+2	-2.499400E-1
-6.000000E-5	8.300000E-4	2.200000E-5	4.636576E+2	6.000000E-5
-2.500600E-1	8.305000E-4	-1.020000E-5	4.653254E+2	2.500600E-1
-5.000600E-1	8.298000E-4	-1.520000E-5	4.669933E+2	5.000600E-1
-7.500600E-1	8.160000E-4	-7.900000E-6	4.686611E+2	7.500600E-1
-1.000060E+0	8.132000E-4	7.600000E-6	4.703289E+2	1.000060E+0
-1.250060E+0	8.273000E-4	-1.060000E-5	4.719967E+2	1.250060E+0
-1.500060E+0	8.120000E-4	2.700000E-6	4.736646E+2	1.500060E+0
-1.750060E+0	8.265000E-4	7.000000E-6	4.753324E+2	1.750060E+0
-2.000060E+0	8.302000E-4	3.090000E-5	4.770002E+2	2.000060E+0
-2.250060E+0	8.219000E-4	-5.800000E-6	4.786681E+2	2.250060E+0
-2.500060E+0	8.411000E-4	-9.600000E-6	4.803359E+2	2.500060E+0
-2.750060E+0	8.415000E-4	5.900000E-6	4.820038E+2	2.750060E+0
-3.000060E+0	8.200000E-4	-2.300000E-5	4.836716E+2	3.000060E+0
-3.250060E+0	8.103000E-4	6.700000E-6	4.853394E+2	3.250060E+0
-3.500060E+0	8.196000E-4	1.100000E-5	4.870072E+2	3.500060E+0
-3.750060E+0	8.314000E-4	-1.920000E-5	4.886751E+2	3.750060E+0
-4.000060E+0	8.149000E-4	-6.000000E-7	4.903429E+2	4.000060E+0
-4.250060E+0	8.184000E-4	9.200000E-6	4.920107E+2	4.250060E+0
-4.500060E+0	7.890000E-4	-1.900000E-6	4.936786E+2	4.500060E+0
-4.750060E+0	7.939000E-4	1.440000E-5	4.953464E+2	4.750060E+0
-5.000060E+0	8.293000E-4	-4.700000E-6	4.970143E+2	5.000060E+0
-5.250060E+0	8.019000E-4	-2.310000E-5	4.986821E+2	5.250060E+0
-5.500060E+0	8.119000E-4	1.680000E-5	5.003499E+2	5.500060E+0
-5.750060E+0	8.309000E-4	2.940000E-5	5.020177E+2	5.750060E+0
-6.000060E+0	8.393000E-4	8.300000E-6	5.036856E+2	6.000060E+0
-6.250060E+0	8.012000E-4	-9.900000E-6	5.053534E+2	6.250060E+0
-6.500060E+0	8.404000E-4	-1.300000E-5	5.070212E+2	6.500060E+0
-6.750060E+0	8.226000E-4	6.900000E-6	5.086891E+2	6.750060E+0
-7.000060E+0	8.125000E-4	-6.400000E-6	5.103569E+2	7.000060E+0
-7.250060E+0	8.356000E-4	2.580000E-5	5.120247E+2	7.250060E+0
-7.500060E+0	8.345000E-4	4.300000E-6	5.136926E+2	7.500060E+0
-7.750060E+0	8.222000E-4	-3.100000E-6	5.153604E+2	7.750060E+0
-8.000060E+0	8.324000E-4	-2.550000E-5	5.170283E+2	8.000060E+0
-8.250060E+0	8.080000E-4	1.110000E-5	5.186960E+2	8.250060E+0
-8.500060E+0	7.487000E-4	7.050000E-5	5.203639E+2	8.500060E+0
-8.750060E+0	8.516000E-4	-1.560000E-5	5.220317E+2	8.750060E+0
-9.000060E+0	8.154000E-4	-1.680000E-5	5.236996E+2	9.000060E+0
-9.250060E+0	8.176000E-4	5.900000E-6	5.253674E+2	9.250060E+0
-9.500060E+0	8.561000E-4	1.300000E-5	5.270352E+2	9.500060E+0
-9.750060E+0	8.519000E-4	1.040000E-5	5.287031E+2	9.750060E+0
-1.000006E+1	8.324000E-4	-1.180000E-5	5.303709E+2	1.000006E+1
-1.025006E+1	8.211000E-4	-2.690000E-5	5.320388E+2	1.025006E+1
-1.050006E+1	8.271000E-4	1.240000E-5	5.337065E+2	1.050006E+1
-1.075006E+1	8.638000E-4	-2.500000E-6	5.353744E+2	1.075006E+1
-1.100006E+1	8.023000E-4	-5.200000E-6	5.370422E+2	1.100006E+1
-1.125006E+1	8.273000E-4	-8.500000E-6	5.387101E+2	1.125006E+1
-1.150006E+1	8.345000E-4	-1.000000E-5	5.403779E+2	1.150006E+1
-1.175006E+1	8.205000E-4	-2.080000E-5	5.420457E+2	1.175006E+1
-1.200006E+1	8.325000E-4	-8.400000E-6	5.437136E+2	1.200006E+1
-1.225006E+1	8.221000E-4	9.000000E-6	5.453814E+2	1.225006E+1
-1.250006E+1	8.412000E-4	1.080000E-5	5.470493E+2	1.250006E+1
-1.275006E+1	8.440000E-4	-2.280000E-5	5.487170E+2	1.275006E+1
-1.300006E+1	8.362000E-4	3.370000E-5	5.503849E+2	1.300006E+1
-1.325006E+1	8.290000E-4	2.270000E-5	5.520527E+2	1.325006E+1
-1.350006E+1	8.231000E-4	9.500000E-6	5.537206E+2	1.350006E+1
-1.375006E+1	8.416000E-4	-2.150000E-5	5.553884E+2	1.375006E+1
-1.400006E+1	8.346000E-4	-2.410000E-5	5.570562E+2	1.400006E+1
-1.425006E+1	8.663000E-4	-6.000000E-6	5.587241E+2	1.425006E+1
-1.450006E+1	8.255000E-4	-1.100000E-5	5.603919E+2	1.450006E+1
-1.475006E+1	8.433000E-4	1.850000E-5	5.620598E+2	1.475006E+1
-1.500006E+1	8.540000E-4	1.360000E-5	5.637275E+2	1.500006E+1
-1.525006E+1	8.669000E-4	-2.000000E-7	5.653954E+2	1.525006E+1
-1.550006E+1	8.364000E-4	9.200000E-6	5.670632E+2	1.550006E+1
-1.575006E+1	8.606000E-4	-2.230000E-5	5.687311E+2	1.575006E+1
-1.600006E+1	8.484000E-4	-9.200000E-6	5.703989E+2	1.600006E+1
-1.625006E+1	8.525000E-4	-8.700000E-6	5.720667E+2	1.625006E+1
-1.650006E+1	8.322000E-4	1.070000E-5	5.737346E+2	1.650006E+1
-1.675006E+1	8.386000E-4	2.730000E-5	5.754024E+2	1.675006E+1
-1.700006E+1	8.263000E-4	1.690000E-5	5.770703E+2	1.700006E+1
-1.725006E+1	8.274000E-4	1.120000E-5	5.787380E+2	1.725006E+1
-1.750006E+1	8.282000E-4	-3.520000E-5	5.804059E+2	1.750006E+1
-1.775006E+1	8.280000E-4	1.110000E-5	5.820737E+2	1.775006E+1
-1.800006E+1	8.266000E-4	-2.660000E-5	5.837416E+2	1.800006E+1
-1.825006E+1	8.168000E-4	-3.060000E-5	5.854094E+2	1.825006E+1
-1.850006E+1	8.291000E-4	4.400000E-6	5.870772E+2	1.850006E+1
-1.875006E+1	8.279000E-4	-7.800000E-6	5.887451E+2	1.875006E+1
-1.900006E+1	8.416000E-4	-3.170000E-5	5.904129E+2	1.900006E+1
-1.925006E+1	8.348000E-4	-2.320000E-5	5.920807E+2	1.925006E+1
-1.950006E+1	8.215000E-4	-1.300000E-6	5.937485E+2	1.950006E+1
-1.975006E+1	8.303000E-4	1.240000E-5	5.954164E+2	1.975006E+1
-2.000006E+1	8.408000E-4	7.200000E-6	5.970842E+2	2.000006E+1
-2.025006E+1	8.293000E-4	-6.300000E-6	5.987521E+2	2.025006E+1
-2.050006E+1	8.502000E-4	-2.100000E-6	6.004199E+2	2.050006E+1
-2.075006E+1	8.202000E-4	4.300000E-6	6.020877E+2	2.075006E+1
-2.100006E+1	8.465000E-4	-8.900000E-6	6.037556E+2	2.100006E+1
-2.125006E+1	8.560000E-4	-1.610000E-5	6.054234E+2	2.125006E+1
-2.150006E+1	8.341000E-4	-2.260000E-5	6.070912E+2	2.150006E+1
-2.175006E+1	7.902000E-4	-2.650000E-5	6.087590E+2	2.175006E+1
-2.200006E+1	8.291000E-4	-2.000000E-6	6.104269E+2	2.200006E+1
-2.225006E+1	8.639000E-4	2.320000E-5	6.120947E+2	2.225006E+1
-2.250006E+1	8.486000E-4	-2.400000E-6	6.137626E+2	2.250006E+1
-2.275006E+1	8.545000E-4	1.940000E-5	6.154304E+2	2.275006E+1
-2.300006E+1	8.568000E-4	1.300000E-6	6.170982E+2	2.300006E+1
-2.325006E+1	8.579000E-4	3.300000E-6	6.187661E+2	2.325006E+1
-2.350006E+1	8.306000E-4	6.100000E-6	6.204339E+2	2.350006E+1
-2.375006E+1	8.515000E-4	3.600000E-6	6.221017E+2	2.375006E+1
-2.400006E+1	8.611000E-4	2.270000E-5	6.237695E+2	2.400006E+1
-2.425006E+1	8.761000E-4	-6.200000E-6	6.254374E+2	2.425006E+1
-2.450006E+1	8.542000E-4	3.200000E-6	6.271052E+2	2.450006E+1
-2.475006E+1	8.546000E-4	2.080000E-5	6.287731E+2	2.475006E+1
-2.500006E+1	8.343000E-4	6.000000E-7	6.304409E+2	2.500006E+1
-2.525006E+1	8.421000E-4	1.450000E-5	6.321087E+2	2.525006E+1
-2.550006E+1	8.523000E-4	-8.600000E-6	6.337766E+2	2.550006E+1
-2.575006E+1	8.382000E-4	5.500000E-6	6.354444E+2	2.575006E+1
-2.600006E+1	8.539000E-4	-3.600000E-6	6.371122E+2	2.600006E+1
-2.625006E+1	8.574000E-4	-2.670000E-5	6.387800E+2	2.625006E+1
-2.650006E+1	8.668000E-4	-1.810000E-5	6.404479E+2	2.650006E+1
-2.675006E+1	8.460000E-4	4.200000E-6	6.421157E+2	2.675006E+1
-2.700006E+1	8.347000E-4	-5.900000E-6	6.437836E+2	2.700006E+1
-2.725006E+1	8.436000E-4	8.900000E-6	6.454514E+2	2.725006E+1
-2.750006E+1	8.476000E-4	-1.090000E-5	6.471192E+2	2.750006E+1
-2.775006E+1	8.721000E-4	-2.390000E-5	6.487870E+2	2.775006E+1
-2.800006E+1	8.920000E-4	-9.600000E-6	6.504549E+2	2.800006E+1
-2.825006E+1	8.599000E-4	-1.060000E-5	6.521227E+2	2.825006E+1
-2.850006E+1	8.682000E-4	1.500000E-5	6.537905E+2	2.850006E+1
-2.875006E+1	8.605000E-4	7.700000E-6	6.554584E+2	2.875006E+1
-2.900006E+1	8.283000E-4	4.100000E-6	6.571262E+2	2.900006E+1
-2.925006E+1	8.436000E-4	9.900000E-6	6.587941E+2	2.925006E+1
-2.950006E+1	8.377000E-4	-5.300000E-6	6.604619E+2	2.950006E+1
-2.975006E+1	8.279000E-4	-1.280000E-5	6.621297E+2	2.975006E+1
-3.000006E+1	8.569000E-4	1.610000E-5	6.637975E+2	3.000006E+1
-3.025006E+1	8.498000E-4	2.920000E-5	6.654654E+2	3.025006E+1
-3.050006E+1	8.362000E-4	-3.090000E-5	6.671332E+2	3.050006E+1
-3.075006E+1	8.598000E-4	-1.050000E-5	6.688010E+2	3.075006E+1
-3.100006E+1	8.674000E-4	-3.370000E-5	6.704689E+2	3.100006E+1
-3.125006E+1	8.385000E-4	-2.510000E-5	6.721367E+2	3.125006E+1
-3.150006E+1	8.586000E-4	4.800000E-6	6.738046E+2	3.150006E+1
-3.175006E+1	8.689000E-4	-3.500000E-6	6.754724E+2	3.175006E+1
-3.200006E+1	8.346000E-4	-1.840000E-5	6.771402E+2	3.200006E+1
-3.225006E+1	8.279000E-4	-4.110000E-5	6.788080E+2	3.225006E+1
-3.250006E+1	8.222000E-4	-7.600000E-6	6.804759E+2	3.250006E+1
-3.275006E+1	8.414000E-4	-3.970000E-5	6.821437E+2	3.275006E+1
-3.300006E+1	8.591000E-4	-2.700000E-6	6.838115E+2	3.300006E+1
-3.325006E+1	8.305000E-4	-1.060000E-5	6.854794E+2	3.325006E+1
-3.350006E+1	8.225000E-4	1.400000E-6	6.871472E+2	3.350006E+1
-3.375006E+1	8.669000E-4	-2.000000E-7	6.888151E+2	3.375006E+1
-3.400006E+1	8.695000E-4	-1.210000E-5	6.904828E+2	3.400006E+1
-3.425006E+1	8.454000E-4	-2.230000E-5	6.921507E+2	3.425006E+1
-3.450006E+1	8.565000E-4	-3.200000E-6	6.938185E+2	3.450006E+1
-3.475006E+1	8.469000E-4	-1.210000E-5	6.954864E+2	3.475006E+1
-3.500006E+1	8.390000E-4	-2.130000E-5	6.971542E+2	3.500006E+1
-3.525006E+1	8.564000E-4	1.360000E-5	6.988220E+2	3.525006E+1
-3.550006E+1	8.587000E-4	8.300000E-6	7.004899E+2	3.550006E+1
-3.575006E+1	8.393000E-4	9.900000E-6	7.021577E+2	3.575006E+1
-3.600006E+1	8.212000E-4	1.820000E-5	7.038256E+2	3.600006E+1
-3.625006E+1	8.851000E-4	-1.900000E-6	7.054933E+2	3.625006E+1
-3.650006E+1	8.744000E-4	3.100000E-6	7.071612E+2	3.650006E+1
-3.675006E+1	8.656000E-4	-4.300000E-6	7.088290E+2	3.675006E+1
-3.700006E+1	8.755000E-4	1.500000E-5	7.104969E+2	3.700006E+1
-3.725006E+1	8.725000E-4	1.140000E-5	7.121647E+2	3.725006E+1
-3.750006E+1	8.696000E-4	-1.730000E-5	7.138325E+2	3.750006E+1
-3.775006E+1	8.514000E-4	4.900000E-6	7.155004E+2	3.775006E+1
-3.800006E+1	8.272000E-4	-1.460000E-5	7.171682E+2	3.800006E+1
-3.825006E+1	8.689000E-4	1.200000E-6	7.188361E+2	3.825006E+1
-3.850006E+1	8.360000E-4	3.580000E-5	7.205038E+2	3.850006E+1
-3.875006E+1	8.702000E-4	-1.300000E-6	7.221717E+2	3.875006E+1
-3.900006E+1	8.525000E-4	1.770000E-5	7.238395E+2	3.900006E+1
-3.925006E+1	8.576000E-4	1.700000E-6	7.255074E+2	3.925006E+1
-3.950006E+1	8.596000E-4	2.470000E-5	7.271752E+2	3.950006E+1
-3.975006E+1	8.614000E-4	8.600000E-6	7.288430E+2	3.975006E+1
-4.000006E+1	8.401000E-4	1.140000E-5	7.305109E+2	4.000006E+1
-4.025006E+1	8.602000E-4	1.640000E-5	7.321787E+2	4.025006E+1
-4.050006E+1	8.666000E-4	2.900000E-6	7.338466E+2	4.050006E+1
-4.075006E+1	8.629000E-4	-1.400000E-5	7.355143E+2	4.075006E+1
-4.100006E+1	8.603000E-4	-1.360000E-5	7.371822E+2	4.100006E+1
-4.125006E+1	8.601000E-4	-1.710000E-5	7.388500E+2	4.125006E+1
-4.150006E+1	8.622000E-4	-1.000000E-7	7.405179E+2	4.150006E+1
-4.175006E+1	8.240000E-4	-1.400000E-5	7.421857E+2	4.175006E+1
-4.200006E+1	8.253000E-4	-2.650000E-5	7.438535E+2	4.200006E+1
-4.225006E+1	8.497000E-4	-3.800000E-6	7.455214E+2	4.225006E+1
-4.250006E+1	8.708000E-4	3.600000E-6	7.471892E+2	4.250006E+1
-4.275006E+1	8.693000E-4	1.350000E-5	7.488571E+2	4.275006E+1
-4.300006E+1	8.758000E-4	-1.500000E-6	7.505248E+2	4.300006E+1
-4.325006E+1	8.840000E-4	-3.050000E-5	7.521927E+2	4.325006E+1
-4.350006E+1	8.714000E-4	1.810000E-5	7.538605E+2	4.350006E+1
-4.375006E+1	8.595000E-4	-2.320000E-5	7.555284E+2	4.375006E+1
-4.400006E+1	8.490000E-4	1.050000E-5	7.571962E+2	4.400006E+1
-4.425006E+1	8.727000E-4	7.400000E-6	7.588640E+2	4.425006E+1
-4.450006E+1	8.744000E-4	-2.500000E-6	7.605319E+2	4.450006E+1
-4.475006E+1	8.782000E-4	8.800000E-6	7.621997E+2	4.475006E+1
-4.500006E+1	8.746000E-4	1.700000E-5	7.638676E+2	4.500006E+1
-4.525006E+1	8.629000E-4	5.200000E-5	7.655353E+2	4.525006E+1
-4.550006E+1	8.548000E-4	7.200000E-6	7.672032E+2	4.550006E+1
-4.575006E+1	8.728000E-4	7.900000E-6	7.688710E+2	4.575006E+1
-4.600006E+1	8.543000E-4	-4.600000E-6	7.705389E+2	4.600006E+1
-4.625006E+1	8.456000E-4	7.400000E-6	7.722067E+2	4.625006E+1
-4.650006E+1	8.630000E-4	3.700000E-6	7.738745E+2	4.650006E+1
-4.675006E+1	8.764000E-4	-1.220000E-5	7.755424E+2	4.675006E+1
-4.700006E+1	8.669000E-4	3.300000E-5	7.772102E+2	4.700006E+1
-4.725006E+1	8.667000E-4	1.000000E-6	7.788781E+2	4.725006E+1
-4.750006E+1	8.603000E-4	2.650000E-5	7.805458E+2	4.750006E+1
-4.775006E+1	8.522000E-4	-2.110000E-5	7.822137E+2	4.775006E+1
-4.800006E+1	8.599000E-4	1.980000E-5	7.838815E+2	4.800006E+1
-4.825006E+1	8.468000E-4	-1.280000E-5	7.855494E+2	4.825006E+1
-4.850006E+1	8.551000E-4	-2.120000E-5	7.872172E+2	4.850006E+1
-4.875006E+1	8.541000E-4	-2.960000E-5	7.888850E+2	4.875006E+1
-4.900006E+1	8.912000E-4	-1.650000E-5	7.905529E+2	4.900006E+1
-4.925006E+1	8.822000E-4	8.300000E-6	7.922207E+2	4.925006E+1
-4.950006E+1	8.511000E-4	4.600000E-6	7.938885E+2	4.950006E+1
-4.975006E+1	8.527000E-4	-3.620000E-5	7.955563E+2	4.975006E+1
-5.000006E+1	8.820000E-4	-7.300000E-6	7.972242E+2	5.000006E+1
-5.025006E+1	8.760000E-4	9.500000E-6	7.988920E+2	5.025006E+1
-5.050006E+1	8.717000E-4	0.000000E+0	8.005599E+2	5.050006E+1
-5.075006E+1	8.806000E-4	8.000000E-6	8.022277E+2	5.075006E+1
-5.100006E+1	8.695000E-4	1.150000E-5	8.038955E+2	5.100006E+1
-5.125006E+1	8.464000E-4	5.800000E-6	8.055634E+2	5.125006E+1
-5.150006E+1	8.615000E-4	-2.000000E-6	8.072312E+2	5.150006E+1
-5.175006E+1	8.720000E-4	-2.600000E-5	8.088990E+2	5.175006E+1
-5.200006E+1	8.604000E-4	8.000000E-7	8.105668E+2	5.200006E+1
-5.225006E+1	8.780000E-4	1.590000E-5	8.122347E+2	5.225006E+1
-5.250006E+1	8.837000E-4	4.000000E-6	8.139025E+2	5.250006E+1
-5.275006E+1	8.959000E-4	1.850000E-5	8.155704E+2	5.275006E+1
-5.300006E+1	8.855000E-4	-3.800000E-6	8.172382E+2	5.300006E+1
-5.325006E+1	8.794000E-4	-2.800000E-6	8.189060E+2	5.325006E+1
-5.350006E+1	8.719000E-4	7.000000E-7	8.205739E+2	5.350006E+1
-5.375006E+1	8.779000E-4	2.200000E-5	8.222417E+2	5.375006E+1
-5.400006E+1	8.706000E-4	-1.170000E-5	8.239095E+2	5.400006E+1
-5.425006E+1	8.961000E-4	1.230000E-5	8.255773E+2	5.425006E+1
-5.450006E+1	8.430000E-4	1.670000E-5	8.272452E+2	5.450006E+1
-5.475006E+1	8.485000E-4	-2.390000E-5	8.289130E+2	5.475006E+1
-5.500006E+1	8.477000E-4	-3.510000E-5	8.305809E+2	5.500006E+1
-5.525006E+1	8.502000E-4	-7.100000E-6	8.322487E+2	5.525006E+1
-5.550006E+1	8.507000E-4	1.110000E-5	8.339165E+2	5.550006E+1
-5.575006E+1	8.517000E-4	1.050000E-5	8.355844E+2	5.575006E+1
-5.600006E+1	8.629000E-4	-1.700000E-6	8.372522E+2	5.600006E+1
-5.625006E+1	8.583000E-4	-3.100000E-6	8.389200E+2	5.625006E+1
-5.650006E+1	8.648000E-4	-9.200000E-6	8.405878E+2	5.650006E+1
-5.675006E+1	8.627000E-4	-1.050000E-5	8.422557E+2	5.675006E+1
-5.700006E+1	8.654000E-4	1.940000E-5	8.439235E+2	5.700006E+1
-5.725006E+1	8.636000E-4	-2.000000E-7	8.455914E+2	5.725006E+1
-5.750006E+1	8.734000E-4	1.400000E-6	8.472592E+2	5.750006E+1
-5.775006E+1	8.709000E-4	-8.900000E-6	8.489270E+2	5.775006E+1
-5.800006E+1	8.578000E-4	-2.790000E-5	8.505948E+2	5.800006E+1
-5.825006E+1	8.600000E-4	1.400000E-5	8.522627E+2	5.825006E+1
-5.850006E+1	8.856000E-4	-3.800000E-6	8.539305E+2	5.850006E+1
-5.875006E+1	8.877000E-4	-1.740000E-5	8.555983E+2	5.875006E+1
-5.900006E+1	8.761000E-4	-1.200000E-5	8.572662E+2	5.900006E+1
-5.925006E+1	8.948000E-4	-1.670000E-5	8.589340E+2	5.925006E+1
-5.950006E+1	9.113000E-4	-5.100000E-6	8.606019E+2	5.950006E+1
-5.975006E+1	8.620000E-4	3.700000E-6	8.622697E+2	5.975006E+1
-6.000006E+1	8.854000E-4	-9.800000E-6	8.639375E+2	6.000006E+1
-6.025006E+1	8.585000E-4	-3.030000E-5	8.656053E+2	6.025006E+1
-6.050006E+1	8.581000E-4	-9.000000E-7	8.672732E+2	6.050006E+1
-6.075006E+1	8.695000E-4	2.620000E-5	8.689410E+2	6.075006E+1
-6.100006E+1	8.834000E-4	1.630000E-5	8.706088E+2	6.100006E+1
-6.125006E+1	8.758000E-4	7.700000E-6	8.722767E+2	6.125006E+1
-6.150006E+1	8.362000E-4	-5.900000E-6	8.739445E+2	6.150006E+1
-6.175006E+1	8.416000E-4	1.340000E-5	8.756124E+2	6.175006E+1
-6.200006E+1	8.770000E-4	8.600000E-6	8.772802E+2	6.200006E+1
-6.225006E+1	8.664000E-4	-3.070000E-5	8.789480E+2	6.225006E+1
-6.250006E+1	8.667000E-4	9.300000E-6	8.806158E+2	6.250006E+1
-6.275006E+1	8.465000E-4	-1.360000E-5	8.822837E+2	6.275006E+1
-6.300006E+1	8.804000E-4	-2.280000E-5	8.839515E+2	6.300006E+1
-6.325006E+1	8.948000E-4	3.040000E-5	8.856193E+2	6.325006E+1
-6.350006E+1	8.588000E-4	1.310000E-5	8.872872E+2	6.350006E+1
-6.375006E+1	8.626000E-4	-2.740000E-5	8.889550E+2	6.375006E+1
-6.400006E+1	8.558000E-4	-4.200000E-5	8.906229E+2	6.400006E+1
-6.425006E+1	8.713000E-4	3.260000E-5	8.922906E+2	6.425006E+1
-6.450006E+1	8.699000E-4	-1.000000E-7	8.939585E+2	6.450006E+1
-6.475006E+1	8.486000E-4	2.950000E-5	8.956263E+2	6.475006E+1
-6.500006E+1	8.573000E-4	6.000000E-6	8.972942E+2	6.500006E+1
-6.525006E+1	8.739000E-4	-1.340000E-5	8.989620E+2	6.525006E+1
-6.550006E+1	8.390000E-4	-1.860000E-5	9.006298E+2	6.550006E+1
-6.575006E+1	8.608000E-4	-8.200000E-6	9.022977E+2	6.575006E+1
-6.600006E+1	8.742000E-4	-1.160000E-5	9.039655E+2	6.600006E+1
-6.625006E+1	8.643000E-4	-8.700000E-6	9.056334E+2	6.625006E+1
-6.650006E+1	8.880000E-4	-3.480000E-5	9.073011E+2	6.650006E+1
-6.675006E+1	8.833000E-4	2.600000E-5	9.089690E+2	6.675006E+1
-6.700006E+1	8.522000E-4	1.830000E-5	9.106368E+2	6.700006E+1
-6.725006E+1	8.689000E-4	-2.520000E-5	9.123047E+2	6.725006E+1
-6.750006E+1	8.861000E-4	9.300000E-6	9.139725E+2	6.750006E+1
-6.775006E+1	8.606000E-4	-1.090000E-5	9.156403E+2	6.775006E+1
-6.800006E+1	8.355000E-4	1.270000E-5	9.173082E+2	6.800006E+1
-6.825006E+1	8.766000E-4	4.000000E-6	9.189760E+2	6.825006E+1
-6.850006E+1	8.539000E-4	6.000000E-6	9.206439E+2	6.850006E+1
-6.875006E+1	8.854000E-4	3.500000E-6	9.223116E+2	6.875006E+1
-6.900006E+1	8.614000E-4	2.050000E-5	9.239795E+2	6.900006E+1
-6.925006E+1	8.759000E-4	8.400000E-6	9.256473E+2	6.925006E+1
-6.950006E+1	8.671000E-4	-2.140000E-5	9.273152E+2	6.950006E+1
-6.975006E+1	8.813000E-4	6.000000E-6	9.289830E+2	6.975006E+1
-7.000006E+1	8.755000E-4	2.800000E-6	9.306508E+2	7.000006E+1
-7.025006E+1	8.658000E-4	-4.900000E-6	9.323187E+2	7.025006E+1
-7.050006E+1	8.796000E-4	-2.900000E-6	9.339865E+2	7.050006E+1
-7.075006E+1	8.688000E-4	1.220000E-5	9.356544E+2	7.075006E+1
-7.100006E+1	8.895000E-4	-4.400000E-6	9.373221E+2	7.100006E+1
-7.125006E+1	8.804000E-4	-6.800000E-6	9.389900E+2	7.125006E+1
-7.150006E+1	8.595000E-4	7.100000E-6	9.406578E+2	7.150006E+1
-7.175006E+1	8.724000E-4	7.500000E-6	9.423257E+2	7.175006E+1
-7.200006E+1	9.015000E-4	-9.100000E-6	9.439935E+2	7.200006E+1
-7.225006E+1	9.141000E-4	-3.540000E-5	9.456613E+2	7.225006E+1
-7.250006E+1	8.973000E-4	-1.600000E-6	9.473292E+2	7.250006E+1
-7.275006E+1	8.639000E-4	1.340000E-5	9.489970E+2	7.275006E+1
-7.300006E+1	9.156000E-4	-2.570000E-5	9.506649E+2	7.300006E+1
-7.325006E+1	8.881000E-4	1.700000E-5	9.523326E+2	7.325006E+1
-7.350006E+1	8.786000E-4	1.150000E-5	9.540005E+2	7.350006E+1
-7.375006E+1	8.626000E-4	-2.070000E-5	9.556683E+2	7.375006E+1
-7.400006E+1	8.914000E-4	-1.400000E-6	9.573362E+2	7.400006E+1
-7.425006E+1	8.869000E-4	-2.640000E-5	9.590040E+2	7.425006E+1
-7.450006E+1	8.724000E-4	-1.740000E-5	9.606718E+2	7.450006E+1
-7.475006E+1	8.782000E-4	1.690000E-5	9.623397E+2	7.475006E+1
-7.500006E+1	8.447000E-4	-9.000000E-6	9.640075E+2	7.500006E+1
-7.525006E+1	8.649000E-4	-3.930000E-5	9.656754E+2	7.525006E+1
-7.550006E+1	8.684000E-4	1.600000E-6	9.673431E+2	7.550006E+1
-7.575006E+1	8.600000E-4	7.400000E-6	9.690110E+2	7.575006E+1
-7.600006E+1	8.727000E-4	-1.450000E-5	9.706788E+2	7.600006E+1
-7.625006E+1	8.411000E-4	-4.220000E-5	9.723467E+2	7.625006E+1
-7.650006E+1	8.611000E-4	-2.240000E-5	9.740145E+2	7.650006E+1
-7.675006E+1	8.538000E-4	-1.860000E-5	9.756823E+2	7.675006E+1
-7.700006E+1	9.119000E-4	1.770000E-5	9.773502E+2	7.700006E+1
-7.725006E+1	8.750000E-4	1.160000E-5	9.790180E+2	7.725006E+1
-7.750006E+1	8.475000E-4	9.900000E-6	9.806859E+2	7.750006E+1
-7.775006E+1	8.660000E-4	-2.300000E-5	9.823536E+2	7.775006E+1
-7.800006E+1	8.650000E-4	-2.070000E-5	9.840215E+2	7.800006E+1
-7.825006E+1	8.817000E-4	-3.470000E-5	9.856893E+2	7.825006E+1
-7.850006E+1	8.988000E-4	-3.870000E-5	9.873572E+2	7.850006E+1
-7.875006E+1	8.731000E-4	-1.230000E-5	9.890250E+2	7.875006E+1
-7.900006E+1	8.810000E-4	1.970000E-5	9.906928E+2	7.900006E+1
-7.925006E+1	9.213000E-4	-3.070000E-5	9.923607E+2	7.925006E+1
-7.950006E+1	8.502000E-4	-2.720000E-5	9.940285E+2	7.950006E+1
-7.975006E+1	8.776000E-4	6.300000E-6	9.956964E+2	7.975006E+1
-8.000006E+1	8.744000E-4	1.420000E-5	9.973641E+2	8.000006E+1
-8.025006E+1	8.821000E-4	1.240000E-5	9.990320E+2	8.025006E+1
-8.050006E+1	8.629000E-4	-1.900000E-6	1.000700E+3	8.050006E+1
-8.075006E+1	8.921000E-4	1.460000E-5	1.002368E+3	8.075006E+1
-8.100006E+1	8.656000E-4	-2.250000E-5	1.004035E+3	8.100006E+1
-8.125006E+1	8.618000E-4	-1.420000E-5	1.005703E+3	8.125006E+1
-8.150006E+1	8.591000E-4	-2.310000E-5	1.007371E+3	8.150006E+1
-8.175006E+1	8.782000E-4	-1.130000E-5	1.009039E+3	8.175006E+1
-8.200006E+1	8.636000E-4	-3.830000E-5	1.010707E+3	8.200006E+1
-8.225006E+1	8.665000E-4	-2.720000E-5	1.012375E+3	8.225006E+1
-8.250006E+1	8.934000E-4	-2.280000E-5	1.014042E+3	8.250006E+1
-8.275006E+1	8.550000E-4	-6.600000E-6	1.015710E+3	8.275006E+1
-8.300006E+1	8.737000E-4	-2.330000E-5	1.017378E+3	8.300006E+1
-8.325006E+1	8.731000E-4	-6.600000E-6	1.019046E+3	8.325006E+1
-8.350006E+1	8.849000E-4	7.000000E-7	1.020714E+3	8.350006E+1
-8.375006E+1	8.631000E-4	-4.900000E-6	1.022382E+3	8.375006E+1
-8.400006E+1	8.432000E-4	1.350000E-5	1.024049E+3	8.400006E+1
-8.425006E+1	8.751000E-4	2.210000E-5	1.025717E+3	8.425006E+1
-8.450006E+1	8.742000E-4	-2.200000E-6	1.027385E+3	8.450006E+1
-8.475006E+1	8.958000E-4	1.830000E-5	1.029053E+3	8.475006E+1
-8.500006E+1	8.953000E-4	-2.520000E-5	1.030721E+3	8.500006E+1
-8.525006E+1	8.948000E-4	-1.000000E-7	1.032389E+3	8.525006E+1
-8.550006E+1	8.957000E-4	8.700000E-6	1.034057E+3	8.550006E+1
-8.575006E+1	8.684000E-4	-3.100000E-6	1.035724E+3	8.575006E+1
-8.600006E+1	8.796000E-4	-7.700000E-6	1.037392E+3	8.600006E+1
-8.625006E+1	8.705000E-4	-1.110000E-5	1.039060E+3	8.625006E+1
-8.650006E+1	8.971000E-4	-6.500000E-6	1.040728E+3	8.650006E+1
-8.675006E+1	8.613000E-4	1.960000E-5	1.042396E+3	8.675006E+1
-8.700006E+1	8.882000E-4	-4.000000E-6	1.044063E+3	8.700006E+1
-8.725006E+1	8.920000E-4	-3.210000E-5	1.045731E+3	8.725006E+1
-8.750006E+1	8.932000E-4	-6.200000E-6	1.047399E+3	8.750006E+1
-8.775006E+1	8.795000E-4	1.580000E-5	1.049067E+3	8.775006E+1
-8.800006E+1	8.895000E-4	-1.400000E-6	1.050735E+3	8.800006E+1
-8.825006E+1	8.885000E-4	1.180000E-5	1.052403E+3	8.825006E+1
-8.850006E+1	8.738000E-4	-2.310000E-5	1.054070E+3	8.850006E+1
-8.875006E+1	8.507000E-4	-3.040000E-5	1.055738E+3	8.875006E+1
-8.900006E+1	8.755000E-4	-1.260000E-5	1.057406E+3	8.900006E+1
-8.925006E+1	9.076000E-4	-1.050000E-5	1.059074E+3	8.925006E+1
-8.950006E+1	8.884000E-4	-7.000000E-7	1.060742E+3	8.950006E+1
-8.975006E+1	8.833000E-4	-2.580000E-5	1.062410E+3	8.975006E+1
-9.000006E+1	8.667000E-4	-3.000000E-6	1.064078E+3	9.000006E+1
-9.025006E+1	8.808000E-4	-2.260000E-5	1.065745E+3	9.025006E+1
-9.050006E+1	8.975000E-4	-1.270000E-5	1.067413E+3	9.050006E+1
-9.075006E+1	9.006000E-4	8.300000E-6	1.069081E+3	9.075006E+1
-9.100006E+1	8.926000E-4	1.550000E-5	1.070749E+3	9.100006E+1
-9.125006E+1	8.800000E-4	4.300000E-6	1.072417E+3	9.125006E+1
-9.150006E+1	9.065000E-4	1.650000E-5	1.074084E+3	9.150006E+1
-9.175006E+1	8.675000E-4	1.240000E-5	1.075752E+3	9.175006E+1
-9.200006E+1	8.934000E-4	1.690000E-5	1.077420E+3	9.200006E+1
-9.225006E+1	8.756000E-4	5.000000E-7	1.079088E+3	9.225006E+1
-9.250006E+1	9.097000E-4	1.010000E-5	1.080756E+3	9.250006E+1
-9.275006E+1	8.751000E-4	5.400000E-6	1.082424E+3	9.275006E+1
-9.300006E+1	8.601000E-4	2.270000E-5	1.084091E+3	9.300006E+1
-9.325006E+1	9.076000E-4	-1.130000E-5	1.085759E+3	9.325006E+1
-9.350006E+1	8.993000E-4	-6.900000E-6	1.087427E+3	9.350006E+1
-9.375006E+1	9.156000E-4	6.400000E-6	1.089095E+3	9.375006E+1
-9.400006E+1	8.910000E-4	-3.300000E-6	1.090763E+3	9.400006E+1
-9.425006E+1	8.823000E-4	-8.100000E-6	1.092431E+3	9.425006E+1
-9.450006E+1	8.898000E-4	2.420000E-5	1.094099E+3	9.450006E+1
-9.475006E+1	8.966000E-4	2.780000E-5	1.095766E+3	9.475006E+1
-9.500006E+1	8.813000E-4	1.510000E-5	1.097434E+3	9.500006E+1
-9.525006E+1	8.853000E-4	-1.400000E-5	1.099102E+3	9.525006E+1
-9.550006E+1	8.809000E-4	-1.760000E-5	1.100770E+3	9.550006E+1
-9.575006E+1	8.560000E-4	9.700000E-6	1.102438E+3	9.575006E+1
-9.600006E+1	8.595000E-4	-2.020000E-5	1.104105E+3	9.600006E+1
-9.625006E+1	8.760000E-4	-5.700000E-6	1.105773E+3	9.625006E+1
-9.650006E+1	8.767000E-4	-1.740000E-5	1.107441E+3	9.650006E+1
-9.675006E+1	8.955000E-4	-1.200000E-6	1.109109E+3	9.675006E+1
-9.700006E+1	8.497000E-4	-9.800000E-6	1.110777E+3	9.700006E+1
-9.725006E+1	8.762000E-4	2.600000E-6	1.112445E+3	9.725006E+1
-9.750006E+1	8.818000E-4	5.500000E-6	1.114112E+3	9.750006E+1
-9.775006E+1	8.494000E-4	1.300000E-5	1.115780E+3	9.775006E+1
-9.800006E+1	8.745000E-4	1.580000E-5	1.117448E+3	9.800006E+1
-9.825006E+1	8.606000E-4	2.320000E-5	1.119116E+3	9.825006E+1
-9.850006E+1	8.644000E-4	-1.580000E-5	1.120784E+3	9.850006E+1
-9.875006E+1	9.279000E-4	5.900000E-6	1.122452E+3	9.875006E+1
-9.900006E+1	8.956000E-4	-1.850000E-5	1.124120E+3	9.900006E+1
-9.925006E+1	9.021000E-4	2.570000E-5	1.125787E+3	9.925006E+1
-9.950006E+1	8.978000E-4	-1.450000E-5	1.127455E+3	9.950006E+1
-9.975006E+1	9.105000E-4	-1.290000E-5	1.129123E+3	9.975006E+1
-1.000001E+2	8.957000E-4	-3.130000E-5	1.130791E+3	1.000001E+2
-1.002501E+2	9.028000E-4	-5.000000E-6	1.132459E+3	1.002501E+2
-1.005001E+2	8.672000E-4	1.530000E-5	1.134126E+3	1.005001E+2
-1.007501E+2	8.662000E-4	2.340000E-5	1.135794E+3	1.007501E+2
-1.010001E+2	8.882000E-4	-2.800000E-6	1.137462E+3	1.010001E+2
-1.012501E+2	9.017000E-4	1.890000E-5	1.139130E+3	1.012501E+2
-1.015001E+2	8.734000E-4	2.000000E-5	1.140798E+3	1.015001E+2
-1.017501E+2	8.540000E-4	-1.320000E-5	1.142466E+3	1.017501E+2
-1.020001E+2	8.729000E-4	-1.340000E-5	1.144133E+3	1.020001E+2
-1.022501E+2	8.739000E-4	-1.120000E-5	1.145801E+3	1.022501E+2
-1.025001E+2	8.623000E-4	5.700000E-6	1.147469E+3	1.025001E+2
-1.027501E+2	8.797000E-4	1.370000E-5	1.149137E+3	1.027501E+2
-1.030001E+2	8.563000E-4	2.030000E-5	1.150805E+3	1.030001E+2
-1.032501E+2	8.861000E-4	8.300000E-6	1.152473E+3	1.032501E+2
-1.035001E+2	8.817000E-4	-1.580000E-5	1.154141E+3	1.035001E+2
-1.037501E+2	8.587000E-4	-3.000000E-6	1.155808E+3	1.037501E+2
-1.040001E+2	8.952000E-4	-4.100000E-6	1.157476E+3	1.040001E+2
-1.042501E+2	9.157000E-4	2.260000E-5	1.159144E+3	1.042501E+2
-1.045001E+2	8.956000E-4	-1.200000E-5	1.160812E+3	1.045001E+2
-1.047501E+2	8.925000E-4	9.000000E-6	1.162480E+3	1.047501E+2
-1.050001E+2	8.622000E-4	-2.500000E-6	1.164147E+3	1.050001E+2
-1.052501E+2	8.644000E-4	7.100000E-6	1.165815E+3	1.052501E+2
-1.055001E+2	9.165000E-4	2.630000E-5	1.167483E+3	1.055001E+2
-1.057501E+2	8.599000E-4	1.390000E-5	1.169151E+3	1.057501E+2
-1.060001E+2	8.598000E-4	-8.500000E-6	1.170819E+3	1.060001E+2
-1.062501E+2	8.906000E-4	-2.270000E-5	1.172487E+3	1.062501E+2
-1.065001E+2	8.906000E-4	-1.170000E-5	1.174154E+3	1.065001E+2
-1.067501E+2	8.896000E-4	-1.860000E-5	1.175822E+3	1.067501E+2
-1.070001E+2	8.658000E-4	-1.460000E-5	1.177490E+3	1.070001E+2
-1.072501E+2	8.855000E-4	1.390000E-5	1.179158E+3	1.072501E+2
-1.075001E+2	9.116000E-4	-1.000000E-6	1.180826E+3	1.075001E+2
-1.077501E+2	8.890000E-4	9.300000E-6	1.182494E+3	1.077501E+2
-1.080001E+2	8.671000E-4	-4.800000E-6	1.184161E+3	1.080001E+2
-1.082501E+2	8.933000E-4	3.100000E-6	1.185829E+3	1.082501E+2
-1.085001E+2	9.416000E-4	2.550000E-5	1.187497E+3	1.085001E+2
-1.087501E+2	8.922000E-4	-1.110000E-5	1.189165E+3	1.087501E+2
-1.090001E+2	8.773000E-4	-5.000000E-7	1.190833E+3	1.090001E+2
-1.092501E+2	8.743000E-4	-4.100000E-6	1.192501E+3	1.092501E+2
-1.095001E+2	9.014000E-4	-7.500000E-6	1.194168E+3	1.095001E+2
-1.097501E+2	8.921000E-4	-7.800000E-6	1.195836E+3	1.097501E+2
-1.100001E+2	8.678000E-4	4.800000E-6	1.197504E+3	1.100001E+2
-1.102501E+2	8.673000E-4	9.200000E-6	1.199172E+3	1.102501E+2
-1.105001E+2	8.983000E-4	4.600000E-6	1.200840E+3	1.105001E+2
-1.107501E+2	8.983000E-4	9.800000E-6	1.202508E+3	1.107501E+2
-1.110001E+2	8.887000E-4	-3.900000E-6	1.204175E+3	1.110001E+2
-1.112501E+2	8.824000E-4	-4.300000E-6	1.205843E+3	1.112501E+2
-1.115001E+2	8.266000E-4	-4.500000E-6	1.207511E+3	1.115001E+2
-1.117501E+2	8.750000E-4	9.900000E-6	1.209179E+3	1.117501E+2
-1.120001E+2	8.656000E-4	-3.010000E-5	1.210847E+3	1.120001E+2
-1.122501E+2	8.843000E-4	7.100000E-6	1.212515E+3	1.122501E+2
-1.125001E+2	8.951000E-4	6.300000E-6	1.214182E+3	1.125001E+2
-1.127501E+2	8.897000E-4	3.510000E-5	1.215850E+3	1.127501E+2
-1.130001E+2	8.713000E-4	1.330000E-5	1.217518E+3	1.130001E+2
-1.132501E+2	8.938000E-4	2.100000E-6	1.219186E+3	1.132501E+2
-1.135001E+2	8.872000E-4	-1.130000E-5	1.220854E+3	1.135001E+2
-1.137501E+2	8.775000E-4	-3.600000E-6	1.222522E+3	1.137501E+2
-1.140001E+2	8.812000E-4	-7.100000E-6	1.224189E+3	1.140001E+2
-1.142501E+2	8.862000E-4	1.410000E-5	1.225857E+3	1.142501E+2
-1.145001E+2	9.119000E-4	7.800000E-6	1.227525E+3	1.145001E+2
-1.147501E+2	8.647000E-4	1.110000E-5	1.229193E+3	1.147501E+2
-1.150001E+2	8.975000E-4	2.370000E-5	1.230861E+3	1.150001E+2
-1.152501E+2	9.063000E-4	1.400000E-6	1.232529E+3	1.152501E+2
-1.155001E+2	9.005000E-4	1.040000E-5	1.234196E+3	1.155001E+2
-1.157501E+2	8.418000E-4	-5.200000E-6	1.235864E+3	1.157501E+2
-1.160001E+2	8.847000E-4	-9.000000E-7	1.237532E+3	1.160001E+2
-1.162501E+2	9.098000E-4	7.500000E-6	1.239200E+3	1.162501E+2
-1.165001E+2	9.022000E-4	1.060000E-5	1.240868E+3	1.165001E+2
-1.167501E+2	8.605000E-4	1.350000E-5	1.242536E+3	1.167501E+2
-1.170001E+2	8.910000E-4	8.000000E-7	1.244203E+3	1.170001E+2
-1.172501E+2	8.716000E-4	3.770000E-5	1.245871E+3	1.172501E+2
-1.175001E+2	8.872000E-4	-2.080000E-5	1.247539E+3	1.175001E+2
-1.177501E+2	9.190000E-4	-1.130000E-5	1.249207E+3	1.177501E+2
-1.180001E+2	8.822000E-4	6.500000E-6	1.250875E+3	1.180001E+2
-1.182501E+2	8.824000E-4	-2.200000E-6	1.252543E+3	1.182501E+2
-1.185001E+2	8.917000E-4	2.230000E-5	1.254210E+3	1.185001E+2
-1.187501E+2	8.886000E-4	-6.400000E-6	1.255878E+3	1.187501E+2
-1.190001E+2	8.884000E-4	8.300000E-6	1.257546E+3	1.190001E+2
-1.192501E+2	8.800000E-4	-7.000000E-7	1.259214E+3	1.192501E+2
-1.195001E+2	9.074000E-4	-3.000000E-6	1.260882E+3	1.195001E+2
-1.197501E+2	8.807000E-4	1.380000E-5	1.262550E+3	1.197501E+2
-1.200001E+2	8.858000E-4	1.370000E-5	1.264217E+3	1.200001E+2
-1.202501E+2	9.100000E-4	-7.000000E-7	1.265885E+3	1.202501E+2
-1.205001E+2	8.885000E-4	-2.690000E-5	1.267553E+3	1.205001E+2
-1.207501E+2	8.607000E-4	-1.150000E-5	1.269221E+3	1.207501E+2
-1.210001E+2	9.004000E-4	2.100000E-6	1.270889E+3	1.210001E+2
-1.212501E+2	8.823000E-4	-1.990000E-5	1.272557E+3	1.212501E+2
-1.215001E+2	8.716000E-4	-8.470330E-23	1.274224E+3	1.215001E+2
-1.217501E+2	8.695000E-4	-1.170000E-5	1.275892E+3	1.217501E+2
-1.220001E+2	8.854000E-4	-1.800000E-6	1.277560E+3	1.220001E+2
-1.222501E+2	8.891000E-4	-2.350000E-5	1.279228E+3	1.222501E+2
-1.225001E+2	8.886000E-4	2.100000E-5	1.280896E+3	1.225001E+2
-1.227501E+2	8.609000E-4	-2.120000E-5	1.282564E+3	1.227501E+2
-1.230001E+2	8.755000E-4	-8.500000E-6	1.284231E+3	1.230001E+2
-1.232501E+2	8.858000E-4	5.700000E-5	1.285899E+3	1.232501E+2
-1.235001E+2	8.710000E-4	-1.860000E-5	1.287567E+3	1.235001E+2
-1.237501E+2	8.889000E-4	-1.450000E-5	1.289235E+3	1.237501E+2
-1.240001E+2	9.097000E-4	-2.400000E-6	1.290903E+3	1.240001E+2
-1.242501E+2	8.618000E-4	9.200000E-6	1.292571E+3	1.242501E+2
-1.245001E+2	9.069000E-4	9.500000E-6	1.294238E+3	1.245001E+2
-1.247501E+2	8.828000E-4	-5.000000E-6	1.295906E+3	1.247501E+2
-1.250001E+2	8.839000E-4	-2.470000E-5	1.297574E+3	1.250001E+2
-1.252501E+2	8.660000E-4	-1.790000E-5	1.299242E+3	1.252501E+2
-1.255001E+2	8.890000E-4	-7.400000E-6	1.300910E+3	1.255001E+2
-1.257501E+2	8.921000E-4	4.400000E-6	1.302578E+3	1.257501E+2
-1.260001E+2	8.860000E-4	1.970000E-5	1.304245E+3	1.260001E+2
-1.262501E+2	8.952000E-4	-1.150000E-5	1.305913E+3	1.262501E+2
-1.265001E+2	8.982000E-4	2.940000E-5	1.307581E+3	1.265001E+2
-1.267501E+2	8.793000E-4	-2.800000E-6	1.309249E+3	1.267501E+2
-1.270001E+2	9.175000E-4	2.190000E-5	1.310917E+3	1.270001E+2
-1.272501E+2	9.056000E-4	-1.690000E-5	1.312585E+3	1.272501E+2
-1.275001E+2	9.004000E-4	-3.640000E-5	1.314252E+3	1.275001E+2
-1.277501E+2	8.869000E-4	8.600000E-6	1.315920E+3	1.277501E+2
-1.280001E+2	8.909000E-4	-5.400000E-6	1.317588E+3	1.280001E+2
-1.282501E+2	8.905000E-4	7.300000E-6	1.319256E+3	1.282501E+2
-1.285001E+2	8.804000E-4	2.920000E-5	1.320924E+3	1.285001E+2
-1.287501E+2	8.967000E-4	1.040000E-5	1.322592E+3	1.287501E+2
-1.290001E+2	8.716000E-4	5.800000E-6	1.324259E+3	1.290001E+2
-1.292501E+2	8.914000E-4	-2.560000E-5	1.325927E+3	1.292501E+2
-1.295001E+2	9.019000E-4	-1.230000E-5	1.327595E+3	1.295001E+2
-1.297501E+2	8.862000E-4	-1.900000E-5	1.329263E+3	1.297501E+2
-1.300001E+2	8.742000E-4	6.200000E-6	1.330931E+3	1.300001E+2
-1.302501E+2	8.730000E-4	-9.900000E-6	1.332599E+3	1.302501E+2
-1.305001E+2	8.532000E-4	1.240000E-5	1.334266E+3	1.305001E+2
-1.307501E+2	8.886000E-4	-8.700000E-6	1.335934E+3	1.307501E+2
-1.310001E+2	8.820000E-4	-2.270000E-5	1.337602E+3	1.310001E+2
-1.312501E+2	8.913000E-4	-1.210000E-5	1.339270E+3	1.312501E+2
-1.315001E+2	9.091000E-4	1.900000E-6	1.340938E+3	1.315001E+2
-1.317501E+2	8.942000E-4	-1.080000E-5	1.342606E+3	1.317501E+2
-1.320001E+2	8.918000E-4	2.400000E-5	1.344273E+3	1.320001E+2
-1.322501E+2	9.179000E-4	6.000000E-7	1.345941E+3	1.322501E+2
-1.325001E+2	8.797000E-4	-1.400000E-5	1.347609E+3	1.325001E+2
-1.327501E+2	8.936000E-4	1.320000E-5	1.349277E+3	1.327501E+2
-1.330001E+2	8.858000E-4	2.300000E-6	1.350945E+3	1.330001E+2
-1.332501E+2	8.933000E-4	1.020000E-5	1.352613E+3	1.332501E+2
-1.335001E+2	8.887000E-4	-2.670000E-5	1.354280E+3	1.335001E+2
-1.337501E+2	9.162000E-4	8.700000E-6	1.355948E+3	1.337501E+2
-1.340001E+2	8.921000E-4	1.300000E-5	1.357616E+3	1.340001E+2
-1.342501E+2	8.940000E-4	6.800000E-6	1.359284E+3	1.342501E+2
-1.345001E+2	8.681000E-4	-7.300000E-6	1.360952E+3	1.345001E+2
-1.347501E+2	8.856000E-4	-7.100000E-6	1.362620E+3	1.347501E+2
-1.350001E+2	8.893000E-4	9.900000E-6	1.364287E+3	1.350001E+2
-1.352501E+2	8.986000E-4	6.800000E-6	1.365955E+3	1.352501E+2
-1.355001E+2	8.907000E-4	4.300000E-6	1.367623E+3	1.355001E+2
-1.357501E+2	8.968000E-4	9.900000E-6	1.369291E+3	1.357501E+2
-1.360001E+2	9.144000E-4	-2.380000E-5	1.370959E+3	1.360001E+2
-1.362501E+2	9.344000E-4	-1.470000E-5	1.372627E+3	1.362501E+2
-1.365001E+2	9.082000E-4	1.420000E-5	1.374294E+3	1.365001E+2
-1.367501E+2	8.957000E-4	7.000000E-6	1.375962E+3	1.367501E+2
-1.370001E+2	8.674000E-4	-2.760000E-5	1.377630E+3	1.370001E+2
-1.372501E+2	9.130000E-4	7.300000E-6	1.379298E+3	1.372501E+2
-1.375001E+2	9.140000E-4	2.800000E-6	1.380966E+3	1.375001E+2
-1.377501E+2	8.973000E-4	-2.610000E-5	1.382634E+3	1.377501E+2
-1.380001E+2	8.916000E-4	-1.520000E-5	1.384301E+3	1.380001E+2
-1.382501E+2	8.609000E-4	2.090000E-5	1.385969E+3	1.382501E+2
-1.385001E+2	8.824000E-4	-8.300000E-6	1.387637E+3	1.385001E+2
-1.387501E+2	8.853000E-4	1.290000E-5	1.389305E+3	1.387501E+2
-1.390001E+2	8.879000E-4	5.400000E-6	1.390973E+3	1.390001E+2
-1.392501E+2	8.856000E-4	-3.520000E-5	1.392641E+3	1.392501E+2
-1.395001E+2	9.077000E-4	2.000000E-6	1.394308E+3	1.395001E+2
-1.397501E+2	8.758000E-4	5.300000E-6	1.395976E+3	1.397501E+2
-1.400001E+2	8.937000E-4	-7.400000E-6	1.397644E+3	1.400001E+2
-1.402501E+2	8.877000E-4	-1.000000E-5	1.399312E+3	1.402501E+2
-1.405001E+2	8.927000E-4	9.600000E-6	1.400980E+3	1.405001E+2
-1.407501E+2	9.034000E-4	3.300000E-6	1.402648E+3	1.407501E+2
-1.410001E+2	8.869000E-4	7.200000E-6	1.404315E+3	1.410001E+2
-1.412501E+2	9.179000E-4	2.040000E-5	1.405983E+3	1.412501E+2
-1.415001E+2	9.007000E-4	1.860000E-5	1.407651E+3	1.415001E+2
-1.417501E+2	8.783000E-4	-1.310000E-5	1.409319E+3	1.417501E+2
-1.420001E+2	8.912000E-4	7.400000E-6	1.410987E+3	1.420001E+2
-1.422501E+2	9.239000E-4	1.140000E-5	1.412655E+3	1.422501E+2
-1.425001E+2	8.719000E-4	1.500000E-5	1.414322E+3	1.425001E+2
-1.427501E+2	8.648000E-4	9.400000E-6	1.415990E+3	1.427501E+2
-1.430001E+2	8.839000E-4	-1.450000E-5	1.417658E+3	1.430001E+2
-1.432501E+2	9.039000E-4	-1.020000E-5	1.419326E+3	1.432501E+2
-1.435001E+2	9.065000E-4	1.900000E-6	1.420994E+3	1.435001E+2
-1.437501E+2	9.075000E-4	-9.300000E-6	1.422662E+3	1.437501E+2
-1.440001E+2	8.754000E-4	1.540000E-5	1.424329E+3	1.440001E+2
-1.442501E+2	8.795000E-4	-6.600000E-6	1.425997E+3	1.442501E+2
-1.445001E+2	8.852000E-4	-1.810000E-5	1.427665E+3	1.445001E+2
-1.447501E+2	9.045000E-4	-1.140000E-5	1.429333E+3	1.447501E+2
-1.450001E+2	8.699000E-4	-1.300000E-5	1.431001E+3	1.450001E+2
-1.452501E+2	8.733000E-4	-1.840000E-5	1.432669E+3	1.452501E+2
-1.455001E+2	8.877000E-4	1.330000E-5	1.434336E+3	1.455001E+2
-1.457501E+2	9.008000E-4	-2.100000E-6	1.436004E+3	1.457501E+2
-1.460001E+2	9.103000E-4	-1.010000E-5	1.437672E+3	1.460001E+2
-1.462501E+2	8.941000E-4	-3.900000E-6	1.439340E+3	1.462501E+2
-1.465001E+2	8.934000E-4	-7.600000E-6	1.441008E+3	1.465001E+2
-1.467501E+2	8.779000E-4	-3.900000E-6	1.442676E+3	1.467501E+2
-1.470001E+2	8.831000E-4	8.500000E-6	1.444343E+3	1.470001E+2
-1.472501E+2	8.901000E-4	-8.100000E-6	1.446011E+3	1.472501E+2
-1.475001E+2	9.264000E-4	-1.580000E-5	1.447679E+3	1.475001E+2
-1.477501E+2	8.625000E-4	-6.500000E-6	1.449347E+3	1.477501E+2
-1.480001E+2	8.770000E-4	6.400000E-6	1.451015E+3	1.480001E+2
-1.482501E+2	8.788000E-4	3.200000E-6	1.452683E+3	1.482501E+2
-1.485001E+2	8.771000E-4	-6.000000E-6	1.454350E+3	1.485001E+2
-1.487501E+2	8.921000E-4	-2.530000E-5	1.456018E+3	1.487501E+2
-1.490001E+2	8.909000E-4	-1.440000E-5	1.457686E+3	1.490001E+2
-1.492501E+2	9.176000E-4	-4.400000E-6	1.459354E+3	1.492501E+2
