6.919993E+1	2.245000E-4	0.000000E+0
6.919293E+1	2.286000E-4	4.669933E-2
6.918593E+1	2.202000E-4	9.339865E-2
6.917893E+1	2.194333E-4	1.400980E-1
6.917193E+1	2.246667E-4	1.867973E-1
6.916493E+1	2.332667E-4	2.334966E-1
6.915793E+1	2.267000E-4	2.801960E-1
6.915093E+1	2.352667E-4	3.268953E-1
6.914393E+1	2.316667E-4	3.735946E-1
6.913693E+1	2.188000E-4	4.202939E-1
6.912993E+1	2.270333E-4	4.669932E-1
6.912293E+1	2.290000E-4	5.136926E-1
6.911593E+1	2.329667E-4	5.603919E-1
6.910893E+1	2.257000E-4	6.070912E-1
6.910193E+1	2.229000E-4	6.537905E-1
6.909493E+1	2.358667E-4	7.004899E-1
6.908793E+1	2.447333E-4	7.471892E-1
6.908093E+1	2.511333E-4	7.938885E-1
6.907393E+1	2.578667E-4	8.405879E-1
6.906693E+1	2.561333E-4	8.872872E-1
6.905993E+1	2.700333E-4	9.339865E-1
6.905293E+1	2.602667E-4	9.806858E-1
6.904593E+1	2.397667E-4	1.027385E+0
6.903893E+1	2.056333E-4	1.074085E+0
6.903193E+1	1.515667E-4	1.120784E+0
6.902493E+1	1.346667E-4	1.167483E+0
6.901793E+1	1.257333E-4	1.214182E+0
6.901093E+1	1.221333E-4	1.260882E+0
6.900393E+1	1.273000E-4	1.307581E+0
6.899693E+1	1.334667E-4	1.354280E+0
6.898993E+1	1.350667E-4	1.400980E+0
6.898293E+1	1.301333E-4	1.447679E+0
6.897593E+1	1.484000E-4	1.494378E+0
6.896893E+1	1.459000E-4	1.541078E+0
6.896193E+1	1.428667E-4	1.587777E+0
6.895493E+1	1.417333E-4	1.634476E+0
6.894793E+1	1.437667E-4	1.681176E+0
6.894093E+1	1.562667E-4	1.727875E+0
6.893393E+1	1.394333E-4	1.774574E+0
6.892693E+1	1.429667E-4	1.821274E+0
6.891993E+1	1.416000E-4	1.867973E+0
6.891293E+1	1.344667E-4	1.914672E+0
6.890593E+1	1.435667E-4	1.961372E+0
6.889893E+1	1.420667E-4	2.008071E+0
6.889193E+1	1.261667E-4	2.054770E+0
6.888493E+1	1.299333E-4	2.101470E+0
6.887793E+1	1.296000E-4	2.148169E+0
6.887093E+1	1.285667E-4	2.194868E+0
6.886393E+1	1.390667E-4	2.241568E+0
6.885693E+1	1.344333E-4	2.288267E+0
6.884993E+1	1.322667E-4	2.334966E+0
6.884293E+1	1.318000E-4	2.381665E+0
6.883593E+1	1.380667E-4	2.428365E+0
6.882893E+1	1.361667E-4	2.475064E+0
6.882193E+1	1.636000E-4	2.521764E+0
6.881493E+1	1.291000E-4	2.568463E+0
6.880793E+1	1.295000E-4	2.615162E+0
6.880093E+1	1.305000E-4	2.661861E+0
6.879393E+1	1.316000E-4	2.708561E+0
6.878693E+1	1.312333E-4	2.755260E+0
6.877993E+1	1.343333E-4	2.801960E+0
6.877293E+1	1.398333E-4	2.848659E+0
6.876593E+1	1.309000E-4	2.895358E+0
6.875893E+1	1.361000E-4	2.942057E+0
6.875193E+1	1.394333E-4	2.988757E+0
6.874493E+1	1.363667E-4	3.035456E+0
6.873793E+1	1.308667E-4	3.082155E+0
6.873093E+1	1.289333E-4	3.128855E+0
6.872393E+1	1.335333E-4	3.175554E+0
6.871693E+1	1.307333E-4	3.222253E+0
6.870993E+1	1.313000E-4	3.268953E+0
6.870293E+1	1.259667E-4	3.315652E+0
6.869593E+1	1.352667E-4	3.362351E+0
6.868893E+1	1.236667E-4	3.409051E+0
6.868193E+1	1.305000E-4	3.455750E+0
6.867493E+1	1.403667E-4	3.502449E+0
6.866793E+1	1.408667E-4	3.549149E+0
6.866093E+1	1.471333E-4	3.595848E+0
6.865393E+1	1.473333E-4	3.642547E+0
6.864693E+1	1.307000E-4	3.689247E+0
6.863993E+1	1.279000E-4	3.735946E+0
6.863293E+1	1.351000E-4	3.782645E+0
6.862593E+1	1.332667E-4	3.829345E+0
6.861893E+1	1.194333E-4	3.876044E+0
6.861193E+1	1.202667E-4	3.922743E+0
6.860493E+1	1.198667E-4	3.969443E+0
6.859793E+1	1.279333E-4	4.016142E+0
6.859093E+1	1.339667E-4	4.062841E+0
6.858393E+1	1.371667E-4	4.109540E+0
6.857693E+1	1.339667E-4	4.156240E+0
6.856993E+1	1.164667E-4	4.202939E+0
6.856293E+1	1.265667E-4	4.249639E+0
6.855593E+1	1.249667E-4	4.296338E+0
6.854893E+1	1.349333E-4	4.343037E+0
6.854193E+1	1.286000E-4	4.389737E+0
6.853493E+1	1.296667E-4	4.436436E+0
6.852793E+1	1.240667E-4	4.483135E+0
6.852093E+1	1.292333E-4	4.529835E+0
6.851393E+1	1.409333E-4	4.576534E+0
6.850693E+1	1.286667E-4	4.623233E+0
6.849993E+1	1.392000E-4	4.669932E+0
6.849293E+1	1.258333E-4	4.716632E+0
6.848593E+1	1.270667E-4	4.763331E+0
6.847893E+1	1.330667E-4	4.810030E+0
6.847193E+1	1.315000E-4	4.856730E+0
6.846493E+1	1.199000E-4	4.903429E+0
6.845793E+1	1.258000E-4	4.950129E+0
6.845093E+1	1.348000E-4	4.996828E+0
6.844393E+1	1.240667E-4	5.043527E+0
6.843693E+1	1.159000E-4	5.090227E+0
6.842993E+1	1.322667E-4	5.136926E+0
6.842293E+1	1.252333E-4	5.183625E+0
6.841593E+1	1.316667E-4	5.230324E+0
6.840893E+1	1.288333E-4	5.277024E+0
6.840193E+1	1.238333E-4	5.323723E+0
6.839493E+1	1.196000E-4	5.370422E+0
6.838793E+1	1.340000E-4	5.417122E+0
6.838093E+1	1.301667E-4	5.463821E+0
6.837393E+1	1.237000E-4	5.510520E+0
6.836693E+1	1.304667E-4	5.557220E+0
6.835993E+1	1.240667E-4	5.603919E+0
6.835293E+1	1.285333E-4	5.650619E+0
6.834593E+1	1.280000E-4	5.697318E+0
6.833893E+1	1.277667E-4	5.744017E+0
6.833193E+1	1.273667E-4	5.790716E+0
6.832493E+1	1.215333E-4	5.837416E+0
6.831793E+1	1.232000E-4	5.884115E+0
6.831093E+1	1.241333E-4	5.930814E+0
