2.099998E+1	1.650000E-6	1.334266E-4
2.099998E+1	-1.265000E-5	1.334266E-4
2.099299E+1	-2.140000E-5	4.676604E-2
2.098598E+1	3.550000E-6	9.353208E-2
2.097899E+1	-2.965000E-5	1.401647E-1
2.097198E+1	-7.800000E-6	1.869307E-1
2.096497E+1	1.300000E-6	2.336968E-1
2.095800E+1	-2.080000E-5	2.801960E-1
2.095097E+1	-2.255000E-5	3.270954E-1
2.094400E+1	1.710000E-5	3.735946E-1
2.093699E+1	1.145000E-5	4.203606E-1
2.093000E+1	-2.430000E-5	4.669932E-1
2.092297E+1	-1.000000E-7	5.138927E-1
2.091598E+1	-1.510000E-5	5.605253E-1
2.090897E+1	1.000000E-6	6.072913E-1
2.090198E+1	-7.850000E-6	6.539240E-1
2.089497E+1	1.150000E-6	7.006900E-1
2.088796E+1	-8.250000E-6	7.474561E-1
2.088097E+1	1.535000E-5	7.940887E-1
2.087400E+1	1.210000E-5	8.405879E-1
2.086697E+1	-6.300000E-6	8.874873E-1
2.086000E+1	-3.810000E-5	9.339865E-1
2.085299E+1	1.825000E-5	9.807525E-1
2.084598E+1	-9.800000E-6	1.027519E+0
2.083897E+1	3.600000E-6	1.074285E+0
2.083200E+1	-3.015000E-5	1.120784E+0
2.082497E+1	-1.325000E-5	1.167683E+0
2.081798E+1	-1.045000E-5	1.214316E+0
2.081099E+1	-2.515000E-5	1.260949E+0
2.080400E+1	-2.215000E-5	1.307581E+0
2.079699E+1	-4.305000E-5	1.354347E+0
2.079000E+1	-4.035000E-5	1.400980E+0
2.078299E+1	-3.835000E-5	1.447746E+0
2.077598E+1	-4.010000E-5	1.494512E+0
2.076897E+1	-3.155000E-5	1.541278E+0
2.076200E+1	-5.015000E-5	1.587777E+0
2.075499E+1	-4.345000E-5	1.634543E+0
2.074800E+1	-4.650000E-5	1.681176E+0
2.074097E+1	3.840000E-5	1.728075E+0
2.073400E+1	6.990000E-5	1.774574E+0
2.072699E+1	1.240000E-4	1.821340E+0
2.072000E+1	1.317500E-4	1.867973E+0
2.071299E+1	1.360000E-4	1.914739E+0
2.070600E+1	1.029000E-4	1.961372E+0
2.069895E+1	7.550000E-5	2.008404E+0
2.069201E+1	-1.550000E-5	2.054703E+0
2.068497E+1	-4.915000E-5	2.101670E+0
2.067800E+1	-8.015000E-5	2.148169E+0
2.067097E+1	-7.220000E-5	2.195068E+0
2.066400E+1	-2.540000E-5	2.241568E+0
2.065699E+1	1.500000E-6	2.288334E+0
2.065000E+1	-1.370000E-5	2.334966E+0
2.064299E+1	-4.060000E-5	2.381732E+0
2.063598E+1	3.700000E-6	2.428498E+0
2.062899E+1	-5.600000E-6	2.475131E+0
2.062198E+1	-3.465000E-5	2.521897E+0
2.061497E+1	6.550000E-6	2.568663E+0
2.060800E+1	2.500000E-7	2.615162E+0
2.060097E+1	5.950000E-6	2.662062E+0
2.059400E+1	-1.105000E-5	2.708561E+0
2.058697E+1	3.900000E-6	2.755460E+0
2.057999E+1	-1.030000E-5	2.802026E+0
2.057299E+1	-1.255000E-5	2.848726E+0
2.056598E+1	-2.500000E-6	2.895492E+0
2.055899E+1	1.300000E-6	2.942124E+0
2.055199E+1	-3.450000E-6	2.988823E+0
2.054499E+1	-4.200000E-6	3.035523E+0
2.053799E+1	1.800000E-5	3.082222E+0
2.053099E+1	-1.695000E-5	3.128922E+0
2.052399E+1	-1.020000E-5	3.175621E+0
2.051697E+1	1.595000E-5	3.222454E+0
2.050999E+1	-1.020000E-5	3.269019E+0
2.050298E+1	-1.890000E-5	3.315785E+0
2.049598E+1	2.300000E-6	3.362485E+0
2.048898E+1	3.450000E-6	3.409184E+0
2.048199E+1	1.055000E-5	3.455817E+0
2.047497E+1	-3.560000E-5	3.502650E+0
2.046799E+1	9.600000E-6	3.549215E+0
2.046097E+1	-1.370000E-5	3.596048E+0
2.045399E+1	-5.050000E-6	3.642614E+0
2.044697E+1	-1.990000E-5	3.689447E+0
2.043999E+1	-3.600000E-6	3.736013E+0
2.043297E+1	-1.700000E-6	3.782845E+0
2.042599E+1	2.110000E-5	3.829411E+0
2.041897E+1	2.115000E-5	3.876244E+0
2.041199E+1	-6.300000E-6	3.922810E+0
2.040498E+1	-1.180000E-5	3.969576E+0
2.039799E+1	4.300000E-6	4.016209E+0
2.039098E+1	-1.815000E-5	4.062975E+0
2.038397E+1	1.950000E-6	4.109741E+0
2.037698E+1	-1.120000E-5	4.156374E+0
2.036999E+1	-1.295000E-5	4.203006E+0
2.036298E+1	-1.375000E-5	4.249772E+0
2.035597E+1	-3.845000E-5	4.296538E+0
2.034900E+1	-2.755000E-5	4.343037E+0
2.034199E+1	4.500000E-6	4.389803E+0
2.033500E+1	-1.620000E-5	4.436436E+0
2.032799E+1	2.685000E-5	4.483202E+0
2.032098E+1	1.665000E-5	4.529968E+0
2.031397E+1	-2.705000E-5	4.576734E+0
2.030700E+1	4.050000E-6	4.623233E+0
2.029997E+1	-2.395000E-5	4.670133E+0
2.029300E+1	-6.400000E-6	4.716632E+0
2.028599E+1	1.235000E-5	4.763398E+0
2.027898E+1	-2.140000E-5	4.810164E+0
2.027199E+1	1.810000E-5	4.856797E+0
2.026498E+1	-5.150000E-6	4.903563E+0
2.025799E+1	-1.450000E-5	4.950195E+0
2.025098E+1	2.105000E-5	4.996961E+0
2.024399E+1	1.450000E-6	5.043594E+0
2.023700E+1	4.400000E-6	5.090227E+0
2.022997E+1	-7.100000E-6	5.137126E+0
2.022300E+1	1.190000E-5	5.183625E+0
2.021599E+1	1.400000E-5	5.230391E+0
2.020898E+1	-3.150000E-6	5.277157E+0
2.020199E+1	-1.730000E-5	5.323790E+0
2.019500E+1	1.935000E-5	5.370422E+0
2.018799E+1	-2.650000E-6	5.417189E+0
2.018100E+1	1.955000E-5	5.463821E+0
2.017399E+1	-6.200000E-6	5.510587E+0
2.016700E+1	1.105000E-5	5.557220E+0
2.015997E+1	-9.100000E-6	5.604119E+0
2.015300E+1	3.150000E-6	5.650619E+0
2.014599E+1	1.285000E-5	5.697384E+0
2.013900E+1	-1.730000E-5	5.744017E+0
2.013199E+1	1.200000E-6	5.790783E+0
