6.919993E+1	-1.064000E-4	7.600000E-6	0.000000E+0	-6.919993E+1
6.894993E+1	-3.966667E-5	-2.700000E-5	1.667833E+0	-6.894993E+1
6.869993E+1	-5.906667E-5	-8.533333E-6	3.335666E+0	-6.869993E+1
6.844993E+1	-5.186667E-5	-2.713333E-5	5.003499E+0	-6.844993E+1
6.819993E+1	-7.040000E-5	1.066667E-6	6.671332E+0	-6.819993E+1
6.794993E+1	-7.226667E-5	3.200000E-6	8.339165E+0	-6.794993E+1
6.769993E+1	-4.260000E-5	8.933333E-6	1.000700E+1	-6.769993E+1
6.744993E+1	-6.680000E-5	1.000000E-6	1.167483E+1	-6.744993E+1
6.719993E+1	-4.713333E-5	1.066667E-6	1.334266E+1	-6.719993E+1
6.694993E+1	-7.846667E-5	-1.693333E-5	1.501050E+1	-6.694993E+1
6.669993E+1	-7.533333E-5	1.306667E-5	1.667833E+1	-6.669993E+1
6.644993E+1	-6.980000E-5	-1.473333E-5	1.834616E+1	-6.644993E+1
6.619993E+1	-7.453333E-5	-1.226667E-5	2.001400E+1	-6.619993E+1
6.594993E+1	-5.033333E-5	-9.400000E-6	2.168183E+1	-6.594993E+1
6.569993E+1	-7.413334E-5	-1.080000E-5	2.334966E+1	-6.569993E+1
6.544993E+1	-8.326667E-5	1.853333E-5	2.501750E+1	-6.544993E+1
6.519993E+1	-9.420000E-5	-6.933333E-6	2.668533E+1	-6.519993E+1
6.494993E+1	-6.300000E-5	-1.433333E-5	2.835316E+1	-6.494993E+1
6.469993E+1	-7.166667E-5	-6.466666E-6	3.002099E+1	-6.469993E+1
6.444993E+1	-5.280000E-5	-2.053333E-5	3.168883E+1	-6.444993E+1
6.419993E+1	-7.733333E-5	7.266667E-6	3.335666E+1	-6.419993E+1
6.394993E+1	-5.500000E-5	-3.066667E-6	3.502449E+1	-6.394993E+1
6.369993E+1	-4.980000E-5	-3.333333E-7	3.669233E+1	-6.369993E+1
6.344993E+1	-8.206667E-5	2.066667E-6	3.836016E+1	-6.344993E+1
6.319993E+1	-9.386666E-5	-1.846667E-5	4.002799E+1	-6.319993E+1
6.294993E+1	-6.100000E-5	-3.400000E-6	4.169583E+1	-6.294993E+1
6.269993E+1	-5.780000E-5	-1.460000E-5	4.336366E+1	-6.269993E+1
6.244993E+1	-1.009333E-4	-1.853333E-5	4.503149E+1	-6.244993E+1
6.219993E+1	-7.946667E-5	4.000000E-7	4.669933E+1	-6.219993E+1
6.194993E+1	-6.853334E-5	-7.333334E-6	4.836716E+1	-6.194993E+1
6.169993E+1	-7.326667E-5	2.800000E-6	5.003499E+1	-6.169993E+1
6.144993E+1	-8.020000E-5	-2.933333E-6	5.170282E+1	-6.144993E+1
6.119993E+1	-8.953334E-5	2.953333E-5	5.337066E+1	-6.119993E+1
6.094993E+1	-7.593333E-5	9.333334E-7	5.503849E+1	-6.094993E+1
6.069993E+1	-6.840000E-5	-1.133333E-5	5.670632E+1	-6.069993E+1
6.044993E+1	-7.020000E-5	-1.406667E-5	5.837416E+1	-6.044993E+1
6.019993E+1	-4.160000E-5	-2.466667E-6	6.004199E+1	-6.019993E+1
5.994993E+1	-7.886667E-5	2.533333E-6	6.170982E+1	-5.994993E+1
5.969993E+1	-5.906667E-5	-1.133333E-6	6.337766E+1	-5.969993E+1
5.944993E+1	-7.900000E-5	5.000000E-6	6.504549E+1	-5.944993E+1
5.919993E+1	-7.153333E-5	-4.666667E-7	6.671332E+1	-5.919993E+1
5.894993E+1	-9.180000E-5	2.800000E-6	6.838116E+1	-5.894993E+1
5.869993E+1	-8.000000E-5	1.933333E-6	7.004899E+1	-5.869993E+1
5.844993E+1	-7.700000E-5	-2.160000E-5	7.171682E+1	-5.844993E+1
5.819993E+1	-8.920000E-5	1.026667E-5	7.338465E+1	-5.819993E+1
5.794993E+1	-8.126667E-5	-7.733333E-6	7.505249E+1	-5.794993E+1
5.769993E+1	-8.326667E-5	-1.753333E-5	7.672032E+1	-5.769993E+1
5.744993E+1	-7.373333E-5	4.600000E-6	7.838815E+1	-5.744993E+1
5.719993E+1	-5.880000E-5	-1.206667E-5	8.005598E+1	-5.719993E+1
5.694993E+1	-9.540000E-5	-9.733333E-6	8.172382E+1	-5.694993E+1
5.669993E+1	-8.653333E-5	1.120000E-5	8.339165E+1	-5.669993E+1
5.644993E+1	-8.286667E-5	-4.533333E-6	8.505949E+1	-5.644993E+1
5.619993E+1	-9.140000E-5	-2.693333E-5	8.672732E+1	-5.619993E+1
5.594993E+1	-4.960000E-5	3.133333E-6	8.839515E+1	-5.594993E+1
5.569993E+1	-9.800000E-5	3.040000E-5	9.006298E+1	-5.569993E+1
5.544993E+1	-6.273334E-5	-6.000000E-7	9.173082E+1	-5.544993E+1
5.519993E+1	-7.780000E-5	-6.466666E-6	9.339865E+1	-5.519993E+1
5.494993E+1	-6.493333E-5	1.133333E-6	9.506648E+1	-5.494993E+1
5.469993E+1	-6.380000E-5	-1.653333E-5	9.673431E+1	-5.469993E+1
5.444993E+1	-7.086667E-5	-6.666667E-6	9.840215E+1	-5.444993E+1
5.419993E+1	-7.046667E-5	9.666666E-6	1.000700E+2	-5.419993E+1
5.394993E+1	-7.660000E-5	1.526667E-5	1.017378E+2	-5.394993E+1
5.369993E+1	-8.500000E-5	7.066667E-6	1.034056E+2	-5.369993E+1
5.344993E+1	-9.633334E-5	1.420000E-5	1.050735E+2	-5.344993E+1
5.319993E+1	-8.046666E-5	-1.493333E-5	1.067413E+2	-5.319993E+1
5.294993E+1	-7.186666E-5	1.233333E-5	1.084091E+2	-5.294993E+1
5.269993E+1	-8.120000E-5	-1.633333E-5	1.100770E+2	-5.269993E+1
5.244993E+1	-8.740000E-5	1.913333E-5	1.117448E+2	-5.244993E+1
5.219993E+1	-5.820000E-5	1.333333E-7	1.134126E+2	-5.219993E+1
5.194993E+1	-4.800000E-5	-2.306667E-5	1.150805E+2	-5.194993E+1
5.169993E+1	-1.256000E-4	-1.113333E-5	1.167483E+2	-5.169993E+1
5.144993E+1	-7.893334E-5	6.000000E-7	1.184161E+2	-5.144993E+1
5.119993E+1	-6.173334E-5	-9.066666E-6	1.200840E+2	-5.119993E+1
5.094993E+1	-9.006666E-5	8.666667E-6	1.217518E+2	-5.094993E+1
5.069993E+1	-9.200000E-5	-1.726667E-5	1.234196E+2	-5.069993E+1
5.044993E+1	-7.780000E-5	-9.400000E-6	1.250875E+2	-5.044993E+1
5.019993E+1	-6.140000E-5	-2.600000E-6	1.267553E+2	-5.019993E+1
4.994993E+1	-7.906667E-5	-4.600000E-6	1.284231E+2	-4.994993E+1
4.969993E+1	-6.373334E-5	-4.666667E-7	1.300910E+2	-4.969993E+1
4.944993E+1	-6.253333E-5	-1.686667E-5	1.317588E+2	-4.944993E+1
4.919993E+1	-8.073333E-5	2.666667E-7	1.334266E+2	-4.919993E+1
4.894993E+1	-1.002667E-4	-2.400000E-5	1.350945E+2	-4.894993E+1
4.869993E+1	-8.040000E-5	-1.933333E-6	1.367623E+2	-4.869993E+1
4.844993E+1	-7.406667E-5	-4.600000E-6	1.384301E+2	-4.844993E+1
4.819993E+1	-4.500000E-5	3.733333E-6	1.400980E+2	-4.819993E+1
4.794993E+1	-1.370000E-4	-1.333333E-7	1.417658E+2	-4.794993E+1
4.769993E+1	-6.560000E-5	2.000000E-7	1.434336E+2	-4.769993E+1
4.744993E+1	-9.753333E-5	2.600000E-6	1.451015E+2	-4.744993E+1
4.719993E+1	-9.113333E-5	-4.000000E-6	1.467693E+2	-4.719993E+1
4.694993E+1	-5.200000E-5	-2.666667E-7	1.484371E+2	-4.694993E+1
4.669993E+1	-1.057333E-4	2.260000E-5	1.501050E+2	-4.669993E+1
4.644993E+1	-8.853334E-5	2.933333E-6	1.517728E+2	-4.644993E+1
4.619993E+1	-7.400000E-5	2.126667E-5	1.534406E+2	-4.619993E+1
4.594993E+1	-7.580000E-5	-4.433333E-5	1.551085E+2	-4.594993E+1
4.569993E+1	-4.886667E-5	-2.033333E-5	1.567763E+2	-4.569993E+1
4.544993E+1	-3.833333E-5	-1.993333E-5	1.584441E+2	-4.544993E+1
4.519993E+1	-8.340000E-5	3.933333E-5	1.601120E+2	-4.519993E+1
4.494993E+1	-7.173333E-5	-2.160000E-5	1.617798E+2	-4.494993E+1
4.469993E+1	-6.013333E-5	-1.393333E-5	1.634476E+2	-4.469993E+1
4.444993E+1	-7.053334E-5	-5.133333E-6	1.651155E+2	-4.444993E+1
4.419993E+1	-7.906667E-5	-1.440000E-5	1.667833E+2	-4.419993E+1
4.394993E+1	-5.993333E-5	5.600000E-6	1.684511E+2	-4.394993E+1
4.369993E+1	-9.426667E-5	6.666667E-6	1.701190E+2	-4.369993E+1
4.344993E+1	-8.013333E-5	-2.613333E-5	1.717868E+2	-4.344993E+1
4.319993E+1	-8.833333E-5	-2.640000E-5	1.734546E+2	-4.319993E+1
4.294993E+1	-6.500000E-5	-5.666667E-6	1.751225E+2	-4.294993E+1
4.269993E+1	-9.100000E-5	-2.673333E-5	1.767903E+2	-4.269993E+1
4.244993E+1	-7.153333E-5	-1.566667E-5	1.784581E+2	-4.244993E+1
4.219993E+1	-6.800000E-5	-6.666667E-7	1.801260E+2	-4.219993E+1
4.194993E+1	-9.613334E-5	-2.666667E-5	1.817938E+2	-4.194993E+1
4.169993E+1	-9.386666E-5	8.933333E-6	1.834616E+2	-4.169993E+1
4.144993E+1	-8.653333E-5	7.333333E-7	1.851295E+2	-4.144993E+1
4.119993E+1	-8.333333E-5	-7.933333E-6	1.867973E+2	-4.119993E+1
4.094993E+1	-8.420000E-5	-4.666667E-7	1.884651E+2	-4.094993E+1
4.069993E+1	-1.048000E-4	-1.533333E-6	1.901330E+2	-4.069993E+1
4.044993E+1	-8.240000E-5	4.533333E-6	1.918008E+2	-4.044993E+1
4.019993E+1	-5.480000E-5	-1.753333E-5	1.934686E+2	-4.019993E+1
3.994993E+1	-8.226667E-5	-3.406667E-5	1.951365E+2	-3.994993E+1
3.969993E+1	-7.086667E-5	-1.666667E-5	1.968043E+2	-3.969993E+1
3.944993E+1	-9.126667E-5	-1.860000E-5	1.984721E+2	-3.944993E+1
3.919993E+1	-7.773333E-5	1.913333E-5	2.001400E+2	-3.919993E+1
3.894993E+1	-8.413333E-5	1.086667E-5	2.018078E+2	-3.894993E+1
3.869993E+1	-9.580000E-5	-2.080000E-5	2.034756E+2	-3.869993E+1
3.844993E+1	-7.700000E-5	1.073333E-5	2.051435E+2	-3.844993E+1
3.819993E+1	-7.566666E-5	9.266667E-6	2.068113E+2	-3.819993E+1
3.794993E+1	-9.593333E-5	-1.120000E-5	2.084791E+2	-3.794993E+1
3.769993E+1	-9.033333E-5	-2.320000E-5	2.101470E+2	-3.769993E+1
3.744993E+1	-9.380000E-5	-6.600000E-6	2.118148E+2	-3.744993E+1
3.719993E+1	-6.086667E-5	-1.540000E-5	2.134826E+2	-3.719993E+1
3.694993E+1	-7.180000E-5	-1.360000E-5	2.151505E+2	-3.694993E+1
3.669993E+1	-9.380000E-5	8.000000E-7	2.168183E+2	-3.669993E+1
3.644993E+1	-9.553333E-5	1.800000E-6	2.184861E+2	-3.644993E+1
3.619993E+1	-8.606667E-5	1.533333E-6	2.201540E+2	-3.619993E+1
3.594993E+1	-7.586666E-5	-6.466666E-6	2.218218E+2	-3.594993E+1
3.569993E+1	-8.353333E-5	9.333334E-7	2.234896E+2	-3.569993E+1
3.544993E+1	-9.573333E-5	-2.286667E-5	2.251575E+2	-3.544993E+1
3.519993E+1	-1.044000E-4	-1.826667E-5	2.268253E+2	-3.519993E+1
3.494993E+1	-6.800000E-5	-7.333334E-6	2.284931E+2	-3.494993E+1
3.469993E+1	-8.306667E-5	-1.086667E-5	2.301610E+2	-3.469993E+1
3.444993E+1	-9.453333E-5	-9.600000E-6	2.318288E+2	-3.444993E+1
3.419993E+1	-6.926667E-5	1.646667E-5	2.334966E+2	-3.419993E+1
3.394993E+1	-5.780000E-5	-4.866667E-6	2.351645E+2	-3.394993E+1
3.369993E+1	-9.660000E-5	-2.306667E-5	2.368323E+2	-3.369993E+1
3.344993E+1	-8.166667E-5	-3.933333E-6	2.385001E+2	-3.344993E+1
3.319993E+1	-7.866666E-5	1.313333E-5	2.401680E+2	-3.319993E+1
3.294993E+1	-9.006666E-5	-1.166667E-5	2.418358E+2	-3.294993E+1
3.269993E+1	-9.073333E-5	-1.226667E-5	2.435036E+2	-3.269993E+1
3.244993E+1	-6.766667E-5	1.786667E-5	2.451715E+2	-3.244993E+1
3.219993E+1	-5.480000E-5	2.646667E-5	2.468393E+2	-3.219993E+1
3.194993E+1	-9.593333E-5	-6.800000E-6	2.485071E+2	-3.194993E+1
3.169993E+1	-7.886667E-5	3.200000E-6	2.501750E+2	-3.169993E+1
3.144993E+1	-7.780000E-5	8.400000E-6	2.518428E+2	-3.144993E+1
3.119993E+1	-8.740000E-5	-8.400000E-6	2.535106E+2	-3.119993E+1
3.094993E+1	-9.466667E-5	7.000000E-6	2.551785E+2	-3.094993E+1
3.069993E+1	-9.293333E-5	-1.380000E-5	2.568463E+2	-3.069993E+1
3.044993E+1	-1.038667E-4	-1.800000E-5	2.585141E+2	-3.044993E+1
3.019993E+1	-8.413333E-5	-1.180000E-5	2.601819E+2	-3.019993E+1
2.994993E+1	-6.980000E-5	-2.146667E-5	2.618498E+2	-2.994993E+1
2.969993E+1	-6.780000E-5	-1.606667E-5	2.635176E+2	-2.969993E+1
2.944993E+1	-6.526666E-5	-1.013333E-5	2.651855E+2	-2.944993E+1
2.919993E+1	-9.673333E-5	-1.113333E-5	2.668533E+2	-2.919993E+1
2.894993E+1	-7.333334E-5	7.600000E-6	2.685211E+2	-2.894993E+1
2.869993E+1	-1.052667E-4	-1.713333E-5	2.701890E+2	-2.869993E+1
2.844993E+1	-8.433333E-5	-4.533333E-6	2.718568E+2	-2.844993E+1
2.819993E+1	-8.013333E-5	-4.933333E-6	2.735246E+2	-2.819993E+1
2.794993E+1	-6.833333E-5	-8.866667E-6	2.751924E+2	-2.794993E+1
2.769993E+1	-7.493333E-5	7.333333E-7	2.768603E+2	-2.769993E+1
2.744993E+1	-8.346666E-5	-8.133334E-6	2.785281E+2	-2.744993E+1
2.719993E+1	-2.946667E-5	4.533333E-6	2.801960E+2	-2.719993E+1
2.694993E+1	-8.093334E-5	-4.666667E-6	2.818638E+2	-2.694993E+1
2.669993E+1	-9.380000E-5	-8.733334E-6	2.835316E+2	-2.669993E+1
2.644993E+1	-7.700000E-5	4.666667E-7	2.851995E+2	-2.644993E+1
2.619993E+1	-6.086667E-5	-6.666667E-7	2.868673E+2	-2.619993E+1
2.594993E+1	-8.180000E-5	-4.666667E-6	2.885351E+2	-2.594993E+1
2.569993E+1	-8.966667E-5	4.600000E-6	2.902029E+2	-2.569993E+1
2.544993E+1	-9.026667E-5	-2.800000E-5	2.918708E+2	-2.544993E+1
2.519993E+1	-7.466667E-5	-1.840000E-5	2.935386E+2	-2.519993E+1
2.494993E+1	-5.553333E-5	3.333333E-7	2.952065E+2	-2.494993E+1
2.469993E+1	-1.098000E-4	1.000000E-6	2.968743E+2	-2.469993E+1
2.444993E+1	-8.220000E-5	6.000000E-6	2.985421E+2	-2.444993E+1
2.419993E+1	-9.246667E-5	-3.520000E-5	3.002100E+2	-2.419993E+1
2.394993E+1	-9.540000E-5	6.533333E-6	3.018778E+2	-2.394993E+1
2.369993E+1	-1.076000E-4	-2.060000E-5	3.035456E+2	-2.369993E+1
2.344993E+1	-5.686667E-5	4.666667E-6	3.052134E+2	-2.344993E+1
2.319993E+1	-8.246666E-5	-1.493333E-5	3.068813E+2	-2.319993E+1
2.294993E+1	-7.853333E-5	-8.733334E-6	3.085491E+2	-2.294993E+1
2.269993E+1	-1.031333E-4	6.000000E-7	3.102169E+2	-2.269993E+1
2.244993E+1	-8.793333E-5	1.773333E-5	3.118848E+2	-2.244993E+1
2.219993E+1	-9.300000E-5	-8.466666E-6	3.135526E+2	-2.219993E+1
2.194993E+1	-7.433334E-5	-5.533333E-6	3.152205E+2	-2.194993E+1
2.169993E+1	-7.400000E-5	-1.460000E-5	3.168883E+2	-2.169993E+1
2.144993E+1	-8.906666E-5	-1.226667E-5	3.185561E+2	-2.144993E+1
2.119993E+1	-8.846667E-5	2.933333E-6	3.202239E+2	-2.119993E+1
2.094993E+1	-5.840000E-5	1.506667E-5	3.218918E+2	-2.094993E+1
2.069993E+1	-5.446667E-5	-8.333333E-6	3.235596E+2	-2.069993E+1
2.044993E+1	-8.586667E-5	-1.866667E-5	3.252274E+2	-2.044993E+1
2.019993E+1	-8.206667E-5	-3.400000E-6	3.268953E+2	-2.019993E+1
1.994993E+1	-4.706667E-5	-9.800000E-6	3.285631E+2	-1.994993E+1
1.969993E+1	-1.001333E-4	1.773333E-5	3.302309E+2	-1.969993E+1
1.944993E+1	-8.540000E-5	-3.033333E-5	3.318988E+2	-1.944993E+1
1.919993E+1	-8.820000E-5	-6.800000E-6	3.335666E+2	-1.919993E+1
1.894993E+1	-8.553333E-5	-1.766667E-5	3.352344E+2	-1.894993E+1
1.869993E+1	-9.340000E-5	4.333333E-6	3.369023E+2	-1.869993E+1
1.844993E+1	-1.216667E-4	-6.533333E-6	3.385701E+2	-1.844993E+1
1.819993E+1	-7.846667E-5	-1.400000E-5	3.402379E+2	-1.819993E+1
1.794993E+1	-9.500000E-5	9.200000E-6	3.419058E+2	-1.794993E+1
1.769993E+1	-5.326667E-5	-9.066666E-6	3.435736E+2	-1.769993E+1
1.744993E+1	-7.206666E-5	-1.666667E-5	3.452414E+2	-1.744993E+1
1.719993E+1	-7.406667E-5	-1.746667E-5	3.469093E+2	-1.719993E+1
1.694993E+1	-5.640000E-5	2.780000E-5	3.485771E+2	-1.694993E+1
1.669993E+1	-8.113333E-5	-1.406667E-5	3.502449E+2	-1.669993E+1
1.644993E+1	-1.013333E-4	-1.873333E-5	3.519128E+2	-1.644993E+1
1.619993E+1	-8.220000E-5	-1.360000E-5	3.535806E+2	-1.619993E+1
1.594993E+1	-8.173333E-5	-6.133333E-6	3.552484E+2	-1.594993E+1
1.569993E+1	-6.333333E-5	7.533333E-6	3.569163E+2	-1.569993E+1
1.544993E+1	-6.700000E-5	9.400000E-6	3.585841E+2	-1.544993E+1
1.519993E+1	-9.466667E-5	4.400000E-6	3.602519E+2	-1.519993E+1
1.494993E+1	-6.700000E-5	-2.000000E-7	3.619198E+2	-1.494993E+1
1.469993E+1	-4.753333E-5	-7.066667E-6	3.635876E+2	-1.469993E+1
1.444993E+1	-8.493333E-5	5.933333E-6	3.652554E+2	-1.444993E+1
1.419993E+1	-6.200000E-5	-1.860000E-5	3.669233E+2	-1.419993E+1
1.394993E+1	-1.049333E-4	2.106667E-5	3.685911E+2	-1.394993E+1
1.369993E+1	-9.460000E-5	-1.286667E-5	3.702589E+2	-1.369993E+1
1.344993E+1	-7.280000E-5	-7.133333E-6	3.719268E+2	-1.344993E+1
1.319993E+1	-7.820000E-5	-2.433333E-5	3.735946E+2	-1.319993E+1
1.294993E+1	-9.180000E-5	-1.933333E-6	3.752624E+2	-1.294993E+1
1.269993E+1	-7.820000E-5	-3.733333E-6	3.769303E+2	-1.269993E+1
1.244993E+1	-9.066667E-5	-1.406667E-5	3.785981E+2	-1.244993E+1
1.219993E+1	-9.066667E-5	1.533333E-6	3.802659E+2	-1.219993E+1
1.194993E+1	-8.106667E-5	1.706667E-5	3.819338E+2	-1.194993E+1
1.169993E+1	-1.155333E-4	-1.180000E-5	3.836016E+2	-1.169993E+1
1.144993E+1	-7.086667E-5	-3.493333E-5	3.852694E+2	-1.144993E+1
1.119993E+1	-1.125333E-4	3.933333E-6	3.869373E+2	-1.119993E+1
1.094993E+1	-6.453333E-5	1.566667E-5	3.886051E+2	-1.094993E+1
1.069993E+1	-1.012667E-4	1.466667E-6	3.902729E+2	-1.069993E+1
1.044993E+1	-5.646667E-5	-1.206667E-5	3.919408E+2	-1.044993E+1
1.019993E+1	-5.880000E-5	6.066667E-6	3.936086E+2	-1.019993E+1
9.949930E+0	-7.613334E-5	1.260000E-5	3.952764E+2	-9.949930E+0
9.699930E+0	-7.293333E-5	7.066667E-6	3.969443E+2	-9.699930E+0
9.449930E+0	-6.126667E-5	-4.400000E-6	3.986121E+2	-9.449930E+0
9.199930E+0	-8.453333E-5	4.666667E-6	4.002799E+2	-9.199930E+0
8.949930E+0	-7.426667E-5	-4.133333E-6	4.019478E+2	-8.949930E+0
8.699930E+0	-7.093333E-5	-7.400000E-6	4.036156E+2	-8.699930E+0
8.449930E+0	-6.933333E-5	4.400000E-6	4.052834E+2	-8.449930E+0
8.199930E+0	-8.453333E-5	-5.000000E-6	4.069513E+2	-8.199930E+0
7.949930E+0	-8.166667E-5	-1.493333E-5	4.086191E+2	-7.949930E+0
7.699930E+0	-9.693333E-5	1.693333E-5	4.102869E+2	-7.699930E+0
7.449930E+0	-6.560000E-5	-3.066667E-6	4.119548E+2	-7.449930E+0
7.199930E+0	-8.820000E-5	-2.046667E-5	4.136226E+2	-7.199930E+0
6.949930E+0	-7.586666E-5	1.400000E-6	4.152904E+2	-6.949930E+0
6.699930E+0	-7.086667E-5	-2.066667E-5	4.169583E+2	-6.699930E+0
6.449930E+0	-4.960000E-5	-3.286667E-5	4.186261E+2	-6.449930E+0
6.199930E+0	-8.180000E-5	-7.333334E-6	4.202939E+2	-6.199930E+0
5.949930E+0	-8.640000E-5	-1.000000E-6	4.219618E+2	-5.949930E+0
5.699930E+0	-9.280000E-5	9.733333E-6	4.236296E+2	-5.699930E+0
5.449930E+0	-5.200000E-5	-8.066667E-6	4.252974E+2	-5.449930E+0
5.199930E+0	-7.626667E-5	-3.133333E-6	4.269653E+2	-5.199930E+0
4.949930E+0	-8.113333E-5	1.653333E-5	4.286331E+2	-4.949930E+0
4.699930E+0	-8.120000E-5	-1.300000E-5	4.303009E+2	-4.699930E+0
4.449930E+0	-8.553333E-5	5.000000E-6	4.319687E+2	-4.449930E+0
4.199930E+0	-8.953334E-5	-1.200000E-6	4.336366E+2	-4.199930E+0
3.949930E+0	-8.533333E-5	7.266667E-6	4.353044E+2	-3.949930E+0
3.699930E+0	-9.113333E-5	-2.866667E-6	4.369723E+2	-3.699930E+0
3.449930E+0	-9.486666E-5	2.266667E-5	4.386401E+2	-3.449930E+0
3.199930E+0	-5.893333E-5	7.333334E-6	4.403079E+2	-3.199930E+0
2.949930E+0	-8.453333E-5	1.380000E-5	4.419758E+2	-2.949930E+0
2.699930E+0	-5.980000E-5	4.453333E-5	4.436436E+2	-2.699930E+0
2.449930E+0	-9.940000E-5	-1.946667E-5	4.453114E+2	-2.449930E+0
2.199930E+0	-1.153333E-4	-1.080000E-5	4.469792E+2	-2.199930E+0
1.949930E+0	-8.420000E-5	1.526667E-5	4.486471E+2	-1.949930E+0
1.699930E+0	-6.506667E-5	1.553333E-5	4.503149E+2	-1.699930E+0
1.449930E+0	-1.010000E-4	8.266667E-6	4.519828E+2	-1.449930E+0
1.199930E+0	-6.786667E-5	9.000000E-6	4.536506E+2	-1.199930E+0
9.499300E-1	-8.120000E-5	-4.800000E-6	4.553184E+2	-9.499300E-1
6.999300E-1	-7.900000E-5	-1.420000E-5	4.569863E+2	-6.999300E-1
4.499300E-1	-9.920000E-5	-4.466667E-6	4.586541E+2	-4.499300E-1
1.999300E-1	-8.580000E-5	-1.333333E-6	4.603219E+2	-1.999300E-1
-5.007000E-2	-9.166667E-5	-1.026667E-5	4.619897E+2	5.007000E-2
-3.000700E-1	-8.380000E-5	-2.553333E-5	4.636576E+2	3.000700E-1
-5.500700E-1	-7.206666E-5	-1.260000E-5	4.653254E+2	5.500700E-1
-8.000700E-1	-8.786667E-5	-6.266667E-6	4.669933E+2	8.000700E-1
-1.050070E+0	-6.146666E-5	-2.293333E-5	4.686611E+2	1.050070E+0
-1.300070E+0	-9.986667E-5	1.453333E-5	4.703289E+2	1.300070E+0
-1.550070E+0	-8.806667E-5	-1.933333E-5	4.719967E+2	1.550070E+0
-1.800070E+0	-1.033333E-4	2.000000E-5	4.736646E+2	1.800070E+0
-2.050070E+0	-7.226667E-5	-1.526667E-5	4.753324E+2	2.050070E+0
-2.300070E+0	-9.146667E-5	-3.066667E-6	4.770002E+2	2.300070E+0
-2.550070E+0	-7.713334E-5	1.120000E-5	4.786681E+2	2.550070E+0
-2.800070E+0	-8.273334E-5	7.466667E-6	4.803359E+2	2.800070E+0
-3.050070E+0	-8.273334E-5	1.600000E-6	4.820038E+2	3.050070E+0
-3.300070E+0	-7.700000E-5	1.713333E-5	4.836716E+2	3.300070E+0
-3.550070E+0	-1.062000E-4	-6.666667E-8	4.853394E+2	3.550070E+0
-3.800070E+0	-9.440000E-5	-2.146667E-5	4.870072E+2	3.800070E+0
-4.050070E+0	-5.440000E-5	-2.386667E-5	4.886751E+2	4.050070E+0
-4.300070E+0	-1.059333E-4	6.000000E-7	4.903429E+2	4.300070E+0
-4.550070E+0	-7.866666E-5	1.106667E-5	4.920107E+2	4.550070E+0
-4.800070E+0	-9.126667E-5	-1.153333E-5	4.936786E+2	4.800070E+0
-5.050070E+0	-8.426666E-5	-1.066667E-6	4.953464E+2	5.050070E+0
-5.300070E+0	-9.446667E-5	-1.506667E-5	4.970143E+2	5.300070E+0
-5.550070E+0	-8.660000E-5	6.466666E-6	4.986821E+2	5.550070E+0
-5.800070E+0	-8.526666E-5	3.000000E-6	5.003499E+2	5.800070E+0
-6.050070E+0	-8.346666E-5	-2.866667E-6	5.020177E+2	6.050070E+0
-6.300070E+0	-4.700000E-5	6.666667E-8	5.036856E+2	6.300070E+0
-6.550070E+0	-8.306667E-5	-3.686667E-5	5.053534E+2	6.550070E+0
-6.800070E+0	-8.446666E-5	-1.253333E-5	5.070212E+2	6.800070E+0
-7.050070E+0	-6.026667E-5	-1.666667E-6	5.086891E+2	7.050070E+0
-7.300070E+0	-1.005333E-4	-1.500000E-5	5.103569E+2	7.300070E+0
-7.550070E+0	-8.286667E-5	-5.333333E-7	5.120247E+2	7.550070E+0
-7.800070E+0	-5.926667E-5	2.246667E-5	5.136926E+2	7.800070E+0
-8.050070E+0	-6.626666E-5	7.333333E-7	5.153604E+2	8.050070E+0
-8.300070E+0	-1.004000E-4	-3.200000E-6	5.170283E+2	8.300070E+0
-8.550070E+0	-9.240000E-5	-4.333333E-6	5.186960E+2	8.550070E+0
-8.800070E+0	-8.666667E-5	-7.333333E-7	5.203639E+2	8.800070E+0
-9.050070E+0	-1.048667E-4	-8.600000E-6	5.220317E+2	9.050070E+0
-9.300070E+0	-9.493333E-5	-2.206667E-5	5.236996E+2	9.300070E+0
-9.550070E+0	-8.160000E-5	-3.080000E-5	5.253674E+2	9.550070E+0
-9.800070E+0	-7.540000E-5	-2.733333E-5	5.270352E+2	9.800070E+0
-1.005007E+1	-7.360000E-5	4.133333E-6	5.287031E+2	1.005007E+1
-1.030007E+1	-9.673333E-5	-1.200000E-6	5.303709E+2	1.030007E+1
-1.055007E+1	-9.993334E-5	3.466667E-6	5.320388E+2	1.055007E+1
-1.080007E+1	-4.213333E-5	-3.066667E-6	5.337065E+2	1.080007E+1
-1.105007E+1	-7.020000E-5	1.600000E-6	5.353744E+2	1.105007E+1
-1.130007E+1	-8.560000E-5	-2.013333E-5	5.370422E+2	1.130007E+1
-1.155007E+1	-1.005333E-4	-1.860000E-5	5.387101E+2	1.155007E+1
-1.180007E+1	-8.006667E-5	1.533333E-6	5.403779E+2	1.180007E+1
-1.205007E+1	-8.340000E-5	3.120000E-5	5.420457E+2	1.205007E+1
-1.230007E+1	-7.153333E-5	3.333333E-6	5.437136E+2	1.230007E+1
-1.255007E+1	-9.913334E-5	-1.053333E-5	5.453814E+2	1.255007E+1
-1.280007E+1	-1.055333E-4	1.126667E-5	5.470493E+2	1.280007E+1
-1.305007E+1	-7.193333E-5	1.606667E-5	5.487170E+2	1.305007E+1
-1.330007E+1	-8.253333E-5	-6.933333E-6	5.503849E+2	1.330007E+1
-1.355007E+1	-7.473333E-5	-1.113333E-5	5.520527E+2	1.355007E+1
-1.380007E+1	-8.360000E-5	-2.600000E-6	5.537206E+2	1.380007E+1
-1.405007E+1	-9.180000E-5	-2.500000E-5	5.553884E+2	1.405007E+1
-1.430007E+1	-9.000000E-5	2.600000E-6	5.570562E+2	1.430007E+1
-1.455007E+1	-7.306667E-5	2.466667E-5	5.587241E+2	1.455007E+1
-1.480007E+1	-8.173333E-5	8.266667E-6	5.603919E+2	1.480007E+1
-1.505007E+1	-7.740000E-5	-1.613333E-5	5.620598E+2	1.505007E+1
-1.530007E+1	-8.033333E-5	4.400000E-6	5.637275E+2	1.530007E+1
-1.555007E+1	-6.940000E-5	2.633333E-5	5.653954E+2	1.555007E+1
-1.580007E+1	-7.026667E-5	-3.333333E-7	5.670632E+2	1.580007E+1
-1.605007E+1	-9.480000E-5	-4.933333E-6	5.687311E+2	1.605007E+1
-1.630007E+1	-9.286666E-5	-1.393333E-5	5.703989E+2	1.630007E+1
-1.655007E+1	-8.293334E-5	-6.200000E-6	5.720667E+2	1.655007E+1
-1.680007E+1	-1.068000E-4	-1.940000E-5	5.737346E+2	1.680007E+1
-1.705007E+1	-9.233334E-5	1.720000E-5	5.754024E+2	1.705007E+1
-1.730007E+1	-8.766667E-5	-2.860000E-5	5.770703E+2	1.730007E+1
-1.755007E+1	-6.360000E-5	1.000000E-5	5.787380E+2	1.755007E+1
-1.780007E+1	-1.125333E-4	2.466667E-5	5.804059E+2	1.780007E+1
-1.805007E+1	-7.406667E-5	-2.600000E-6	5.820737E+2	1.805007E+1
-1.830007E+1	-5.713333E-5	-2.846667E-5	5.837416E+2	1.830007E+1
-1.855007E+1	-7.520000E-5	-1.200000E-5	5.854094E+2	1.855007E+1
-1.880007E+1	-7.660000E-5	-5.800000E-6	5.870772E+2	1.880007E+1
-1.905007E+1	-7.613334E-5	-1.913333E-5	5.887451E+2	1.905007E+1
-1.930007E+1	-7.060000E-5	1.666667E-5	5.904129E+2	1.930007E+1
-1.955007E+1	-8.933333E-5	2.866667E-6	5.920807E+2	1.955007E+1
-1.980007E+1	-9.240000E-5	-2.086667E-5	5.937485E+2	1.980007E+1
-2.005007E+1	-8.213333E-5	1.213333E-5	5.954164E+2	2.005007E+1
-2.030007E+1	-8.926666E-5	-2.053333E-5	5.970842E+2	2.030007E+1
-2.055007E+1	-9.200000E-5	-6.200000E-6	5.987521E+2	2.055007E+1
-2.080007E+1	-6.286667E-5	-1.933333E-6	6.004199E+2	2.080007E+1
-2.105007E+1	-9.333334E-5	-6.800000E-6	6.020877E+2	2.105007E+1
-2.130007E+1	-6.546667E-5	-1.066667E-5	6.037556E+2	2.130007E+1
-2.155007E+1	-7.946667E-5	8.000000E-6	6.054234E+2	2.155007E+1
-2.180007E+1	-9.593333E-5	7.466667E-6	6.070912E+2	2.180007E+1
-2.205007E+1	-1.118000E-4	1.046667E-5	6.087590E+2	2.205007E+1
-2.230007E+1	-7.606667E-5	-3.073333E-5	6.104269E+2	2.230007E+1
-2.255007E+1	-8.920000E-5	-1.086667E-5	6.120947E+2	2.255007E+1
-2.280007E+1	-5.086667E-5	-3.513333E-5	6.137626E+2	2.280007E+1
-2.305007E+1	-9.926667E-5	7.266667E-6	6.154304E+2	2.305007E+1
-2.330007E+1	-9.706667E-5	1.786667E-5	6.170982E+2	2.330007E+1
-2.355007E+1	-8.013333E-5	-1.020000E-5	6.187661E+2	2.355007E+1
-2.380007E+1	-9.046667E-5	7.066667E-6	6.204339E+2	2.380007E+1
-2.405007E+1	-9.933333E-5	3.800000E-6	6.221017E+2	2.405007E+1
-2.430007E+1	-7.440000E-5	-1.826667E-5	6.237695E+2	2.430007E+1
-2.455007E+1	-1.034667E-4	-9.800000E-6	6.254374E+2	2.455007E+1
-2.480007E+1	-8.886667E-5	3.800000E-6	6.271052E+2	2.480007E+1
-2.505007E+1	-8.413333E-5	1.466667E-5	6.287731E+2	2.505007E+1
-2.530007E+1	-6.846667E-5	1.960000E-5	6.304409E+2	2.530007E+1
-2.555007E+1	-6.760000E-5	3.133333E-6	6.321087E+2	2.555007E+1
-2.580007E+1	-9.786666E-5	-3.333333E-6	6.337766E+2	2.580007E+1
-2.605007E+1	-9.713334E-5	4.266667E-6	6.354444E+2	2.605007E+1
-2.630007E+1	-8.920000E-5	6.466666E-6	6.371122E+2	2.630007E+1
-2.655007E+1	-1.216667E-4	-1.553333E-5	6.387800E+2	2.655007E+1
-2.680007E+1	-7.713334E-5	1.320000E-5	6.404479E+2	2.680007E+1
-2.705007E+1	-8.540000E-5	1.160000E-5	6.421157E+2	2.705007E+1
-2.730007E+1	-1.178667E-4	-1.713333E-5	6.437836E+2	2.730007E+1
-2.755007E+1	-9.153334E-5	-2.533333E-6	6.454514E+2	2.755007E+1
-2.780007E+1	-9.213333E-5	-3.266667E-5	6.471192E+2	2.780007E+1
-2.805007E+1	-6.893333E-5	6.133333E-6	6.487870E+2	2.805007E+1
-2.830007E+1	-5.733333E-5	7.933333E-6	6.504549E+2	2.830007E+1
-2.855007E+1	-5.106667E-5	-6.400000E-6	6.521227E+2	2.855007E+1
-2.880007E+1	-8.033333E-5	5.533333E-6	6.537905E+2	2.880007E+1
-2.905007E+1	-8.186667E-5	-1.140000E-5	6.554584E+2	2.905007E+1
-2.930007E+1	-8.873333E-5	-1.006667E-5	6.571262E+2	2.930007E+1
-2.955007E+1	-9.886667E-5	-1.613333E-5	6.587941E+2	2.955007E+1
-2.980007E+1	-9.113333E-5	5.733333E-6	6.604619E+2	2.980007E+1
-3.005007E+1	-9.706667E-5	3.866667E-6	6.621297E+2	3.005007E+1
-3.030007E+1	-5.986667E-5	-2.306667E-5	6.637975E+2	3.030007E+1
-3.055007E+1	-9.800000E-5	8.200000E-6	6.654654E+2	3.055007E+1
-3.080007E+1	-8.260000E-5	4.066667E-6	6.671332E+2	3.080007E+1
-3.105007E+1	-7.866666E-5	-1.186667E-5	6.688010E+2	3.105007E+1
-3.130007E+1	-9.453333E-5	2.933333E-6	6.704689E+2	3.130007E+1
-3.155007E+1	-1.054667E-4	5.066667E-6	6.721367E+2	3.155007E+1
-3.180007E+1	-6.846667E-5	1.333333E-6	6.738046E+2	3.180007E+1
-3.205007E+1	-8.746667E-5	-1.613333E-5	6.754724E+2	3.205007E+1
-3.230007E+1	-8.293334E-5	2.466667E-6	6.771402E+2	3.230007E+1
-3.255007E+1	-1.078667E-4	8.000000E-7	6.788080E+2	3.255007E+1
-3.280007E+1	-1.049333E-4	-4.000000E-7	6.804759E+2	3.280007E+1
-3.305007E+1	-8.286667E-5	-2.593333E-5	6.821437E+2	3.305007E+1
-3.330007E+1	-9.440000E-5	-5.200000E-6	6.838115E+2	3.330007E+1
-3.355007E+1	-7.613334E-5	-2.006667E-5	6.854794E+2	3.355007E+1
-3.380007E+1	-8.186667E-5	3.133333E-6	6.871472E+2	3.380007E+1
-3.405007E+1	-8.313333E-5	1.080000E-5	6.888151E+2	3.405007E+1
-3.430007E+1	-1.046667E-4	-2.180000E-5	6.904828E+2	3.430007E+1
-3.455007E+1	-5.466667E-5	-8.666667E-6	6.921507E+2	3.455007E+1
-3.480007E+1	-7.906667E-5	2.353333E-5	6.938185E+2	3.480007E+1
-3.505007E+1	-9.273333E-5	2.706667E-5	6.954864E+2	3.505007E+1
-3.530007E+1	-1.024667E-4	5.000000E-6	6.971542E+2	3.530007E+1
-3.555007E+1	-1.052000E-4	-1.020000E-5	6.988220E+2	3.555007E+1
-3.580007E+1	-1.101333E-4	1.786667E-5	7.004899E+2	3.580007E+1
-3.605007E+1	-6.513333E-5	-2.740000E-5	7.021577E+2	3.605007E+1
-3.630007E+1	-8.966667E-5	8.666667E-7	7.038256E+2	3.630007E+1
-3.655007E+1	-7.040000E-5	-8.666667E-6	7.054933E+2	3.655007E+1
-3.680007E+1	-1.016667E-4	5.866666E-6	7.071612E+2	3.680007E+1
-3.705007E+1	-7.306667E-5	1.706667E-5	7.088290E+2	3.705007E+1
-3.730007E+1	-1.028667E-4	-1.080000E-5	7.104969E+2	3.730007E+1
-3.755007E+1	-9.633334E-5	-2.200000E-6	7.121647E+2	3.755007E+1
-3.780007E+1	-1.075333E-4	-1.266667E-6	7.138325E+2	3.780007E+1
-3.805007E+1	-9.973333E-5	-1.486667E-5	7.155004E+2	3.805007E+1
-3.830007E+1	-9.293333E-5	3.866667E-6	7.171682E+2	3.830007E+1
-3.855007E+1	-8.013333E-5	4.133333E-5	7.188361E+2	3.855007E+1
-3.880007E+1	-1.022000E-4	5.333333E-7	7.205038E+2	3.880007E+1
-3.905007E+1	-6.846667E-5	-1.500000E-5	7.221717E+2	3.905007E+1
-3.930007E+1	-9.153334E-5	-1.273333E-5	7.238395E+2	3.930007E+1
-3.955007E+1	-8.366667E-5	-2.393333E-5	7.255074E+2	3.955007E+1
-3.980007E+1	-9.780000E-5	7.800000E-6	7.271752E+2	3.980007E+1
-4.005007E+1	-1.076000E-4	-1.740000E-5	7.288430E+2	4.005007E+1
-4.030007E+1	-8.800000E-5	1.460000E-5	7.305109E+2	4.030007E+1
-4.055007E+1	-6.433333E-5	4.460000E-5	7.321787E+2	4.055007E+1
-4.080007E+1	-9.326667E-5	2.113333E-5	7.338466E+2	4.080007E+1
-4.105007E+1	-1.108667E-4	1.260000E-5	7.355143E+2	4.105007E+1
-4.130007E+1	-7.620000E-5	2.600000E-5	7.371822E+2	4.130007E+1
-4.155007E+1	-1.025333E-4	-1.506667E-5	7.388500E+2	4.155007E+1
-4.180007E+1	-8.960000E-5	1.173333E-5	7.405179E+2	4.180007E+1
-4.205007E+1	-5.760000E-5	-6.600000E-6	7.421857E+2	4.205007E+1
-4.230007E+1	-9.126667E-5	-9.600000E-6	7.438535E+2	4.230007E+1
-4.255007E+1	-8.346666E-5	-1.346667E-5	7.455214E+2	4.255007E+1
-4.280007E+1	-7.720000E-5	-5.000000E-6	7.471892E+2	4.280007E+1
-4.305007E+1	-1.009333E-4	-2.813333E-5	7.488571E+2	4.305007E+1
-4.330007E+1	-1.174000E-4	-1.200000E-5	7.505248E+2	4.330007E+1
-4.355007E+1	-8.073333E-5	-3.446667E-5	7.521927E+2	4.355007E+1
-4.380007E+1	-1.008000E-4	1.733333E-5	7.538605E+2	4.380007E+1
-4.405007E+1	-9.386666E-5	8.666667E-6	7.555284E+2	4.405007E+1
-4.430007E+1	-6.933333E-5	-2.586667E-5	7.571962E+2	4.430007E+1
-4.455007E+1	-5.720000E-5	-8.133334E-6	7.588640E+2	4.455007E+1
-4.480007E+1	-8.560000E-5	1.206667E-5	7.605319E+2	4.480007E+1
-4.505007E+1	-9.666667E-5	-1.300000E-5	7.621997E+2	4.505007E+1
-4.530007E+1	-8.940000E-5	-2.946667E-5	7.638676E+2	4.530007E+1
-4.555007E+1	-9.640000E-5	-1.826667E-5	7.655353E+2	4.555007E+1
-4.580007E+1	-7.306667E-5	-2.466667E-6	7.672032E+2	4.580007E+1
-4.605007E+1	-1.047333E-4	-4.666667E-6	7.688710E+2	4.605007E+1
-4.630007E+1	-5.973333E-5	-2.320000E-5	7.705389E+2	4.630007E+1
-4.655007E+1	-7.673333E-5	2.466667E-5	7.722067E+2	4.655007E+1
-4.680007E+1	-9.593333E-5	-9.333334E-6	7.738745E+2	4.680007E+1
-4.705007E+1	-1.040667E-4	-4.180000E-5	7.755424E+2	4.705007E+1
-4.730007E+1	-7.793333E-5	-1.420000E-5	7.772102E+2	4.730007E+1
-4.755007E+1	-9.986667E-5	-1.126667E-5	7.788781E+2	4.755007E+1
-4.780007E+1	-7.966666E-5	1.453333E-5	7.805458E+2	4.780007E+1
-4.805007E+1	-9.006666E-5	2.666667E-7	7.822137E+2	4.805007E+1
-4.830007E+1	-7.473333E-5	-1.840000E-5	7.838815E+2	4.830007E+1
-4.855007E+1	-1.058667E-4	-4.133333E-6	7.855494E+2	4.855007E+1
-4.880007E+1	-9.400000E-5	-4.200000E-6	7.872172E+2	4.880007E+1
-4.905007E+1	-8.040000E-5	-3.266667E-6	7.888850E+2	4.905007E+1
-4.930007E+1	-9.780000E-5	-4.200000E-6	7.905529E+2	4.930007E+1
-4.955007E+1	-1.108667E-4	-8.333333E-6	7.922207E+2	4.955007E+1
-4.980007E+1	-1.030000E-4	-2.493333E-5	7.938885E+2	4.980007E+1
-5.005007E+1	-1.097333E-4	-4.133333E-6	7.955563E+2	5.005007E+1
-5.030007E+1	-7.213333E-5	-3.080000E-5	7.972242E+2	5.030007E+1
-5.055007E+1	-8.506667E-5	-1.306667E-5	7.988920E+2	5.055007E+1
-5.080007E+1	-7.893334E-5	1.433333E-5	8.005599E+2	5.080007E+1
-5.105007E+1	-7.886667E-5	-1.060000E-5	8.022277E+2	5.105007E+1
-5.130007E+1	-1.008667E-4	1.240000E-5	8.038955E+2	5.130007E+1
-5.155007E+1	-1.026667E-4	-2.186667E-5	8.055634E+2	5.155007E+1
-5.180007E+1	-9.633334E-5	-1.026667E-5	8.072312E+2	5.180007E+1
-5.205007E+1	-7.893334E-5	-8.133334E-6	8.088990E+2	5.205007E+1
-5.230007E+1	-1.064667E-4	-2.513333E-5	8.105668E+2	5.230007E+1
-5.255007E+1	-9.906667E-5	-6.000000E-6	8.122347E+2	5.255007E+1
-5.280007E+1	-8.626666E-5	-2.866667E-6	8.139025E+2	5.280007E+1
-5.305007E+1	-9.606667E-5	-2.100000E-5	8.155704E+2	5.305007E+1
-5.330007E+1	-1.056000E-4	-2.446667E-5	8.172382E+2	5.330007E+1
-5.355007E+1	-1.034000E-4	8.000000E-7	8.189060E+2	5.355007E+1
-5.380007E+1	-1.718667E-4	4.200000E-6	8.205739E+2	5.380007E+1
-5.405007E+1	-7.380000E-5	-4.466667E-6	8.222417E+2	5.405007E+1
-5.430007E+1	-8.366667E-5	1.400000E-6	8.239095E+2	5.430007E+1
-5.455007E+1	-7.906667E-5	-1.220000E-5	8.255773E+2	5.455007E+1
-5.480007E+1	-6.140000E-5	2.200000E-6	8.272452E+2	5.480007E+1
-5.505007E+1	-8.453333E-5	-8.533333E-6	8.289130E+2	5.505007E+1
-5.530007E+1	-7.913334E-5	-9.866667E-6	8.305809E+2	5.530007E+1
-5.555007E+1	-9.373333E-5	-6.666667E-6	8.322487E+2	5.555007E+1
-5.580007E+1	-1.362000E-4	1.200000E-6	8.339165E+2	5.580007E+1
-5.605007E+1	-9.933333E-5	2.733333E-6	8.355844E+2	5.605007E+1
-5.630007E+1	-7.680000E-5	8.666667E-6	8.372522E+2	5.630007E+1
-5.655007E+1	-8.346666E-5	-7.533333E-6	8.389200E+2	5.655007E+1
-5.680007E+1	-1.037333E-4	-1.993333E-5	8.405878E+2	5.680007E+1
-5.705007E+1	-1.147333E-4	-7.266667E-6	8.422557E+2	5.705007E+1
-5.730007E+1	-9.906667E-5	5.800000E-6	8.439235E+2	5.730007E+1
-5.755007E+1	-9.186667E-5	-5.133333E-6	8.455914E+2	5.755007E+1
-5.780007E+1	-1.022000E-4	2.726667E-5	8.472592E+2	5.780007E+1
-5.805007E+1	-6.086667E-5	6.666667E-8	8.489270E+2	5.805007E+1
-5.830007E+1	-1.027333E-4	-2.286667E-5	8.505948E+2	5.830007E+1
-5.855007E+1	-1.170667E-4	-4.733333E-6	8.522627E+2	5.855007E+1
-5.880007E+1	-9.280000E-5	-2.213333E-5	8.539305E+2	5.880007E+1
-5.905007E+1	-7.166667E-5	2.666667E-6	8.555983E+2	5.905007E+1
-5.930007E+1	-9.006666E-5	-4.800000E-6	8.572662E+2	5.930007E+1
-5.955007E+1	-1.118000E-4	-8.800000E-6	8.589340E+2	5.955007E+1
-5.980007E+1	-7.900000E-5	-9.000000E-6	8.606019E+2	5.980007E+1
-6.005007E+1	-8.880000E-5	-1.500000E-5	8.622697E+2	6.005007E+1
-6.030007E+1	-8.706667E-5	-1.780000E-5	8.639375E+2	6.030007E+1
-6.055007E+1	-9.606667E-5	-2.446667E-5	8.656053E+2	6.055007E+1
-6.080007E+1	-9.026667E-5	-4.933333E-6	8.672732E+2	6.080007E+1
-6.105007E+1	-9.646667E-5	-2.666667E-7	8.689410E+2	6.105007E+1
-6.130007E+1	-9.413333E-5	-1.360000E-5	8.706088E+2	6.130007E+1
-6.155007E+1	-1.084000E-4	-1.433333E-5	8.722767E+2	6.155007E+1
-6.180007E+1	-8.280000E-5	-3.120000E-5	8.739445E+2	6.180007E+1
-6.205007E+1	-1.015333E-4	-6.000000E-7	8.756124E+2	6.205007E+1
-6.230007E+1	-8.026667E-5	-2.360000E-5	8.772802E+2	6.230007E+1
-6.255007E+1	-1.106667E-4	-4.200000E-6	8.789480E+2	6.255007E+1
-6.280007E+1	-7.266667E-5	2.326667E-5	8.806158E+2	6.280007E+1
-6.305007E+1	-1.014667E-4	2.000000E-6	8.822837E+2	6.305007E+1
-6.330007E+1	-9.500000E-5	-1.600000E-5	8.839515E+2	6.330007E+1
-6.355007E+1	-6.560000E-5	3.200000E-6	8.856193E+2	6.355007E+1
-6.380007E+1	-8.966667E-5	8.666667E-7	8.872872E+2	6.380007E+1
-6.405007E+1	-8.646667E-5	-4.800000E-6	8.889550E+2	6.405007E+1
-6.430007E+1	-8.493333E-5	7.600000E-6	8.906229E+2	6.430007E+1
-6.455007E+1	-6.826667E-5	-1.940000E-5	8.922906E+2	6.455007E+1
-6.480007E+1	-9.520000E-5	4.733333E-6	8.939585E+2	6.480007E+1
-6.505007E+1	-6.880000E-5	-9.333334E-7	8.956263E+2	6.505007E+1
-6.530007E+1	-6.606667E-5	-7.533333E-6	8.972942E+2	6.530007E+1
-6.555007E+1	-8.453333E-5	1.733333E-6	8.989620E+2	6.555007E+1
-6.580007E+1	-9.846667E-5	-4.466667E-6	9.006298E+2	6.580007E+1
-6.605007E+1	-8.900000E-5	3.133333E-6	9.022977E+2	6.605007E+1
-6.630007E+1	-1.035333E-4	-8.200000E-6	9.039655E+2	6.630007E+1
-6.655007E+1	-7.693333E-5	-1.000000E-6	9.056334E+2	6.655007E+1
-6.680007E+1	-8.893333E-5	-9.600000E-6	9.073011E+2	6.680007E+1
-6.705007E+1	-9.700000E-5	1.113333E-5	9.089690E+2	6.705007E+1
-6.730007E+1	-6.106667E-5	-1.760000E-5	9.106368E+2	6.730007E+1
-6.755007E+1	-1.085333E-4	1.853333E-5	9.123047E+2	6.755007E+1
-6.780007E+1	-9.426667E-5	-2.433333E-5	9.139725E+2	6.780007E+1
-6.805007E+1	-6.953334E-5	2.533333E-5	9.156403E+2	6.805007E+1
-6.830007E+1	-7.520000E-5	-2.580000E-5	9.173082E+2	6.830007E+1
-6.855007E+1	-7.920000E-5	6.600000E-6	9.189760E+2	6.855007E+1
-6.880007E+1	-9.346667E-5	-1.073333E-5	9.206439E+2	6.880007E+1
-6.905007E+1	-6.553334E-5	-1.420000E-5	9.223116E+2	6.905007E+1
-6.930007E+1	-9.573333E-5	3.486667E-5	9.239795E+2	6.930007E+1
-6.955007E+1	-7.826667E-5	6.133333E-6	9.256473E+2	6.955007E+1
-6.980007E+1	-8.013333E-5	2.600000E-6	9.273152E+2	6.980007E+1
-7.005007E+1	-1.065333E-4	1.386667E-5	9.289830E+2	7.005007E+1
-7.030007E+1	-5.140000E-5	4.266667E-6	9.306508E+2	7.030007E+1
-7.055007E+1	-7.733333E-5	-1.333333E-6	9.323187E+2	7.055007E+1
-7.080007E+1	-7.373333E-5	1.160000E-5	9.339865E+2	7.080007E+1
-7.105007E+1	-7.853333E-5	-5.533333E-6	9.356544E+2	7.105007E+1
-7.130007E+1	-1.144000E-4	-6.666667E-7	9.373221E+2	7.130007E+1
-7.155007E+1	-7.266667E-5	-4.066667E-6	9.389900E+2	7.155007E+1
-7.180007E+1	-1.076667E-4	6.533333E-6	9.406578E+2	7.180007E+1
-7.205007E+1	-9.673333E-5	-1.066667E-5	9.423257E+2	7.205007E+1
-7.230007E+1	-8.673334E-5	-4.400000E-6	9.439935E+2	7.230007E+1
-7.255007E+1	-9.613334E-5	-4.866666E-5	9.456613E+2	7.255007E+1
-7.280007E+1	-6.366667E-5	-5.133333E-6	9.473292E+2	7.280007E+1
-7.305007E+1	-8.766667E-5	4.000000E-6	9.489970E+2	7.305007E+1
-7.330007E+1	-7.593333E-5	-1.140000E-5	9.506649E+2	7.330007E+1
-7.355007E+1	-9.760000E-5	-1.000000E-6	9.523326E+2	7.355007E+1
-7.380007E+1	-8.886667E-5	-9.133333E-6	9.540005E+2	7.380007E+1
-7.405007E+1	-9.813334E-5	7.000000E-6	9.556683E+2	7.405007E+1
-7.430007E+1	-8.513333E-5	2.733333E-5	9.573362E+2	7.430007E+1
-7.455007E+1	-7.253333E-5	-1.300000E-5	9.590040E+2	7.455007E+1
-7.480007E+1	-9.100000E-5	3.666667E-6	9.606718E+2	7.480007E+1
-7.505007E+1	-9.320000E-5	1.866667E-6	9.623397E+2	7.505007E+1
-7.530007E+1	-6.533333E-5	-2.220000E-5	9.640075E+2	7.530007E+1
-7.555007E+1	-1.205333E-4	2.066667E-5	9.656754E+2	7.555007E+1
-7.580007E+1	-9.000000E-5	5.200000E-6	9.673431E+2	7.580007E+1
-7.605007E+1	-9.733333E-5	1.753333E-5	9.690110E+2	7.605007E+1
-7.630007E+1	-6.986667E-5	1.620000E-5	9.706788E+2	7.630007E+1
-7.655007E+1	-7.106666E-5	-8.800000E-6	9.723467E+2	7.655007E+1
-7.680007E+1	-7.480000E-5	-2.346667E-5	9.740145E+2	7.680007E+1
-7.705007E+1	-9.300000E-5	2.533333E-6	9.756823E+2	7.705007E+1
-7.730007E+1	-9.766666E-5	3.193333E-5	9.773502E+2	7.730007E+1
-7.755007E+1	-1.242000E-4	2.733333E-6	9.790180E+2	7.755007E+1
-7.780007E+1	-1.011333E-4	-8.466666E-6	9.806859E+2	7.780007E+1
-7.805007E+1	-9.613334E-5	-2.246667E-5	9.823536E+2	7.805007E+1
-7.830007E+1	-9.406667E-5	-3.680000E-5	9.840215E+2	7.830007E+1
-7.855007E+1	-1.060000E-4	4.266667E-5	9.856893E+2	7.855007E+1
-7.880007E+1	-9.120000E-5	-1.366667E-5	9.873572E+2	7.880007E+1
-7.905007E+1	-7.033334E-5	1.200000E-5	9.890250E+2	7.905007E+1
-7.930007E+1	-7.506667E-5	-7.866666E-6	9.906928E+2	7.930007E+1
-7.955007E+1	-5.286667E-5	-1.286667E-5	9.923607E+2	7.955007E+1
-7.980007E+1	-8.106667E-5	-2.286667E-5	9.940285E+2	7.980007E+1
-8.005007E+1	-7.320000E-5	1.380000E-5	9.956964E+2	8.005007E+1
-8.030007E+1	-7.946667E-5	1.080000E-5	9.973641E+2	8.030007E+1
-8.055007E+1	-5.533333E-5	-2.453333E-5	9.990320E+2	8.055007E+1
-8.080007E+1	-1.055333E-4	-1.273333E-5	1.000700E+3	8.080007E+1
-8.105007E+1	-7.273333E-5	-6.533333E-6	1.002368E+3	8.105007E+1
-8.130007E+1	-9.160000E-5	-3.066667E-5	1.004035E+3	8.130007E+1
-8.155007E+1	-1.007333E-4	-1.580000E-5	1.005703E+3	8.155007E+1
-8.180007E+1	-9.106666E-5	-7.466667E-6	1.007371E+3	8.180007E+1
-8.205007E+1	-6.506667E-5	1.693333E-5	1.009039E+3	8.205007E+1
-8.230007E+1	-1.107333E-4	-3.200000E-5	1.010707E+3	8.230007E+1
-8.255007E+1	-7.646667E-5	-2.133333E-6	1.012375E+3	8.255007E+1
-8.280007E+1	-9.566667E-5	1.166667E-5	1.014042E+3	8.280007E+1
-8.305007E+1	-6.600000E-5	2.573333E-5	1.015710E+3	8.305007E+1
-8.330007E+1	-9.173333E-5	1.933333E-6	1.017378E+3	8.330007E+1
-8.355007E+1	-8.473334E-5	-1.773333E-5	1.019046E+3	8.355007E+1
-8.380007E+1	-1.006667E-4	8.333333E-6	1.020714E+3	8.380007E+1
-8.405007E+1	-8.733333E-5	3.200000E-6	1.022382E+3	8.405007E+1
-8.430007E+1	-9.786666E-5	-3.733333E-6	1.024049E+3	8.430007E+1
-8.455007E+1	-8.200000E-5	1.866667E-6	1.025717E+3	8.455007E+1
-8.480007E+1	-6.140000E-5	4.733333E-6	1.027385E+3	8.480007E+1
-8.505007E+1	-7.246667E-5	1.600000E-5	1.029053E+3	8.505007E+1
-8.530007E+1	-1.105333E-4	-1.880000E-5	1.030721E+3	8.530007E+1
-8.555007E+1	-1.065333E-4	-7.266667E-6	1.032389E+3	8.555007E+1
-8.580007E+1	-9.926667E-5	-1.040000E-5	1.034057E+3	8.580007E+1
-8.605007E+1	-7.153333E-5	-1.180000E-5	1.035724E+3	8.605007E+1
-8.630007E+1	-5.953333E-5	-3.086667E-5	1.037392E+3	8.630007E+1
-8.655007E+1	-9.253333E-5	-1.400000E-6	1.039060E+3	8.655007E+1
-8.680007E+1	-9.713334E-5	-9.533333E-6	1.040728E+3	8.680007E+1
-8.705007E+1	-9.213333E-5	-4.133333E-6	1.042396E+3	8.705007E+1
-8.730007E+1	-9.926667E-5	-2.533333E-6	1.044063E+3	8.730007E+1
-8.755007E+1	-8.640000E-5	-8.133334E-6	1.045731E+3	8.755007E+1
-8.780007E+1	-8.140000E-5	8.600000E-6	1.047399E+3	8.780007E+1
-8.805007E+1	-7.073333E-5	2.400000E-6	1.049067E+3	8.805007E+1
-8.830007E+1	-6.233333E-5	1.673333E-5	1.050735E+3	8.830007E+1
-8.855007E+1	-6.713333E-5	-1.666667E-6	1.052403E+3	8.855007E+1
-8.880007E+1	-9.713334E-5	-9.000000E-6	1.054070E+3	8.880007E+1
-8.905007E+1	-9.246667E-5	-2.906667E-5	1.055738E+3	8.905007E+1
-8.930007E+1	-7.140000E-5	9.000000E-6	1.057406E+3	8.930007E+1
-8.955007E+1	-8.440000E-5	-5.000000E-6	1.059074E+3	8.955007E+1
-8.980007E+1	-9.026667E-5	-3.506667E-5	1.060742E+3	8.980007E+1
-9.005007E+1	-6.706666E-5	-5.933333E-6	1.062410E+3	9.005007E+1
-9.030007E+1	-8.686667E-5	-4.000000E-6	1.064078E+3	9.030007E+1
-9.055007E+1	-7.960000E-5	-6.000000E-6	1.065745E+3	9.055007E+1
-9.080007E+1	-7.086667E-5	-1.140000E-5	1.067413E+3	9.080007E+1
-9.105007E+1	-3.913333E-5	-8.466666E-6	1.069081E+3	9.105007E+1
-9.130007E+1	-1.018000E-4	-1.393333E-5	1.070749E+3	9.130007E+1
-9.155007E+1	-8.746667E-5	8.400000E-6	1.072417E+3	9.155007E+1
-9.180007E+1	-8.000000E-5	-2.013333E-5	1.074084E+3	9.180007E+1
-9.205007E+1	-1.164667E-4	-4.000000E-6	1.075752E+3	9.205007E+1
-9.230007E+1	-1.018667E-4	-3.800000E-6	1.077420E+3	9.230007E+1
-9.255007E+1	-8.133333E-5	2.866667E-6	1.079088E+3	9.255007E+1
-9.280007E+1	-9.413333E-5	-1.246667E-5	1.080756E+3	9.280007E+1
-9.305007E+1	-9.740000E-5	-2.400000E-6	1.082424E+3	9.305007E+1
-9.330007E+1	-8.420000E-5	-3.193333E-5	1.084091E+3	9.330007E+1
-9.355007E+1	-7.500000E-5	1.213333E-5	1.085759E+3	9.355007E+1
-9.380007E+1	-8.046666E-5	-1.186667E-5	1.087427E+3	9.380007E+1
-9.405007E+1	-9.826667E-5	2.213333E-5	1.089095E+3	9.405007E+1
-9.430007E+1	-7.766666E-5	3.933333E-6	1.090763E+3	9.430007E+1
-9.455007E+1	-7.580000E-5	7.066667E-6	1.092431E+3	9.455007E+1
-9.480007E+1	-1.307333E-4	-2.326667E-5	1.094099E+3	9.480007E+1
-9.505007E+1	-7.360000E-5	-1.600000E-6	1.095766E+3	9.505007E+1
-9.530007E+1	-9.280000E-5	-1.320000E-5	1.097434E+3	9.530007E+1
-9.555007E+1	-8.933333E-5	-6.600000E-6	1.099102E+3	9.555007E+1
-9.580007E+1	-8.860000E-5	-1.786667E-5	1.100770E+3	9.580007E+1
-9.605007E+1	-1.054000E-4	2.533333E-6	1.102438E+3	9.605007E+1
-9.630007E+1	-6.500000E-5	-5.666667E-6	1.104105E+3	9.630007E+1
-9.655007E+1	-8.573334E-5	-2.166667E-5	1.105773E+3	9.655007E+1
-9.680007E+1	-1.101333E-4	-1.160000E-5	1.107441E+3	9.680007E+1
-9.705007E+1	-9.793333E-5	-1.053333E-5	1.109109E+3	9.705007E+1
-9.730007E+1	-7.233334E-5	5.866666E-6	1.110777E+3	9.730007E+1
-9.755007E+1	-8.313333E-5	2.673333E-5	1.112445E+3	9.755007E+1
-9.780007E+1	-1.018000E-4	-1.300000E-5	1.114112E+3	9.780007E+1
-9.805007E+1	-9.040000E-5	1.066667E-6	1.115780E+3	9.805007E+1
-9.830007E+1	-8.320000E-5	2.366667E-5	1.117448E+3	9.830007E+1
-9.855007E+1	-8.560000E-5	8.733334E-6	1.119116E+3	9.855007E+1
-9.880007E+1	-6.986667E-5	1.180000E-5	1.120784E+3	9.880007E+1
-9.905007E+1	-1.184667E-4	-9.266667E-6	1.122452E+3	9.905007E+1
-9.930007E+1	-7.860000E-5	2.613333E-5	1.124120E+3	9.930007E+1
-9.955007E+1	-9.620000E-5	2.013333E-5	1.125787E+3	9.955007E+1
-9.980007E+1	-5.793333E-5	8.400000E-6	1.127455E+3	9.980007E+1
-1.000501E+2	-7.980000E-5	2.700000E-5	1.129123E+3	1.000501E+2
-1.003001E+2	-7.286666E-5	-8.066667E-6	1.130791E+3	1.003001E+2
-1.005501E+2	-8.413333E-5	-1.553333E-5	1.132459E+3	1.005501E+2
-1.008001E+2	-9.153334E-5	-7.133333E-6	1.134126E+3	1.008001E+2
-1.010501E+2	-8.313333E-5	-1.073333E-5	1.135794E+3	1.010501E+2
-1.013001E+2	-9.260000E-5	-1.713333E-5	1.137462E+3	1.013001E+2
-1.015501E+2	-8.786667E-5	-2.046667E-5	1.139130E+3	1.015501E+2
-1.018001E+2	-7.853333E-5	-9.866667E-6	1.140798E+3	1.018001E+2
-1.020501E+2	-7.653333E-5	5.133333E-6	1.142466E+3	1.020501E+2
-1.023001E+2	-1.070667E-4	-8.800000E-6	1.144133E+3	1.023001E+2
-1.025501E+2	-8.880000E-5	4.600000E-6	1.145801E+3	1.025501E+2
-1.028001E+2	-9.140000E-5	2.133333E-6	1.147469E+3	1.028001E+2
-1.030501E+2	-9.966666E-5	2.233333E-5	1.149137E+3	1.030501E+2
-1.033001E+2	-7.226667E-5	8.000000E-7	1.150805E+3	1.033001E+2
-1.035501E+2	-9.346667E-5	1.973333E-5	1.152473E+3	1.035501E+2
-1.038001E+2	-6.880000E-5	1.186667E-5	1.154141E+3	1.038001E+2
-1.040501E+2	-7.200000E-5	2.293333E-5	1.155808E+3	1.040501E+2
-1.043001E+2	-7.560000E-5	-9.533333E-6	1.157476E+3	1.043001E+2
-1.045501E+2	-6.806666E-5	1.013333E-5	1.159144E+3	1.045501E+2
-1.048001E+2	-1.131333E-4	-1.240000E-5	1.160812E+3	1.048001E+2
-1.050501E+2	-9.580000E-5	-3.200000E-6	1.162480E+3	1.050501E+2
-1.053001E+2	-1.194667E-4	6.000000E-6	1.164147E+3	1.053001E+2
-1.055501E+2	-9.686666E-5	3.073333E-5	1.165815E+3	1.055501E+2
-1.058001E+2	-5.426667E-5	-2.733333E-5	1.167483E+3	1.058001E+2
-1.060501E+2	-9.420000E-5	1.533333E-6	1.169151E+3	1.060501E+2
-1.063001E+2	-8.840000E-5	-2.073333E-5	1.170819E+3	1.063001E+2
-1.065501E+2	-9.840000E-5	-8.000000E-7	1.172487E+3	1.065501E+2
-1.068001E+2	-5.960000E-5	-3.000000E-6	1.174154E+3	1.068001E+2
-1.070501E+2	-6.660000E-5	-6.666667E-7	1.175822E+3	1.070501E+2
-1.073001E+2	-7.540000E-5	-3.866667E-6	1.177490E+3	1.073001E+2
-1.075501E+2	-1.085333E-4	-1.360000E-5	1.179158E+3	1.075501E+2
-1.078001E+2	-8.173333E-5	-1.480000E-5	1.180826E+3	1.078001E+2
-1.080501E+2	-1.478667E-4	2.000000E-6	1.182494E+3	1.080501E+2
-1.083001E+2	-1.036667E-4	-2.240000E-5	1.184161E+3	1.083001E+2
-1.085501E+2	-6.453333E-5	-1.006667E-5	1.185829E+3	1.085501E+2
-1.088001E+2	-6.220000E-5	-2.940000E-5	1.187497E+3	1.088001E+2
-1.090501E+2	-1.003333E-4	-1.973333E-5	1.189165E+3	1.090501E+2
-1.093001E+2	-6.993333E-5	-3.240000E-5	1.190833E+3	1.093001E+2
-1.095501E+2	-8.473334E-5	-1.793333E-5	1.192501E+3	1.095501E+2
-1.098001E+2	-8.733333E-5	1.866667E-5	1.194168E+3	1.098001E+2
-1.100501E+2	-7.273333E-5	3.333333E-6	1.195836E+3	1.100501E+2
-1.103001E+2	-9.533334E-5	-1.960000E-5	1.197504E+3	1.103001E+2
-1.105501E+2	-9.920000E-5	1.333333E-6	1.199172E+3	1.105501E+2
-1.108001E+2	-1.311333E-4	1.466667E-5	1.200840E+3	1.108001E+2
-1.110501E+2	-9.433334E-5	5.933333E-6	1.202508E+3	1.110501E+2
-1.113001E+2	-8.586667E-5	-2.700000E-5	1.204175E+3	1.113001E+2
-1.115501E+2	-9.366667E-5	6.400000E-6	1.205843E+3	1.115501E+2
-1.118001E+2	-1.062000E-4	-9.466667E-6	1.207511E+3	1.118001E+2
-1.120501E+2	-1.106667E-4	4.666667E-7	1.209179E+3	1.120501E+2
-1.123001E+2	-9.153334E-5	-1.466667E-6	1.210847E+3	1.123001E+2
-1.125501E+2	-7.540000E-5	-1.993333E-5	1.212515E+3	1.125501E+2
-1.128001E+2	-9.660000E-5	1.000000E-6	1.214182E+3	1.128001E+2
-1.130501E+2	-9.246667E-5	3.666667E-6	1.215850E+3	1.130501E+2
-1.133001E+2	-8.266667E-5	-1.953333E-5	1.217518E+3	1.133001E+2
-1.135501E+2	-1.020000E-4	8.733334E-6	1.219186E+3	1.135501E+2
-1.138001E+2	-7.186666E-5	6.733334E-6	1.220854E+3	1.138001E+2
-1.140501E+2	-7.280000E-5	-2.140000E-5	1.222522E+3	1.140501E+2
-1.143001E+2	-7.720000E-5	2.200000E-6	1.224189E+3	1.143001E+2
-1.145501E+2	-8.653333E-5	1.466667E-6	1.225857E+3	1.145501E+2
-1.148001E+2	-1.086667E-4	-3.866667E-6	1.227525E+3	1.148001E+2
-1.150501E+2	-1.028667E-4	-3.080000E-5	1.229193E+3	1.150501E+2
-1.153001E+2	-1.116667E-4	6.533333E-6	1.230861E+3	1.153001E+2
-1.155501E+2	-9.460000E-5	-3.740000E-5	1.232529E+3	1.155501E+2
-1.158001E+2	-1.094667E-4	1.746667E-5	1.234196E+3	1.158001E+2
-1.160501E+2	-6.573334E-5	-1.373333E-5	1.235864E+3	1.160501E+2
-1.163001E+2	-9.726667E-5	5.333333E-7	1.237532E+3	1.163001E+2
-1.165501E+2	-9.333334E-5	-1.786667E-5	1.239200E+3	1.165501E+2
-1.168001E+2	-8.080000E-5	-4.000000E-7	1.240868E+3	1.168001E+2
-1.170501E+2	-8.706667E-5	-7.600000E-6	1.242536E+3	1.170501E+2
-1.173001E+2	-1.011333E-4	-1.960000E-5	1.244203E+3	1.173001E+2
-1.175501E+2	-7.660000E-5	2.100000E-5	1.245871E+3	1.175501E+2
-1.178001E+2	-6.313333E-5	9.933334E-6	1.247539E+3	1.178001E+2
-1.180501E+2	-8.526666E-5	5.533333E-6	1.249207E+3	1.180501E+2
-1.183001E+2	-8.560000E-5	-6.800000E-6	1.250875E+3	1.183001E+2
-1.185501E+2	-7.300000E-5	7.200000E-6	1.252543E+3	1.185501E+2
-1.188001E+2	-8.786667E-5	1.493333E-5	1.254210E+3	1.188001E+2
-1.190501E+2	-1.134667E-4	-5.266666E-6	1.255878E+3	1.190501E+2
-1.193001E+2	-4.740000E-5	-1.086667E-5	1.257546E+3	1.193001E+2
-1.195501E+2	-5.953333E-5	-2.306667E-5	1.259214E+3	1.195501E+2
-1.198001E+2	-1.028667E-4	-1.086667E-5	1.260882E+3	1.198001E+2
-1.200501E+2	-8.846667E-5	2.206667E-5	1.262550E+3	1.200501E+2
-1.203001E+2	-8.426666E-5	-6.200000E-6	1.264217E+3	1.203001E+2
-1.205501E+2	-8.553333E-5	-2.786667E-5	1.265885E+3	1.205501E+2
-1.208001E+2	-8.593333E-5	-1.666667E-6	1.267553E+3	1.208001E+2
-1.210501E+2	-8.213333E-5	1.160000E-5	1.269221E+3	1.210501E+2
-1.213001E+2	-8.273334E-5	-1.426667E-5	1.270889E+3	1.213001E+2
-1.215501E+2	-8.980000E-5	3.133333E-6	1.272557E+3	1.215501E+2
-1.218001E+2	-6.340000E-5	-2.233333E-5	1.274224E+3	1.218001E+2
-1.220501E+2	-8.286667E-5	-8.733334E-6	1.275892E+3	1.220501E+2
-1.223001E+2	-8.393333E-5	-1.400000E-6	1.277560E+3	1.223001E+2
-1.225501E+2	-9.393333E-5	-1.646667E-5	1.279228E+3	1.225501E+2
-1.228001E+2	-8.033333E-5	2.946667E-5	1.280896E+3	1.228001E+2
-1.230501E+2	-1.008000E-4	-2.266667E-6	1.282564E+3	1.230501E+2
-1.233001E+2	-7.846667E-5	-1.160000E-5	1.284231E+3	1.233001E+2
-1.235501E+2	-8.793333E-5	1.920000E-5	1.285899E+3	1.235501E+2
-1.238001E+2	-1.099333E-4	-2.186667E-5	1.287567E+3	1.238001E+2
-1.240501E+2	-9.106666E-5	4.000000E-6	1.289235E+3	1.240501E+2
-1.243001E+2	-1.099333E-4	-3.473333E-5	1.290903E+3	1.243001E+2
-1.245501E+2	-7.313333E-5	-6.866667E-6	1.292571E+3	1.245501E+2
-1.248001E+2	-8.680000E-5	2.046667E-5	1.294238E+3	1.248001E+2
-1.250501E+2	-7.573333E-5	-2.406667E-5	1.295906E+3	1.250501E+2
-1.253001E+2	-8.846667E-5	4.133333E-6	1.297574E+3	1.253001E+2
-1.255501E+2	-8.966667E-5	-2.753333E-5	1.299242E+3	1.255501E+2
-1.258001E+2	-7.980000E-5	2.093333E-5	1.300910E+3	1.258001E+2
-1.260501E+2	-7.893334E-5	-2.973333E-5	1.302578E+3	1.260501E+2
-1.263001E+2	-1.298667E-4	3.180000E-5	1.304245E+3	1.263001E+2
-1.265501E+2	-1.082000E-4	3.666667E-6	1.305913E+3	1.265501E+2
-1.268001E+2	-8.213333E-5	-1.533333E-5	1.307581E+3	1.268001E+2
-1.270501E+2	-8.886667E-5	2.533333E-6	1.309249E+3	1.270501E+2
-1.273001E+2	-7.446667E-5	-2.833333E-5	1.310917E+3	1.273001E+2
-1.275501E+2	-5.966667E-5	-5.000000E-6	1.312585E+3	1.275501E+2
-1.278001E+2	-7.060000E-5	-8.866667E-6	1.314252E+3	1.278001E+2
-1.280501E+2	-6.193334E-5	-1.126667E-5	1.315920E+3	1.280501E+2
-1.283001E+2	-7.706667E-5	-2.353333E-5	1.317588E+3	1.283001E+2
-1.285501E+2	-9.673333E-5	-1.160000E-5	1.319256E+3	1.285501E+2
-1.288001E+2	-1.042667E-4	-1.186667E-5	1.320924E+3	1.288001E+2
-1.290501E+2	-7.900000E-5	3.600000E-6	1.322592E+3	1.290501E+2
-1.293001E+2	-5.246667E-5	-1.886667E-5	1.324259E+3	1.293001E+2
-1.295501E+2	-8.320000E-5	-1.480000E-5	1.325927E+3	1.295501E+2
-1.298001E+2	-7.213333E-5	2.000000E-7	1.327595E+3	1.298001E+2
-1.300501E+2	-8.433333E-5	-2.566667E-5	1.329263E+3	1.300501E+2
-1.303001E+2	-1.015333E-4	6.000000E-7	1.330931E+3	1.303001E+2
-1.305501E+2	-9.080000E-5	2.400000E-5	1.332599E+3	1.305501E+2
-1.308001E+2	-5.706667E-5	-2.700000E-5	1.334266E+3	1.308001E+2
-1.310501E+2	-1.051333E-4	-5.600000E-6	1.335934E+3	1.310501E+2
-1.313001E+2	-7.073333E-5	-2.906667E-5	1.337602E+3	1.313001E+2
-1.315501E+2	-9.300000E-5	-1.506667E-5	1.339270E+3	1.315501E+2
-1.318001E+2	-6.546667E-5	-2.306667E-5	1.340938E+3	1.318001E+2
-1.320501E+2	-9.486666E-5	5.933333E-6	1.342606E+3	1.320501E+2
-1.323001E+2	-1.122000E-4	8.666667E-7	1.344273E+3	1.323001E+2
-1.325501E+2	-1.067333E-4	-2.106667E-5	1.345941E+3	1.325501E+2
-1.328001E+2	-8.606667E-5	6.933333E-6	1.347609E+3	1.328001E+2
-1.330501E+2	-6.966667E-5	-4.913333E-5	1.349277E+3	1.330501E+2
-1.333001E+2	-8.360000E-5	-1.200000E-5	1.350945E+3	1.333001E+2
-1.335501E+2	-8.293334E-5	2.066667E-6	1.352613E+3	1.335501E+2
-1.338001E+2	-9.320000E-5	-1.260000E-5	1.354280E+3	1.338001E+2
-1.340501E+2	-1.048000E-4	2.380000E-5	1.355948E+3	1.340501E+2
-1.343001E+2	-7.393333E-5	1.693333E-5	1.357616E+3	1.343001E+2
-1.345501E+2	-8.753334E-5	-1.080000E-5	1.359284E+3	1.345501E+2
-1.348001E+2	-8.580000E-5	-4.266667E-6	1.360952E+3	1.348001E+2
-1.350501E+2	-1.000000E-4	-1.560000E-5	1.362620E+3	1.350501E+2
-1.353001E+2	-7.346667E-5	-4.793333E-5	1.364287E+3	1.353001E+2
-1.355501E+2	-1.142667E-4	-6.200000E-6	1.365955E+3	1.355501E+2
-1.358001E+2	-1.092000E-4	1.833333E-5	1.367623E+3	1.358001E+2
-1.360501E+2	-7.173333E-5	-4.733333E-6	1.369291E+3	1.360501E+2
-1.363001E+2	-9.793333E-5	-1.533333E-6	1.370959E+3	1.363001E+2
-1.365501E+2	-9.333334E-5	-4.466667E-6	1.372627E+3	1.365501E+2
-1.368001E+2	-6.193334E-5	-3.346667E-5	1.374294E+3	1.368001E+2
-1.370501E+2	-8.580000E-5	2.380000E-5	1.375962E+3	1.370501E+2
-1.373001E+2	-7.933333E-5	-7.066667E-6	1.377630E+3	1.373001E+2
-1.375501E+2	-7.826667E-5	8.600000E-6	1.379298E+3	1.375501E+2
-1.378001E+2	-9.106666E-5	-1.806667E-5	1.380966E+3	1.378001E+2
-1.380501E+2	-7.906667E-5	2.000000E-6	1.382634E+3	1.380501E+2
-1.383001E+2	-9.433334E-5	-7.333334E-6	1.384301E+3	1.383001E+2
-1.385501E+2	-9.920000E-5	-2.200000E-6	1.385969E+3	1.385501E+2
-1.388001E+2	-9.346667E-5	-3.313333E-5	1.387637E+3	1.388001E+2
-1.390501E+2	-7.733333E-5	7.200000E-6	1.389305E+3	1.390501E+2
-1.393001E+2	-8.273334E-5	-2.800000E-6	1.390973E+3	1.393001E+2
-1.395501E+2	-8.980000E-5	-1.533333E-6	1.392641E+3	1.395501E+2
-1.398001E+2	-9.380000E-5	-1.386667E-5	1.394308E+3	1.398001E+2
-1.400501E+2	-1.014667E-4	-1.200000E-5	1.395976E+3	1.400501E+2
-1.403001E+2	-6.240000E-5	2.206667E-5	1.397644E+3	1.403001E+2
-1.405501E+2	-9.046667E-5	-2.733333E-6	1.399312E+3	1.405501E+2
-1.408001E+2	-7.973333E-5	-3.420000E-5	1.400980E+3	1.408001E+2
-1.410501E+2	-6.766667E-5	1.286667E-5	1.402648E+3	1.410501E+2
-1.413001E+2	-7.853333E-5	-3.266667E-6	1.404315E+3	1.413001E+2
-1.415501E+2	-8.560000E-5	-1.740000E-5	1.405983E+3	1.415501E+2
-1.418001E+2	-8.840000E-5	5.666667E-6	1.407651E+3	1.418001E+2
-1.420501E+2	-8.866667E-5	3.200000E-5	1.409319E+3	1.420501E+2
-1.423001E+2	-1.064000E-4	2.733333E-6	1.410987E+3	1.423001E+2
-1.425501E+2	-1.055333E-4	-9.933334E-6	1.412655E+3	1.425501E+2
-1.428001E+2	-8.693333E-5	1.060000E-5	1.414322E+3	1.428001E+2
-1.430501E+2	-9.553333E-5	7.933333E-6	1.415990E+3	1.430501E+2
-1.433001E+2	-9.066667E-5	-2.366667E-5	1.417658E+3	1.433001E+2
-1.435501E+2	-1.026667E-4	4.533333E-6	1.419326E+3	1.435501E+2
-1.438001E+2	-8.566667E-5	-5.533333E-6	1.420994E+3	1.438001E+2
-1.440501E+2	-7.753333E-5	3.000000E-6	1.422662E+3	1.440501E+2
-1.443001E+2	-8.406667E-5	1.013333E-5	1.424329E+3	1.443001E+2
-1.445501E+2	-1.348667E-4	-1.133333E-5	1.425997E+3	1.445501E+2
-1.448001E+2	-9.186667E-5	-1.173333E-5	1.427665E+3	1.448001E+2
-1.450501E+2	-9.093333E-5	8.066667E-6	1.429333E+3	1.450501E+2
-1.453001E+2	-9.093333E-5	5.466667E-6	1.431001E+3	1.453001E+2
-1.455501E+2	-1.113333E-4	-4.800000E-6	1.432669E+3	1.455501E+2
-1.458001E+2	-8.486667E-5	-2.980000E-5	1.434336E+3	1.458001E+2
-1.460501E+2	-1.032000E-4	2.640000E-5	1.436004E+3	1.460501E+2
-1.463001E+2	-7.660000E-5	-1.180000E-5	1.437672E+3	1.463001E+2
-1.465501E+2	-1.014667E-4	1.286667E-5	1.439340E+3	1.465501E+2
-1.468001E+2	-8.353333E-5	-6.866667E-6	1.441008E+3	1.468001E+2
-1.470501E+2	-8.480000E-5	2.466667E-6	1.442676E+3	1.470501E+2
-1.473001E+2	-1.034000E-4	-1.773333E-5	1.444343E+3	1.473001E+2
-1.475501E+2	-8.800000E-5	2.000000E-7	1.446011E+3	1.475501E+2
-1.478001E+2	-1.022667E-4	-1.640000E-5	1.447679E+3	1.478001E+2
-1.480501E+2	-7.693333E-5	1.086667E-5	1.449347E+3	1.480501E+2
-1.483001E+2	-1.036000E-4	-4.666667E-6	1.451015E+3	1.483001E+2
-1.485501E+2	-9.273333E-5	1.606667E-5	1.452683E+3	1.485501E+2
-1.488001E+2	-1.064667E-4	5.000000E-6	1.454350E+3	1.488001E+2
-1.490501E+2	-9.200000E-5	5.533333E-6	1.456018E+3	1.490501E+2
-1.493001E+2	-7.766666E-5	2.133333E-6	1.457686E+3	1.493001E+2
-1.495501E+2	-5.920000E-5	2.333333E-6	1.459354E+3	1.495501E+2
-1.498001E+2	-7.186666E-5	1.586667E-5	1.461022E+3	1.498001E+2
-1.500501E+2	-1.087333E-4	5.466667E-6	1.462690E+3	1.500501E+2
-1.503001E+2	-9.206666E-5	9.466667E-6	1.464357E+3	1.503001E+2
-1.505501E+2	-9.846667E-5	-2.586667E-5	1.466025E+3	1.505501E+2
-1.508001E+2	-5.386667E-5	5.666667E-6	1.467693E+3	1.508001E+2
