-1.059001E+2	3.539524E-4	0.000000E+0
-1.059071E+2	3.635714E-4	4.669933E-2
-1.059141E+2	3.612857E-4	9.339865E-2
-1.059211E+2	3.550000E-4	1.400980E-1
-1.059281E+2	3.592857E-4	1.867973E-1
-1.059351E+2	3.628095E-4	2.334966E-1
-1.059421E+2	3.604762E-4	2.801960E-1
-1.059491E+2	3.536667E-4	3.268953E-1
-1.059561E+2	3.551429E-4	3.735946E-1
-1.059631E+2	3.678571E-4	4.202939E-1
-1.059701E+2	3.644286E-4	4.669932E-1
-1.059771E+2	3.749524E-4	5.136926E-1
-1.059841E+2	3.709524E-4	5.603919E-1
-1.059911E+2	3.610952E-4	6.070912E-1
-1.059981E+2	3.700000E-4	6.537905E-1
-1.060051E+2	3.675714E-4	7.004899E-1
-1.060121E+2	3.612381E-4	7.471892E-1
-1.060191E+2	3.684762E-4	7.938885E-1
-1.060261E+2	3.733810E-4	8.405879E-1
-1.060331E+2	3.829524E-4	8.872872E-1
-1.060401E+2	3.745238E-4	9.339865E-1
-1.060471E+2	3.703333E-4	9.806858E-1
-1.060541E+2	3.834286E-4	1.027385E+0
-1.060611E+2	3.843333E-4	1.074085E+0
-1.060681E+2	3.937143E-4	1.120784E+0
-1.060751E+2	3.970476E-4	1.167483E+0
-1.060821E+2	3.877143E-4	1.214182E+0
-1.060891E+2	3.809048E-4	1.260882E+0
-1.060961E+2	3.812381E-4	1.307581E+0
-1.061031E+2	3.713809E-4	1.354280E+0
-1.061101E+2	3.762381E-4	1.400980E+0
-1.061171E+2	3.638095E-4	1.447679E+0
-1.061241E+2	3.593333E-4	1.494378E+0
-1.061311E+2	3.452381E-4	1.541078E+0
-1.061381E+2	3.408095E-4	1.587777E+0
-1.061451E+2	3.440000E-4	1.634476E+0
-1.061521E+2	3.399524E-4	1.681176E+0
-1.061591E+2	3.300476E-4	1.727875E+0
-1.061661E+2	3.284286E-4	1.774574E+0
-1.061731E+2	3.266667E-4	1.821274E+0
-1.061801E+2	3.260000E-4	1.867973E+0
-1.061871E+2	3.140476E-4	1.914672E+0
-1.061941E+2	3.118095E-4	1.961372E+0
-1.062011E+2	3.037143E-4	2.008071E+0
-1.062081E+2	3.038095E-4	2.054770E+0
-1.062151E+2	3.046667E-4	2.101470E+0
-1.062221E+2	3.010952E-4	2.148169E+0
-1.062291E+2	2.978095E-4	2.194868E+0
-1.062361E+2	2.881429E-4	2.241568E+0
-1.062431E+2	2.849524E-4	2.288267E+0
-1.062501E+2	2.779524E-4	2.334966E+0
-1.062571E+2	2.811429E-4	2.381665E+0
-1.062641E+2	2.817143E-4	2.428365E+0
-1.062711E+2	2.749524E-4	2.475064E+0
-1.062781E+2	2.679524E-4	2.521764E+0
-1.062851E+2	2.735714E-4	2.568463E+0
-1.062921E+2	2.576190E-4	2.615162E+0
-1.062991E+2	2.556191E-4	2.661861E+0
-1.063061E+2	2.550000E-4	2.708561E+0
-1.063131E+2	2.431905E-4	2.755260E+0
-1.063201E+2	2.428095E-4	2.801960E+0
-1.063271E+2	2.531905E-4	2.848659E+0
-1.063341E+2	2.452381E-4	2.895358E+0
-1.063411E+2	2.357143E-4	2.942057E+0
-1.063481E+2	2.390952E-4	2.988757E+0
-1.063551E+2	2.383333E-4	3.035456E+0
-1.063621E+2	2.386190E-4	3.082155E+0
-1.063691E+2	2.353810E-4	3.128855E+0
-1.063761E+2	2.364286E-4	3.175554E+0
-1.063831E+2	2.333333E-4	3.222253E+0
-1.063901E+2	2.388571E-4	3.268953E+0
-1.063971E+2	2.245714E-4	3.315652E+0
-1.064041E+2	2.121429E-4	3.362351E+0
-1.064111E+2	2.196667E-4	3.409051E+0
-1.064181E+2	2.250952E-4	3.455750E+0
-1.064251E+2	2.286190E-4	3.502449E+0
-1.064321E+2	2.236667E-4	3.549149E+0
-1.064391E+2	2.172857E-4	3.595848E+0
-1.064461E+2	2.107143E-4	3.642547E+0
-1.064531E+2	2.103810E-4	3.689247E+0
-1.064601E+2	2.045238E-4	3.735946E+0
-1.064671E+2	2.070476E-4	3.782645E+0
-1.064741E+2	2.164286E-4	3.829345E+0
-1.064811E+2	2.130000E-4	3.876044E+0
-1.064881E+2	2.118095E-4	3.922743E+0
-1.064951E+2	2.124286E-4	3.969443E+0
-1.065021E+2	2.152857E-4	4.016142E+0
-1.065091E+2	2.117619E-4	4.062841E+0
-1.065161E+2	2.030952E-4	4.109540E+0
-1.065231E+2	2.020476E-4	4.156240E+0
-1.065301E+2	2.045714E-4	4.202939E+0
-1.065371E+2	2.012381E-4	4.249639E+0
-1.065441E+2	2.025238E-4	4.296338E+0
-1.065511E+2	1.971905E-4	4.343037E+0
-1.065581E+2	2.011429E-4	4.389737E+0
-1.065651E+2	1.976191E-4	4.436436E+0
-1.065721E+2	1.957143E-4	4.483135E+0
-1.065791E+2	1.683810E-4	4.529835E+0
-1.065861E+2	1.830952E-4	4.576534E+0
-1.065931E+2	1.915714E-4	4.623233E+0
-1.066001E+2	1.992857E-4	4.669932E+0
-1.066071E+2	1.914762E-4	4.716632E+0
-1.066141E+2	1.884286E-4	4.763331E+0
-1.066211E+2	1.867143E-4	4.810030E+0
-1.066281E+2	1.869048E-4	4.856730E+0
-1.066351E+2	1.861429E-4	4.903429E+0
-1.066421E+2	1.832381E-4	4.950129E+0
-1.066491E+2	1.834286E-4	4.996828E+0
-1.066561E+2	1.861905E-4	5.043527E+0
-1.066631E+2	1.833333E-4	5.090227E+0
-1.066701E+2	1.813810E-4	5.136926E+0
-1.066771E+2	1.817143E-4	5.183625E+0
-1.066841E+2	1.755714E-4	5.230324E+0
-1.066911E+2	1.789524E-4	5.277024E+0
-1.066981E+2	1.849524E-4	5.323723E+0
-1.067051E+2	1.792857E-4	5.370422E+0
-1.067121E+2	1.722381E-4	5.417122E+0
-1.067191E+2	1.725714E-4	5.463821E+0
-1.067261E+2	1.839524E-4	5.510520E+0
-1.067331E+2	1.741905E-4	5.557220E+0
-1.067401E+2	1.685238E-4	5.603919E+0
-1.067471E+2	1.688095E-4	5.650619E+0
-1.067541E+2	1.750000E-4	5.697318E+0
-1.067611E+2	1.623333E-4	5.744017E+0
-1.067681E+2	1.665238E-4	5.790716E+0
-1.067751E+2	1.692857E-4	5.837416E+0
-1.067821E+2	1.675238E-4	5.884115E+0
-1.067891E+2	1.645238E-4	5.930814E+0
-1.067961E+2	1.679524E-4	5.977514E+0
-1.068031E+2	1.691905E-4	6.024213E+0
-1.068101E+2	1.590000E-4	6.070912E+0
-1.068171E+2	1.658571E-4	6.117611E+0
-1.068241E+2	1.617143E-4	6.164311E+0
-1.068311E+2	1.604762E-4	6.211010E+0
-1.068381E+2	1.615714E-4	6.257710E+0
-1.068451E+2	1.631905E-4	6.304409E+0
-1.068521E+2	1.608571E-4	6.351108E+0
-1.068591E+2	1.599524E-4	6.397808E+0
-1.068661E+2	1.642381E-4	6.444507E+0
-1.068731E+2	1.617143E-4	6.491206E+0
-1.068801E+2	1.619524E-4	6.537906E+0
-1.068871E+2	1.597143E-4	6.584605E+0
-1.068941E+2	1.557143E-4	6.631304E+0
-1.069011E+2	1.653810E-4	6.678003E+0
-1.069081E+2	1.594286E-4	6.724703E+0
-1.069151E+2	1.644286E-4	6.771402E+0
-1.069221E+2	1.582857E-4	6.818101E+0
-1.069291E+2	1.540476E-4	6.864801E+0
-1.069361E+2	1.542857E-4	6.911500E+0
-1.069431E+2	1.685714E-4	6.958200E+0
-1.069501E+2	1.624762E-4	7.004899E+0
-1.069571E+2	1.581429E-4	7.051598E+0
-1.069641E+2	1.566667E-4	7.098298E+0
-1.069711E+2	1.602381E-4	7.144997E+0
-1.069781E+2	1.577619E-4	7.191696E+0
-1.069851E+2	1.602857E-4	7.238395E+0
-1.069921E+2	1.560000E-4	7.285095E+0
-1.069991E+2	1.522381E-4	7.331794E+0
-1.070061E+2	1.594762E-4	7.378493E+0
-1.070131E+2	1.594762E-4	7.425193E+0
-1.070201E+2	1.545714E-4	7.471892E+0
-1.070271E+2	1.555238E-4	7.518591E+0
-1.070341E+2	1.556667E-4	7.565290E+0
-1.070411E+2	1.569048E-4	7.611990E+0
-1.070481E+2	1.567143E-4	7.658689E+0
-1.070551E+2	1.572857E-4	7.705389E+0
-1.070621E+2	1.525238E-4	7.752088E+0
-1.070691E+2	1.584762E-4	7.798787E+0
-1.070761E+2	1.555238E-4	7.845487E+0
-1.070831E+2	1.566667E-4	7.892186E+0
-1.070901E+2	1.611429E-4	7.938885E+0
-1.070971E+2	1.537619E-4	7.985585E+0
-1.071041E+2	1.511905E-4	8.032284E+0
-1.071111E+2	1.537143E-4	8.078983E+0
-1.071181E+2	1.552381E-4	8.125683E+0
-1.071251E+2	1.540476E-4	8.172382E+0
-1.071321E+2	1.496667E-4	8.219081E+0
-1.071391E+2	1.505714E-4	8.265780E+0
-1.071461E+2	1.576190E-4	8.312480E+0
-1.071531E+2	1.528095E-4	8.359179E+0
-1.071601E+2	1.541429E-4	8.405878E+0
-1.071671E+2	1.540000E-4	8.452578E+0
-1.071741E+2	1.544762E-4	8.499277E+0
-1.071811E+2	1.467619E-4	8.545977E+0
-1.071881E+2	1.483809E-4	8.592676E+0
-1.071951E+2	1.529524E-4	8.639375E+0
-1.072021E+2	1.487143E-4	8.686074E+0
-1.072091E+2	1.500000E-4	8.732774E+0
-1.072161E+2	1.549524E-4	8.779473E+0
-1.072231E+2	1.563809E-4	8.826173E+0
-1.072301E+2	1.511429E-4	8.872871E+0
-1.072371E+2	1.443809E-4	8.919571E+0
-1.072441E+2	1.450952E-4	8.966270E+0
-1.072511E+2	1.489524E-4	9.012970E+0
-1.072581E+2	1.453810E-4	9.059669E+0
-1.072651E+2	1.405238E-4	9.106368E+0
-1.072721E+2	1.409524E-4	9.153068E+0
-1.072791E+2	1.440476E-4	9.199767E+0
-1.072861E+2	1.443333E-4	9.246467E+0
-1.072931E+2	1.451429E-4	9.293166E+0
-1.073001E+2	1.449524E-4	9.339865E+0
-1.073071E+2	1.411429E-4	9.386564E+0
-1.073141E+2	1.355714E-4	9.433264E+0
-1.073211E+2	1.429524E-4	9.479963E+0
-1.073281E+2	1.422381E-4	9.526662E+0
-1.073351E+2	1.333809E-4	9.573361E+0
-1.073421E+2	1.451429E-4	9.620061E+0
-1.073491E+2	1.388571E-4	9.666760E+0
-1.073561E+2	1.350000E-4	9.713460E+0
-1.073631E+2	1.420476E-4	9.760159E+0
-1.073701E+2	1.523809E-4	9.806858E+0
-1.073771E+2	1.404762E-4	9.853558E+0
-1.073841E+2	1.386667E-4	9.900257E+0
-1.073911E+2	1.400000E-4	9.946957E+0
-1.073981E+2	1.428095E-4	9.993655E+0
