-1.000001E+2	2.694667E-4	2.186667E-5	0.000000E+0	1.000001E+2
-1.000071E+2	3.097333E-4	3.513333E-5	4.669933E-2	1.000071E+2
-1.000141E+2	3.170000E-4	3.926667E-5	9.339865E-2	1.000141E+2
-1.000211E+2	3.122000E-4	5.593333E-5	1.400980E-1	1.000211E+2
-1.000281E+2	3.396667E-4	3.560000E-5	1.867973E-1	1.000281E+2
-1.000351E+2	3.252667E-4	4.533333E-5	2.334966E-1	1.000351E+2
-1.000421E+2	3.434000E-4	4.753333E-5	2.801960E-1	1.000421E+2
-1.000491E+2	3.300667E-4	4.360000E-5	3.268953E-1	1.000491E+2
-1.000561E+2	3.572000E-4	5.646667E-5	3.735946E-1	1.000561E+2
-1.000631E+2	3.354667E-4	5.306667E-5	4.202939E-1	1.000631E+2
-1.000701E+2	3.362000E-4	5.440000E-5	4.669932E-1	1.000701E+2
-1.000771E+2	3.285333E-4	2.313333E-5	5.136926E-1	1.000771E+2
-1.000841E+2	3.181333E-4	5.146667E-5	5.603919E-1	1.000841E+2
-1.000911E+2	3.123333E-4	5.013333E-5	6.070912E-1	1.000911E+2
-1.000981E+2	3.088000E-4	5.453334E-5	6.537905E-1	1.000981E+2
-1.001051E+2	3.206000E-4	4.013333E-5	7.004899E-1	1.001051E+2
-1.001121E+2	3.341333E-4	2.993333E-5	7.471892E-1	1.001121E+2
-1.001191E+2	3.261333E-4	3.480000E-5	7.938885E-1	1.001191E+2
-1.001261E+2	3.285333E-4	4.113333E-5	8.405879E-1	1.001261E+2
-1.001331E+2	3.300667E-4	5.260000E-5	8.872872E-1	1.001331E+2
-1.001401E+2	3.419333E-4	3.626667E-5	9.339865E-1	1.001401E+2
-1.001471E+2	3.378000E-4	5.440000E-5	9.806858E-1	1.001471E+2
-1.001541E+2	3.570667E-4	5.546667E-5	1.027385E+0	1.001541E+2
-1.001611E+2	3.502000E-4	5.246667E-5	1.074085E+0	1.001611E+2
-1.001681E+2	3.388667E-4	4.640000E-5	1.120784E+0	1.001681E+2
-1.001751E+2	3.247333E-4	4.753333E-5	1.167483E+0	1.001751E+2
-1.001821E+2	3.148667E-4	6.120000E-5	1.214182E+0	1.001821E+2
-1.001891E+2	3.244000E-4	3.540000E-5	1.260882E+0	1.001891E+2
-1.001961E+2	3.123333E-4	5.346667E-5	1.307581E+0	1.001961E+2
-1.002031E+2	3.104667E-4	4.913333E-5	1.354280E+0	1.002031E+2
-1.002101E+2	3.202667E-4	5.700000E-5	1.400980E+0	1.002101E+2
-1.002171E+2	3.093333E-4	3.946667E-5	1.447679E+0	1.002171E+2
-1.002241E+2	3.289333E-4	2.633333E-5	1.494378E+0	1.002241E+2
-1.002311E+2	3.306000E-4	3.873333E-5	1.541078E+0	1.002311E+2
-1.002381E+2	3.226000E-4	4.646667E-5	1.587777E+0	1.002381E+2
-1.002451E+2	3.485333E-4	3.500000E-5	1.634476E+0	1.002451E+2
-1.002521E+2	3.668667E-4	3.960000E-5	1.681176E+0	1.002521E+2
-1.002591E+2	3.612000E-4	3.393333E-5	1.727875E+0	1.002591E+2
-1.002661E+2	3.370000E-4	4.886667E-5	1.774574E+0	1.002661E+2
-1.002731E+2	3.504667E-4	4.946667E-5	1.821274E+0	1.002731E+2
-1.002801E+2	3.341333E-4	6.060000E-5	1.867973E+0	1.002801E+2
-1.002871E+2	3.250667E-4	2.920000E-5	1.914672E+0	1.002871E+2
-1.002941E+2	3.162667E-4	2.626667E-5	1.961372E+0	1.002941E+2
-1.003011E+2	3.172000E-4	5.686667E-5	2.008071E+0	1.003011E+2
-1.003081E+2	3.316000E-4	3.013333E-5	2.054770E+0	1.003081E+2
-1.003151E+2	3.175333E-4	3.940000E-5	2.101470E+0	1.003151E+2
-1.003221E+2	3.328667E-4	1.740000E-5	2.148169E+0	1.003221E+2
-1.003291E+2	3.361333E-4	4.660000E-5	2.194868E+0	1.003291E+2
-1.003361E+2	3.213333E-4	4.713333E-5	2.241568E+0	1.003361E+2
-1.003431E+2	3.309333E-4	4.026667E-5	2.288267E+0	1.003431E+2
-1.003501E+2	3.476000E-4	5.593333E-5	2.334966E+0	1.003501E+2
-1.003571E+2	3.629333E-4	5.193333E-5	2.381665E+0	1.003571E+2
-1.003641E+2	3.519333E-4	5.773333E-5	2.428365E+0	1.003641E+2
-1.003711E+2	3.415333E-4	5.506667E-5	2.475064E+0	1.003711E+2
-1.003781E+2	3.341333E-4	6.020000E-5	2.521764E+0	1.003781E+2
-1.003851E+2	3.372000E-4	7.013333E-5	2.568463E+0	1.003851E+2
-1.003921E+2	3.198667E-4	5.026667E-5	2.615162E+0	1.003921E+2
-1.003991E+2	3.369333E-4	4.086667E-5	2.661861E+0	1.003991E+2
-1.004061E+2	3.458000E-4	2.646667E-5	2.708561E+0	1.004061E+2
-1.004131E+2	3.184000E-4	4.033333E-5	2.755260E+0	1.004131E+2
-1.004201E+2	3.388667E-4	6.173334E-5	2.801960E+0	1.004201E+2
-1.004271E+2	3.170000E-4	5.233333E-5	2.848659E+0	1.004271E+2
-1.004341E+2	3.410667E-4	3.140000E-5	2.895358E+0	1.004341E+2
-1.004411E+2	3.418000E-4	5.206667E-5	2.942057E+0	1.004411E+2
-1.004481E+2	3.674000E-4	2.640000E-5	2.988757E+0	1.004481E+2
-1.004551E+2	3.712667E-4	8.733334E-6	3.035456E+0	1.004551E+2
-1.004621E+2	3.552000E-4	4.413333E-5	3.082155E+0	1.004621E+2
-1.004691E+2	3.716000E-4	3.080000E-5	3.128855E+0	1.004691E+2
-1.004761E+2	3.561333E-4	3.993333E-5	3.175554E+0	1.004761E+2
-1.004831E+2	3.528667E-4	4.440000E-5	3.222253E+0	1.004831E+2
-1.004901E+2	3.300667E-4	4.933333E-5	3.268953E+0	1.004901E+2
-1.004971E+2	3.168667E-4	6.020000E-5	3.315652E+0	1.004971E+2
-1.005041E+2	3.357333E-4	4.246667E-5	3.362351E+0	1.005041E+2
-1.005111E+2	3.210667E-4	5.860000E-5	3.409051E+0	1.005111E+2
-1.005181E+2	3.285333E-4	4.080000E-5	3.455750E+0	1.005181E+2
-1.005251E+2	3.144667E-4	4.420000E-5	3.502449E+0	1.005251E+2
-1.005321E+2	3.246667E-4	5.080000E-5	3.549149E+0	1.005321E+2
-1.005391E+2	3.281333E-4	3.593333E-5	3.595848E+0	1.005391E+2
-1.005461E+2	3.085333E-4	4.846667E-5	3.642547E+0	1.005461E+2
-1.005531E+2	3.466000E-4	4.960000E-5	3.689247E+0	1.005531E+2
-1.005601E+2	3.170000E-4	7.586666E-5	3.735946E+0	1.005601E+2
-1.005671E+2	3.248000E-4	4.386667E-5	3.782645E+0	1.005671E+2
-1.005741E+2	3.277333E-4	3.973334E-5	3.829345E+0	1.005741E+2
-1.005811E+2	3.008000E-4	4.540000E-5	3.876044E+0	1.005811E+2
-1.005881E+2	2.980667E-4	4.873333E-5	3.922743E+0	1.005881E+2
-1.005951E+2	2.947333E-4	2.926667E-5	3.969443E+0	1.005951E+2
-1.006021E+2	3.009333E-4	2.960000E-5	4.016142E+0	1.006021E+2
-1.006091E+2	2.898000E-4	1.486667E-5	4.062841E+0	1.006091E+2
-1.006161E+2	2.842000E-4	4.500000E-5	4.109540E+0	1.006161E+2
-1.006231E+2	2.908000E-4	4.013333E-5	4.156240E+0	1.006231E+2
-1.006301E+2	2.894000E-4	2.653333E-5	4.202939E+0	1.006301E+2
-1.006371E+2	2.684667E-4	6.093333E-5	4.249639E+0	1.006371E+2
-1.006441E+2	2.901333E-4	3.673333E-5	4.296338E+0	1.006441E+2
-1.006511E+2	2.810000E-4	4.693333E-5	4.343037E+0	1.006511E+2
-1.006581E+2	2.790667E-4	5.640000E-5	4.389737E+0	1.006581E+2
-1.006651E+2	2.970667E-4	2.606667E-5	4.436436E+0	1.006651E+2
-1.006721E+2	3.040667E-4	2.466667E-5	4.483135E+0	1.006721E+2
-1.006791E+2	2.976000E-4	5.046667E-5	4.529835E+0	1.006791E+2
-1.006861E+2	2.833333E-4	4.033333E-5	4.576534E+0	1.006861E+2
-1.006931E+2	2.474667E-4	3.313333E-5	4.623233E+0	1.006931E+2
-1.007001E+2	2.577333E-4	6.133333E-5	4.669932E+0	1.007001E+2
-1.007071E+2	2.656000E-4	4.506667E-5	4.716632E+0	1.007071E+2
-1.007141E+2	2.552000E-4	4.226667E-5	4.763331E+0	1.007141E+2
-1.007211E+2	2.551333E-4	3.186667E-5	4.810030E+0	1.007211E+2
-1.007281E+2	2.487333E-4	5.600000E-5	4.856730E+0	1.007281E+2
-1.007351E+2	2.662667E-4	4.220000E-5	4.903429E+0	1.007351E+2
-1.007421E+2	2.570000E-4	3.613333E-5	4.950129E+0	1.007421E+2
-1.007491E+2	2.643333E-4	4.006666E-5	4.996828E+0	1.007491E+2
-1.007561E+2	2.477333E-4	3.213333E-5	5.043527E+0	1.007561E+2
-1.007631E+2	2.499333E-4	4.540000E-5	5.090227E+0	1.007631E+2
-1.007701E+2	2.570000E-4	4.893333E-5	5.136926E+0	1.007701E+2
-1.007771E+2	2.721333E-4	4.480000E-5	5.183625E+0	1.007771E+2
-1.007841E+2	2.686667E-4	3.373333E-5	5.230324E+0	1.007841E+2
-1.007911E+2	2.591333E-4	3.280000E-5	5.277024E+0	1.007911E+2
-1.007981E+2	2.428000E-4	3.713333E-5	5.323723E+0	1.007981E+2
-1.008051E+2	2.474000E-4	4.340000E-5	5.370422E+0	1.008051E+2
-1.008121E+2	2.490000E-4	2.753333E-5	5.417122E+0	1.008121E+2
-1.008191E+2	2.394667E-4	4.620000E-5	5.463821E+0	1.008191E+2
-1.008261E+2	2.520667E-4	4.286667E-5	5.510520E+0	1.008261E+2
-1.008331E+2	2.498667E-4	3.133333E-5	5.557220E+0	1.008331E+2
-1.008401E+2	2.334000E-4	3.666667E-5	5.603919E+0	1.008401E+2
-1.008471E+2	2.472000E-4	4.540000E-5	5.650619E+0	1.008471E+2
-1.008541E+2	2.558667E-4	5.826667E-5	5.697318E+0	1.008541E+2
-1.008611E+2	2.423333E-4	3.813333E-5	5.744017E+0	1.008611E+2
-1.008681E+2	2.426667E-4	3.380000E-5	5.790716E+0	1.008681E+2
-1.008751E+2	2.360000E-4	3.440000E-5	5.837416E+0	1.008751E+2
-1.008821E+2	2.499333E-4	3.680000E-5	5.884115E+0	1.008821E+2
-1.008891E+2	2.540000E-4	5.773333E-5	5.930814E+0	1.008891E+2
-1.008961E+2	2.580667E-4	4.620000E-5	5.977514E+0	1.008961E+2
-1.009031E+2	2.499333E-4	2.840000E-5	6.024213E+0	1.009031E+2
-1.009101E+2	2.710000E-4	2.546667E-5	6.070912E+0	1.009101E+2
-1.009171E+2	2.346667E-4	3.166667E-5	6.117611E+0	1.009171E+2
-1.009241E+2	2.370667E-4	3.873333E-5	6.164311E+0	1.009241E+2
-1.009311E+2	2.166667E-4	3.206667E-5	6.211010E+0	1.009311E+2
-1.009381E+2	2.382667E-4	4.100000E-5	6.257710E+0	1.009381E+2
-1.009451E+2	2.334000E-4	4.640000E-5	6.304409E+0	1.009451E+2
-1.009521E+2	2.242000E-4	5.273333E-5	6.351108E+0	1.009521E+2
-1.009591E+2	2.234000E-4	4.860000E-5	6.397808E+0	1.009591E+2
-1.009661E+2	2.315333E-4	4.253333E-5	6.444507E+0	1.009661E+2
-1.009731E+2	2.385333E-4	4.733333E-5	6.491206E+0	1.009731E+2
-1.009801E+2	2.302000E-4	4.006666E-5	6.537906E+0	1.009801E+2
-1.009871E+2	2.362000E-4	3.306667E-5	6.584605E+0	1.009871E+2
-1.009941E+2	2.530667E-4	2.566667E-5	6.631304E+0	1.009941E+2
-1.010011E+2	2.325333E-4	2.573333E-5	6.678003E+0	1.010011E+2
-1.010081E+2	2.501333E-4	4.220000E-5	6.724703E+0	1.010081E+2
-1.010151E+2	2.418000E-4	4.546667E-5	6.771402E+0	1.010151E+2
-1.010221E+2	2.241333E-4	4.693333E-5	6.818101E+0	1.010221E+2
-1.010291E+2	2.299333E-4	3.640000E-5	6.864801E+0	1.010291E+2
-1.010361E+2	2.398000E-4	2.380000E-5	6.911500E+0	1.010361E+2
-1.010431E+2	2.132000E-4	4.533333E-5	6.958200E+0	1.010431E+2
-1.010501E+2	2.169333E-4	2.833333E-5	7.004899E+0	1.010501E+2
-1.010571E+2	2.276000E-4	1.800000E-5	7.051598E+0	1.010571E+2
-1.010641E+2	2.339333E-4	3.526667E-5	7.098298E+0	1.010641E+2
-1.010711E+2	2.172000E-4	4.526667E-5	7.144997E+0	1.010711E+2
-1.010781E+2	2.398000E-4	3.093333E-5	7.191696E+0	1.010781E+2
-1.010851E+2	2.534667E-4	2.566667E-5	7.238395E+0	1.010851E+2
-1.010921E+2	2.362000E-4	2.693333E-5	7.285095E+0	1.010921E+2
-1.010991E+2	2.296000E-4	3.086667E-5	7.331794E+0	1.010991E+2
-1.011061E+2	2.387333E-4	1.826667E-5	7.378493E+0	1.011061E+2
-1.011131E+2	2.385333E-4	3.486667E-5	7.425193E+0	1.011131E+2
-1.011201E+2	2.544667E-4	4.666667E-7	7.471892E+0	1.011201E+2
-1.011271E+2	2.442000E-4	2.240000E-5	7.518591E+0	1.011271E+2
-1.011341E+2	2.297333E-4	1.973333E-5	7.565290E+0	1.011341E+2
-1.011411E+2	2.270667E-4	1.840000E-5	7.611990E+0	1.011411E+2
-1.011481E+2	2.217333E-4	2.440000E-5	7.658689E+0	1.011481E+2
-1.011551E+2	2.216000E-4	4.633333E-5	7.705389E+0	1.011551E+2
-1.011621E+2	2.268667E-4	3.180000E-5	7.752088E+0	1.011621E+2
-1.011691E+2	2.208667E-4	4.766667E-5	7.798787E+0	1.011691E+2
-1.011761E+2	2.288667E-4	4.853333E-5	7.845487E+0	1.011761E+2
-1.011831E+2	2.200000E-4	3.180000E-5	7.892186E+0	1.011831E+2
-1.011901E+2	2.330667E-4	4.393333E-5	7.938885E+0	1.011901E+2
-1.011971E+2	2.107333E-4	5.146667E-5	7.985585E+0	1.011971E+2
-1.012041E+2	2.410667E-4	1.666667E-5	8.032284E+0	1.012041E+2
-1.012111E+2	2.236667E-4	3.966667E-5	8.078983E+0	1.012111E+2
-1.012181E+2	2.292667E-4	4.506667E-5	8.125683E+0	1.012181E+2
-1.012251E+2	2.396000E-4	1.860000E-5	8.172382E+0	1.012251E+2
-1.012321E+2	2.266000E-4	3.106667E-5	8.219081E+0	1.012321E+2
-1.012391E+2	2.110000E-4	3.626667E-5	8.265780E+0	1.012391E+2
-1.012461E+2	2.240000E-4	1.660000E-5	8.312480E+0	1.012461E+2
-1.012531E+2	2.317333E-4	3.246667E-5	8.359179E+0	1.012531E+2
-1.012601E+2	2.166000E-4	2.393333E-5	8.405878E+0	1.012601E+2
-1.012671E+2	2.166667E-4	3.560000E-5	8.452578E+0	1.012671E+2
-1.012741E+2	2.126667E-4	3.986667E-5	8.499277E+0	1.012741E+2
-1.012811E+2	2.001333E-4	3.760000E-5	8.545977E+0	1.012811E+2
-1.012881E+2	2.119333E-4	2.840000E-5	8.592676E+0	1.012881E+2
-1.012951E+2	2.204000E-4	3.100000E-5	8.639375E+0	1.012951E+2
-1.013021E+2	2.196667E-4	2.840000E-5	8.686074E+0	1.013021E+2
-1.013091E+2	2.148667E-4	4.173333E-5	8.732774E+0	1.013091E+2
-1.013161E+2	2.266667E-4	2.186667E-5	8.779473E+0	1.013161E+2
-1.013231E+2	2.291333E-4	8.266667E-6	8.826173E+0	1.013231E+2
-1.013301E+2	2.286667E-4	3.386667E-5	8.872871E+0	1.013301E+2
-1.013371E+2	2.402667E-4	2.546667E-5	8.919571E+0	1.013371E+2
-1.013441E+2	2.162667E-4	3.000000E-5	8.966270E+0	1.013441E+2
-1.013511E+2	2.216000E-4	3.640000E-5	9.012970E+0	1.013511E+2
-1.013581E+2	2.430667E-4	2.433333E-5	9.059669E+0	1.013581E+2
-1.013651E+2	2.118667E-4	2.500000E-5	9.106368E+0	1.013651E+2
-1.013721E+2	2.145333E-4	1.540000E-5	9.153068E+0	1.013721E+2
-1.013791E+2	2.081333E-4	2.480000E-5	9.199767E+0	1.013791E+2
-1.013861E+2	2.287333E-4	3.640000E-5	9.246467E+0	1.013861E+2
-1.013931E+2	2.072667E-4	4.100000E-5	9.293166E+0	1.013931E+2
-1.014001E+2	2.238667E-4	4.273333E-5	9.339865E+0	1.014001E+2
-1.014071E+2	2.176000E-4	2.606667E-5	9.386564E+0	1.014071E+2
-1.014141E+2	2.264000E-4	2.246667E-5	9.433264E+0	1.014141E+2
-1.014211E+2	2.188667E-4	2.786667E-5	9.479963E+0	1.014211E+2
-1.014281E+2	2.443333E-4	2.620000E-5	9.526662E+0	1.014281E+2
-1.014351E+2	2.302667E-4	4.653333E-5	9.573361E+0	1.014351E+2
-1.014421E+2	2.223333E-4	2.460000E-5	9.620061E+0	1.014421E+2
-1.014491E+2	2.148000E-4	4.433333E-5	9.666760E+0	1.014491E+2
-1.014561E+2	2.198667E-4	6.266667E-6	9.713460E+0	1.014561E+2
-1.014631E+2	2.280000E-4	3.433333E-5	9.760159E+0	1.014631E+2
-1.014701E+2	2.246667E-4	3.273333E-5	9.806858E+0	1.014701E+2
-1.014771E+2	2.290000E-4	1.206667E-5	9.853558E+0	1.014771E+2
-1.014841E+2	2.006667E-4	2.320000E-5	9.900257E+0	1.014841E+2
-1.014911E+2	2.180000E-4	3.973334E-5	9.946957E+0	1.014911E+2
-1.014981E+2	2.220667E-4	3.066667E-5	9.993655E+0	1.014981E+2
-1.015051E+2	2.178667E-4	2.773333E-5	1.004035E+1	1.015051E+2
-1.015121E+2	2.110667E-4	2.640000E-5	1.008705E+1	1.015121E+2
-1.015191E+2	2.092000E-4	3.473333E-5	1.013375E+1	1.015191E+2
-1.015261E+2	2.206667E-4	2.660000E-5	1.018045E+1	1.015261E+2
-1.015331E+2	2.124000E-4	2.600000E-5	1.022715E+1	1.015331E+2
-1.015401E+2	2.382000E-4	2.546667E-5	1.027385E+1	1.015401E+2
-1.015471E+2	2.253333E-4	3.393333E-5	1.032055E+1	1.015471E+2
-1.015541E+2	2.238667E-4	2.466667E-5	1.036725E+1	1.015541E+2
-1.015611E+2	2.186667E-4	2.406667E-5	1.041395E+1	1.015611E+2
-1.015681E+2	2.148000E-4	4.753333E-5	1.046065E+1	1.015681E+2
-1.015751E+2	2.044000E-4	1.960000E-5	1.050735E+1	1.015751E+2
-1.015821E+2	2.076000E-4	3.246667E-5	1.055405E+1	1.015821E+2
-1.015891E+2	2.288000E-4	8.333333E-6	1.060075E+1	1.015891E+2
-1.015961E+2	2.262667E-4	2.280000E-5	1.064745E+1	1.015961E+2
-1.016031E+2	2.129333E-4	2.513333E-5	1.069415E+1	1.016031E+2
-1.016101E+2	2.018000E-4	4.253333E-5	1.074084E+1	1.016101E+2
-1.016171E+2	2.048667E-4	1.913333E-5	1.078754E+1	1.016171E+2
-1.016241E+2	2.123333E-4	3.220000E-5	1.083424E+1	1.016241E+2
-1.016311E+2	2.314667E-4	2.946667E-5	1.088094E+1	1.016311E+2
-1.016381E+2	2.282667E-4	1.306667E-5	1.092764E+1	1.016381E+2
-1.016451E+2	2.242667E-4	2.426667E-5	1.097434E+1	1.016451E+2
-1.016521E+2	2.205333E-4	2.086667E-5	1.102104E+1	1.016521E+2
-1.016591E+2	2.128000E-4	2.773333E-5	1.106774E+1	1.016591E+2
-1.016661E+2	2.338667E-4	2.180000E-5	1.111444E+1	1.016661E+2
-1.016731E+2	2.086667E-4	2.720000E-5	1.116114E+1	1.016731E+2
-1.016801E+2	2.207333E-4	4.966667E-5	1.120784E+1	1.016801E+2
-1.016871E+2	2.110000E-4	9.400000E-6	1.125454E+1	1.016871E+2
-1.016941E+2	1.980000E-4	2.840000E-5	1.130124E+1	1.016941E+2
-1.017011E+2	2.078667E-4	1.633333E-5	1.134794E+1	1.017011E+2
-1.017081E+2	2.286000E-4	8.600000E-6	1.139464E+1	1.017081E+2
-1.017151E+2	2.118667E-4	2.753333E-5	1.144133E+1	1.017151E+2
-1.017221E+2	2.140000E-4	3.660000E-5	1.148803E+1	1.017221E+2
-1.017291E+2	1.982000E-4	3.606667E-5	1.153473E+1	1.017291E+2
-1.017361E+2	1.939333E-4	4.460000E-5	1.158143E+1	1.017361E+2
-1.017431E+2	2.103333E-4	1.980000E-5	1.162813E+1	1.017431E+2
-1.017501E+2	2.220667E-4	2.313333E-5	1.167483E+1	1.017501E+2
-1.017571E+2	2.145333E-4	3.253333E-5	1.172153E+1	1.017571E+2
-1.017641E+2	2.157333E-4	2.920000E-5	1.176823E+1	1.017641E+2
-1.017711E+2	2.037333E-4	3.793333E-5	1.181493E+1	1.017711E+2
-1.017781E+2	2.096667E-4	3.793333E-5	1.186163E+1	1.017781E+2
-1.017851E+2	2.232667E-4	3.660000E-5	1.190833E+1	1.017851E+2
-1.017921E+2	2.084000E-4	3.446667E-5	1.195503E+1	1.017921E+2
-1.017991E+2	2.043333E-4	3.200000E-5	1.200173E+1	1.017991E+2
-1.018061E+2	1.943333E-4	3.900000E-5	1.204843E+1	1.018061E+2
-1.018131E+2	2.020667E-4	2.400000E-5	1.209513E+1	1.018131E+2
-1.018201E+2	1.977333E-4	2.866667E-5	1.214182E+1	1.018201E+2
-1.018271E+2	2.127333E-4	4.373333E-5	1.218852E+1	1.018271E+2
-1.018341E+2	2.145333E-4	3.600000E-5	1.223522E+1	1.018341E+2
-1.018411E+2	2.090000E-4	3.546667E-5	1.228192E+1	1.018411E+2
-1.018481E+2	2.138667E-4	2.060000E-5	1.232862E+1	1.018481E+2
-1.018551E+2	2.264000E-4	1.540000E-5	1.237532E+1	1.018551E+2
-1.018621E+2	2.164000E-4	4.266667E-5	1.242202E+1	1.018621E+2
-1.018691E+2	2.117333E-4	2.226667E-5	1.246872E+1	1.018691E+2
-1.018761E+2	2.274000E-4	3.573333E-5	1.251542E+1	1.018761E+2
-1.018831E+2	2.241333E-4	2.373333E-5	1.256212E+1	1.018831E+2
-1.018901E+2	2.153333E-4	2.546667E-5	1.260882E+1	1.018901E+2
-1.018971E+2	2.216667E-4	3.206667E-5	1.265552E+1	1.018971E+2
-1.019041E+2	2.109333E-4	1.873333E-5	1.270222E+1	1.019041E+2
-1.019111E+2	2.004667E-4	4.080000E-5	1.274892E+1	1.019111E+2
-1.019181E+2	2.000667E-4	2.366667E-5	1.279562E+1	1.019181E+2
-1.019251E+2	1.931333E-4	3.073333E-5	1.284231E+1	1.019251E+2
-1.019321E+2	2.081333E-4	2.533333E-5	1.288901E+1	1.019321E+2
-1.019391E+2	1.968667E-4	1.866667E-5	1.293571E+1	1.019391E+2
-1.019461E+2	2.001333E-4	1.860000E-5	1.298241E+1	1.019461E+2
-1.019531E+2	2.002667E-4	2.986667E-5	1.302911E+1	1.019531E+2
-1.019601E+2	2.090000E-4	2.913333E-5	1.307581E+1	1.019601E+2
-1.019671E+2	2.163333E-4	3.520000E-5	1.312251E+1	1.019671E+2
-1.019741E+2	2.070667E-4	3.900000E-5	1.316921E+1	1.019741E+2
-1.019811E+2	2.177333E-4	4.320000E-5	1.321591E+1	1.019811E+2
-1.019881E+2	2.270667E-4	1.700000E-5	1.326261E+1	1.019881E+2
-1.019951E+2	2.201333E-4	2.573333E-5	1.330931E+1	1.019951E+2
-1.020021E+2	2.123333E-4	4.526667E-5	1.335601E+1	1.020021E+2
-1.020091E+2	2.154000E-4	4.500000E-5	1.340271E+1	1.020091E+2
-1.020161E+2	2.114000E-4	4.260000E-5	1.344941E+1	1.020161E+2
-1.020231E+2	2.088000E-4	4.120000E-5	1.349611E+1	1.020231E+2
-1.020301E+2	2.084667E-4	2.293333E-5	1.354280E+1	1.020301E+2
-1.020371E+2	1.965333E-4	3.080000E-5	1.358950E+1	1.020371E+2
-1.020441E+2	2.026000E-4	2.233333E-5	1.363620E+1	1.020441E+2
-1.020511E+2	2.344000E-4	3.346667E-5	1.368290E+1	1.020511E+2
-1.020581E+2	2.045333E-4	3.566667E-5	1.372960E+1	1.020581E+2
-1.020651E+2	1.994667E-4	4.026667E-5	1.377630E+1	1.020651E+2
-1.020721E+2	2.082667E-4	2.726667E-5	1.382300E+1	1.020721E+2
-1.020791E+2	2.156667E-4	1.353333E-5	1.386970E+1	1.020791E+2
-1.020861E+2	2.064667E-4	3.746667E-5	1.391640E+1	1.020861E+2
-1.020931E+2	2.111333E-4	2.473333E-5	1.396310E+1	1.020931E+2
-1.021001E+2	2.040667E-4	3.380000E-5	1.400980E+1	1.021001E+2
-1.021071E+2	2.103333E-4	4.273333E-5	1.405650E+1	1.021071E+2
-1.021141E+2	2.086667E-4	2.420000E-5	1.410320E+1	1.021141E+2
-1.021211E+2	2.042000E-4	2.133333E-5	1.414990E+1	1.021211E+2
-1.021281E+2	2.085333E-4	3.093333E-5	1.419660E+1	1.021281E+2
-1.021351E+2	2.259333E-4	3.006667E-5	1.424329E+1	1.021351E+2
-1.021421E+2	2.160000E-4	2.500000E-5	1.428999E+1	1.021421E+2
-1.021491E+2	2.033333E-4	2.880000E-5	1.433669E+1	1.021491E+2
-1.021561E+2	2.146667E-4	6.200000E-6	1.438339E+1	1.021561E+2
-1.021631E+2	2.086667E-4	1.293333E-5	1.443009E+1	1.021631E+2
-1.021701E+2	2.106000E-4	1.926667E-5	1.447679E+1	1.021701E+2
-1.021771E+2	2.177333E-4	3.360000E-5	1.452349E+1	1.021771E+2
-1.021841E+2	2.181333E-4	2.000000E-5	1.457019E+1	1.021841E+2
-1.021911E+2	2.062667E-4	3.253333E-5	1.461689E+1	1.021911E+2
-1.021981E+2	2.445333E-4	1.426667E-5	1.466359E+1	1.021981E+2
-1.022051E+2	2.241333E-4	3.520000E-5	1.471029E+1	1.022051E+2
-1.022121E+2	2.220667E-4	2.106667E-5	1.475699E+1	1.022121E+2
-1.022191E+2	2.199333E-4	3.433333E-5	1.480369E+1	1.022191E+2
-1.022261E+2	2.392000E-4	1.660000E-5	1.485039E+1	1.022261E+2
-1.022331E+2	2.130667E-4	2.300000E-5	1.489708E+1	1.022331E+2
-1.022401E+2	2.032000E-4	2.480000E-5	1.494378E+1	1.022401E+2
-1.022471E+2	1.993333E-4	5.466667E-6	1.499048E+1	1.022471E+2
-1.022541E+2	2.246000E-4	6.333333E-6	1.503718E+1	1.022541E+2
-1.022611E+2	2.118000E-4	2.713333E-5	1.508388E+1	1.022611E+2
-1.022681E+2	1.968000E-4	2.833333E-5	1.513058E+1	1.022681E+2
-1.022751E+2	2.210667E-4	3.780000E-5	1.517728E+1	1.022751E+2
-1.022821E+2	2.107333E-4	1.020000E-5	1.522398E+1	1.022821E+2
-1.022891E+2	1.916000E-4	4.373333E-5	1.527068E+1	1.022891E+2
-1.022961E+2	2.112000E-4	2.493333E-5	1.531738E+1	1.022961E+2
-1.023031E+2	2.280000E-4	9.666666E-6	1.536408E+1	1.023031E+2
-1.023101E+2	2.119333E-4	2.506667E-5	1.541078E+1	1.023101E+2
-1.023171E+2	2.014667E-4	1.406667E-5	1.545748E+1	1.023171E+2
-1.023241E+2	2.282000E-4	2.180000E-5	1.550418E+1	1.023241E+2
-1.023311E+2	2.182000E-4	1.033333E-5	1.555088E+1	1.023311E+2
-1.023381E+2	2.092667E-4	2.200000E-5	1.559757E+1	1.023381E+2
-1.023451E+2	2.092667E-4	-6.666667E-7	1.564427E+1	1.023451E+2
-1.023521E+2	2.144667E-4	2.066667E-6	1.569097E+1	1.023521E+2
-1.023591E+2	1.954000E-4	-1.700000E-5	1.573767E+1	1.023591E+2
-1.023661E+2	2.202667E-4	-1.126667E-5	1.578437E+1	1.023661E+2
-1.023731E+2	1.983333E-4	-7.733333E-6	1.583107E+1	1.023731E+2
-1.023801E+2	1.974000E-4	-1.680000E-5	1.587777E+1	1.023801E+2
-1.023871E+2	2.068667E-4	4.600000E-6	1.592447E+1	1.023871E+2
-1.023941E+2	2.076667E-4	-6.533333E-6	1.597117E+1	1.023941E+2
-1.024011E+2	2.273333E-4	-2.740000E-5	1.601787E+1	1.024011E+2
-1.024081E+2	2.300667E-4	4.400000E-6	1.606457E+1	1.024081E+2
-1.024151E+2	2.128667E-4	-3.866667E-6	1.611127E+1	1.024151E+2
-1.024221E+2	2.058667E-4	-2.066667E-6	1.615797E+1	1.024221E+2
-1.024291E+2	2.281333E-4	-7.466667E-6	1.620467E+1	1.024291E+2
-1.024361E+2	2.122667E-4	-2.333333E-6	1.625137E+1	1.024361E+2
-1.024431E+2	2.160667E-4	-1.360000E-5	1.629807E+1	1.024431E+2
-1.024501E+2	2.202667E-4	-9.533333E-6	1.634476E+1	1.024501E+2
-1.024571E+2	1.896667E-4	4.600000E-6	1.639146E+1	1.024571E+2
-1.024641E+2	2.013333E-4	3.266667E-6	1.643816E+1	1.024641E+2
-1.024711E+2	2.218000E-4	-9.266667E-6	1.648486E+1	1.024711E+2
-1.024781E+2	1.993333E-4	-4.800000E-6	1.653156E+1	1.024781E+2
-1.024851E+2	2.105333E-4	2.200000E-6	1.657826E+1	1.024851E+2
-1.024921E+2	2.250000E-4	-1.200000E-6	1.662496E+1	1.024921E+2
-1.024991E+2	2.052000E-4	-4.533333E-6	1.667166E+1	1.024991E+2
-1.025061E+2	2.174667E-4	3.733333E-6	1.671836E+1	1.025061E+2
-1.025131E+2	2.110667E-4	-1.606667E-5	1.676506E+1	1.025131E+2
-1.025201E+2	2.075333E-4	-5.466667E-6	1.681176E+1	1.025201E+2
-1.025271E+2	2.169333E-4	3.200000E-6	1.685846E+1	1.025271E+2
-1.025341E+2	2.241333E-4	-7.000000E-6	1.690516E+1	1.025341E+2
-1.025411E+2	2.114667E-4	-2.286667E-5	1.695185E+1	1.025411E+2
-1.025481E+2	2.302667E-4	-1.466667E-6	1.699855E+1	1.025481E+2
-1.025551E+2	2.010000E-4	6.400000E-6	1.704525E+1	1.025551E+2
-1.025621E+2	2.224667E-4	8.000000E-7	1.709195E+1	1.025621E+2
-1.025691E+2	2.146000E-4	6.800000E-6	1.713865E+1	1.025691E+2
-1.025761E+2	2.080000E-4	-4.133333E-6	1.718535E+1	1.025761E+2
-1.025831E+2	2.012667E-4	1.840000E-5	1.723205E+1	1.025831E+2
-1.025901E+2	2.095333E-4	1.340000E-5	1.727875E+1	1.025901E+2
-1.025971E+2	2.007333E-4	7.800000E-6	1.732545E+1	1.025971E+2
-1.026041E+2	2.343333E-4	8.000000E-7	1.737215E+1	1.026041E+2
-1.026111E+2	2.139333E-4	-6.466666E-6	1.741885E+1	1.026111E+2
-1.026181E+2	2.018667E-4	2.366667E-5	1.746555E+1	1.026181E+2
-1.026251E+2	2.290000E-4	-1.106667E-5	1.751225E+1	1.026251E+2
-1.026321E+2	2.316000E-4	1.473333E-5	1.755895E+1	1.026321E+2
-1.026391E+2	2.068000E-4	3.846667E-5	1.760565E+1	1.026391E+2
-1.026461E+2	2.158667E-4	9.533333E-6	1.765235E+1	1.026461E+2
-1.026531E+2	2.204667E-4	-4.933333E-6	1.769904E+1	1.026531E+2
-1.026601E+2	2.151333E-4	-4.800000E-6	1.774574E+1	1.026601E+2
-1.026671E+2	2.086667E-4	7.400000E-6	1.779244E+1	1.026671E+2
-1.026741E+2	2.073333E-4	2.493333E-5	1.783914E+1	1.026741E+2
-1.026811E+2	2.029333E-4	2.640000E-5	1.788584E+1	1.026811E+2
-1.026881E+2	1.916667E-4	3.026667E-5	1.793254E+1	1.026881E+2
-1.026951E+2	1.952667E-4	1.486667E-5	1.797924E+1	1.026951E+2
-1.027021E+2	2.001333E-4	5.600000E-6	1.802594E+1	1.027021E+2
-1.027091E+2	1.994000E-4	1.986667E-5	1.807264E+1	1.027091E+2
-1.027161E+2	2.007333E-4	2.553333E-5	1.811934E+1	1.027161E+2
-1.027231E+2	2.012667E-4	4.000000E-6	1.816604E+1	1.027231E+2
-1.027301E+2	2.148667E-4	1.626667E-5	1.821274E+1	1.027301E+2
-1.027371E+2	2.176000E-4	2.273333E-5	1.825944E+1	1.027371E+2
-1.027441E+2	2.293333E-4	2.506667E-5	1.830614E+1	1.027441E+2
-1.027511E+2	2.246667E-4	1.540000E-5	1.835283E+1	1.027511E+2
-1.027581E+2	1.996000E-4	2.866667E-5	1.839953E+1	1.027581E+2
-1.027651E+2	2.213333E-4	9.933334E-6	1.844623E+1	1.027651E+2
-1.027721E+2	2.118667E-4	2.520000E-5	1.849293E+1	1.027721E+2
-1.027791E+2	2.051333E-4	1.606667E-5	1.853963E+1	1.027791E+2
-1.027861E+2	2.126667E-4	2.400000E-6	1.858633E+1	1.027861E+2
-1.027931E+2	2.086667E-4	9.466667E-6	1.863303E+1	1.027931E+2
-1.028001E+2	1.844000E-4	3.060000E-5	1.867973E+1	1.028001E+2
-1.028071E+2	1.997333E-4	8.200000E-6	1.872643E+1	1.028071E+2
-1.028141E+2	2.208667E-4	2.573333E-5	1.877313E+1	1.028141E+2
-1.028211E+2	2.030667E-4	3.433333E-5	1.881983E+1	1.028211E+2
-1.028281E+2	2.065333E-4	3.193333E-5	1.886653E+1	1.028281E+2
-1.028351E+2	1.965333E-4	1.606667E-5	1.891323E+1	1.028351E+2
-1.028421E+2	2.078667E-4	5.333333E-6	1.895993E+1	1.028421E+2
-1.028491E+2	2.115333E-4	2.753333E-5	1.900663E+1	1.028491E+2
-1.028561E+2	2.231333E-4	2.500000E-5	1.905332E+1	1.028561E+2
-1.028631E+2	2.179333E-4	4.006666E-5	1.910002E+1	1.028631E+2
-1.028701E+2	2.126000E-4	2.840000E-5	1.914672E+1	1.028701E+2
-1.028771E+2	2.035333E-4	2.420000E-5	1.919342E+1	1.028771E+2
-1.028841E+2	2.213333E-4	6.333333E-6	1.924012E+1	1.028841E+2
-1.028911E+2	2.110667E-4	2.060000E-5	1.928682E+1	1.028911E+2
-1.028981E+2	2.075333E-4	1.886667E-5	1.933352E+1	1.028981E+2
-1.029051E+2	1.942667E-4	2.113333E-5	1.938022E+1	1.029051E+2
-1.029121E+2	2.068000E-4	2.966667E-5	1.942692E+1	1.029121E+2
-1.029191E+2	1.921333E-4	1.706667E-5	1.947362E+1	1.029191E+2
-1.029261E+2	2.158000E-4	4.426667E-5	1.952032E+1	1.029261E+2
-1.029331E+2	2.004000E-4	2.893333E-5	1.956702E+1	1.029331E+2
-1.029401E+2	2.054000E-4	6.866667E-6	1.961372E+1	1.029401E+2
-1.029471E+2	1.901333E-4	3.040000E-5	1.966042E+1	1.029471E+2
-1.029541E+2	1.951333E-4	3.226667E-5	1.970712E+1	1.029541E+2
-1.029611E+2	2.091333E-4	1.580000E-5	1.975381E+1	1.029611E+2
-1.029681E+2	2.098000E-4	2.053333E-5	1.980051E+1	1.029681E+2
-1.029751E+2	2.120667E-4	2.940000E-5	1.984721E+1	1.029751E+2
-1.029821E+2	2.105333E-4	1.380000E-5	1.989391E+1	1.029821E+2
-1.029891E+2	2.187333E-4	3.426667E-5	1.994061E+1	1.029891E+2
-1.029961E+2	2.248667E-4	3.393333E-5	1.998731E+1	1.029961E+2
-1.030031E+2	2.246000E-4	1.760000E-5	2.003401E+1	1.030031E+2
-1.030101E+2	1.973333E-4	2.660000E-5	2.008071E+1	1.030101E+2
-1.030171E+2	1.876667E-4	2.880000E-5	2.012741E+1	1.030171E+2
-1.030241E+2	2.014000E-4	1.280000E-5	2.017411E+1	1.030241E+2
-1.030311E+2	1.970667E-4	4.040000E-5	2.022081E+1	1.030311E+2
-1.030381E+2	1.994667E-4	2.666667E-5	2.026751E+1	1.030381E+2
-1.030451E+2	2.023333E-4	1.680000E-5	2.031421E+1	1.030451E+2
-1.030521E+2	2.022667E-4	2.460000E-5	2.036091E+1	1.030521E+2
-1.030591E+2	2.140000E-4	1.993333E-5	2.040760E+1	1.030591E+2
-1.030661E+2	2.056000E-4	2.280000E-5	2.045430E+1	1.030661E+2
-1.030731E+2	2.136667E-4	1.293333E-5	2.050100E+1	1.030731E+2
-1.030801E+2	2.108000E-4	2.566667E-5	2.054770E+1	1.030801E+2
-1.030871E+2	2.160000E-4	3.413333E-5	2.059440E+1	1.030871E+2
-1.030941E+2	2.344667E-4	1.506667E-5	2.064110E+1	1.030941E+2
-1.031011E+2	2.061333E-4	3.500000E-5	2.068780E+1	1.031011E+2
-1.031081E+2	2.096000E-4	3.173333E-5	2.073450E+1	1.031081E+2
-1.031151E+2	2.046000E-4	2.600000E-5	2.078120E+1	1.031151E+2
-1.031221E+2	2.002000E-4	2.440000E-5	2.082790E+1	1.031221E+2
-1.031291E+2	1.974000E-4	1.753333E-5	2.087460E+1	1.031291E+2
-1.031361E+2	2.234000E-4	1.240000E-5	2.092130E+1	1.031361E+2
-1.031431E+2	1.926000E-4	2.866667E-5	2.096800E+1	1.031431E+2
-1.031501E+2	1.982000E-4	1.506667E-5	2.101470E+1	1.031501E+2
-1.031571E+2	2.146000E-4	4.120000E-5	2.106140E+1	1.031571E+2
-1.031641E+2	2.031333E-4	2.306667E-5	2.110810E+1	1.031641E+2
-1.031711E+2	2.048667E-4	9.933334E-6	2.115479E+1	1.031711E+2
-1.031781E+2	2.224000E-4	3.220000E-5	2.120149E+1	1.031781E+2
-1.031851E+2	2.132000E-4	2.186667E-5	2.124819E+1	1.031851E+2
-1.031921E+2	2.014000E-4	1.786667E-5	2.129489E+1	1.031921E+2
-1.031991E+2	2.190667E-4	2.353333E-5	2.134159E+1	1.031991E+2
-1.032061E+2	2.138000E-4	2.613333E-5	2.138829E+1	1.032061E+2
-1.032131E+2	2.119333E-4	2.040000E-5	2.143499E+1	1.032131E+2
-1.032201E+2	2.048000E-4	3.180000E-5	2.148169E+1	1.032201E+2
-1.032271E+2	1.988000E-4	1.653333E-5	2.152839E+1	1.032271E+2
-1.032341E+2	2.055333E-4	1.920000E-5	2.157509E+1	1.032341E+2
-1.032411E+2	2.156000E-4	1.340000E-5	2.162179E+1	1.032411E+2
-1.032481E+2	2.128667E-4	3.826667E-5	2.166849E+1	1.032481E+2
-1.032551E+2	1.928000E-4	2.453333E-5	2.171519E+1	1.032551E+2
-1.032621E+2	2.178667E-4	1.900000E-5	2.176188E+1	1.032621E+2
-1.032691E+2	2.052000E-4	3.153333E-5	2.180858E+1	1.032691E+2
-1.032761E+2	2.062667E-4	3.386667E-5	2.185528E+1	1.032761E+2
-1.032831E+2	2.308667E-4	1.666667E-5	2.190198E+1	1.032831E+2
-1.032901E+2	2.103333E-4	-5.466667E-6	2.194868E+1	1.032901E+2
-1.032971E+2	2.115333E-4	6.800000E-6	2.199538E+1	1.032971E+2
-1.033041E+2	2.188000E-4	3.520000E-5	2.204208E+1	1.033041E+2
-1.033111E+2	2.214000E-4	1.106667E-5	2.208878E+1	1.033111E+2
-1.033181E+2	2.079333E-4	1.886667E-5	2.213548E+1	1.033181E+2
-1.033251E+2	2.068000E-4	2.153333E-5	2.218218E+1	1.033251E+2
-1.033321E+2	2.067333E-4	2.373333E-5	2.222888E+1	1.033321E+2
-1.033391E+2	2.018000E-4	3.220000E-5	2.227558E+1	1.033391E+2
-1.033461E+2	1.908667E-4	2.993333E-5	2.232228E+1	1.033461E+2
-1.033531E+2	2.075333E-4	2.233333E-5	2.236898E+1	1.033531E+2
-1.033601E+2	2.055333E-4	1.926667E-5	2.241568E+1	1.033601E+2
-1.033671E+2	1.975333E-4	1.940000E-5	2.246238E+1	1.033671E+2
-1.033741E+2	2.065333E-4	3.053333E-5	2.250908E+1	1.033741E+2
-1.033811E+2	2.043333E-4	3.526667E-5	2.255577E+1	1.033811E+2
-1.033881E+2	2.224667E-4	1.953333E-5	2.260247E+1	1.033881E+2
-1.033951E+2	2.080667E-4	2.500000E-5	2.264917E+1	1.033951E+2
-1.034021E+2	2.218667E-4	3.600000E-5	2.269587E+1	1.034021E+2
-1.034091E+2	2.094000E-4	1.506667E-5	2.274257E+1	1.034091E+2
-1.034161E+2	2.094000E-4	1.906667E-5	2.278927E+1	1.034161E+2
-1.034231E+2	2.144000E-4	2.866667E-5	2.283597E+1	1.034231E+2
-1.034301E+2	2.160000E-4	2.486667E-5	2.288267E+1	1.034301E+2
-1.034371E+2	2.214667E-4	5.400000E-6	2.292937E+1	1.034371E+2
-1.034441E+2	2.323333E-4	1.500000E-5	2.297607E+1	1.034441E+2
-1.034511E+2	1.936000E-4	1.000000E-5	2.302277E+1	1.034511E+2
-1.034581E+2	2.117333E-4	1.686667E-5	2.306947E+1	1.034581E+2
-1.034651E+2	2.184667E-4	3.526667E-5	2.311617E+1	1.034651E+2
-1.034721E+2	2.012667E-4	1.553333E-5	2.316286E+1	1.034721E+2
-1.034791E+2	1.951333E-4	1.953333E-5	2.320956E+1	1.034791E+2
-1.034861E+2	1.980000E-4	4.566667E-5	2.325626E+1	1.034861E+2
-1.034931E+2	1.874667E-4	6.666667E-6	2.330296E+1	1.034931E+2
-1.035001E+2	2.000667E-4	1.166667E-5	2.334966E+1	1.035001E+2
-1.035071E+2	2.084000E-4	1.606667E-5	2.339636E+1	1.035071E+2
-1.035141E+2	2.052667E-4	2.666667E-5	2.344306E+1	1.035141E+2
-1.035211E+2	2.042667E-4	2.440000E-5	2.348976E+1	1.035211E+2
-1.035281E+2	2.208000E-4	2.333333E-5	2.353646E+1	1.035281E+2
-1.035351E+2	2.128000E-4	6.933333E-6	2.358316E+1	1.035351E+2
-1.035421E+2	2.156667E-4	2.526667E-5	2.362986E+1	1.035421E+2
-1.035491E+2	2.142000E-4	1.500000E-5	2.367656E+1	1.035491E+2
-1.035561E+2	2.024667E-4	7.333334E-6	2.372326E+1	1.035561E+2
-1.035631E+2	2.128667E-4	2.313333E-5	2.376996E+1	1.035631E+2
-1.035701E+2	2.048000E-4	3.773333E-5	2.381666E+1	1.035701E+2
-1.035771E+2	2.044000E-4	3.366667E-5	2.386336E+1	1.035771E+2
-1.035841E+2	2.074000E-4	1.873333E-5	2.391006E+1	1.035841E+2
-1.035911E+2	1.873333E-4	3.180000E-5	2.395675E+1	1.035911E+2
-1.035981E+2	2.066667E-4	2.466667E-6	2.400345E+1	1.035981E+2
-1.036051E+2	2.067333E-4	3.086667E-5	2.405015E+1	1.036051E+2
-1.036121E+2	2.113333E-4	2.820000E-5	2.409685E+1	1.036121E+2
-1.036191E+2	2.236667E-4	2.426667E-5	2.414355E+1	1.036191E+2
-1.036261E+2	2.103333E-4	3.473333E-5	2.419025E+1	1.036261E+2
-1.036331E+2	2.103333E-4	1.586667E-5	2.423695E+1	1.036331E+2
-1.036401E+2	2.260667E-4	-1.200000E-6	2.428365E+1	1.036401E+2
-1.036471E+2	2.225333E-4	1.406667E-5	2.433035E+1	1.036471E+2
-1.036541E+2	2.133333E-4	1.873333E-5	2.437705E+1	1.036541E+2
-1.036611E+2	2.058000E-4	1.913333E-5	2.442375E+1	1.036611E+2
-1.036681E+2	2.058667E-4	1.933333E-5	2.447045E+1	1.036681E+2
-1.036751E+2	1.972000E-4	2.326667E-5	2.451715E+1	1.036751E+2
-1.036821E+2	2.139333E-4	2.346667E-5	2.456384E+1	1.036821E+2
-1.036891E+2	2.140000E-4	2.273333E-5	2.461054E+1	1.036891E+2
-1.036961E+2	2.048667E-4	1.386667E-5	2.465724E+1	1.036961E+2
-1.037031E+2	2.013333E-4	5.333333E-6	2.470394E+1	1.037031E+2
-1.037101E+2	2.171333E-4	3.373333E-5	2.475064E+1	1.037101E+2
-1.037171E+2	2.169333E-4	2.160000E-5	2.479734E+1	1.037171E+2
-1.037241E+2	1.995333E-4	1.700000E-5	2.484404E+1	1.037241E+2
-1.037311E+2	2.176000E-4	1.220000E-5	2.489074E+1	1.037311E+2
-1.037381E+2	2.149333E-4	5.046667E-5	2.493744E+1	1.037381E+2
-1.037451E+2	2.102667E-4	1.006667E-5	2.498414E+1	1.037451E+2
-1.037521E+2	2.198000E-4	3.800000E-5	2.503084E+1	1.037521E+2
-1.037591E+2	2.058667E-4	3.306667E-5	2.507754E+1	1.037591E+2
-1.037661E+2	2.054667E-4	2.480000E-5	2.512424E+1	1.037661E+2
-1.037731E+2	1.954667E-4	3.420000E-5	2.517094E+1	1.037731E+2
-1.037801E+2	2.048667E-4	3.500000E-5	2.521764E+1	1.037801E+2
-1.037871E+2	1.987333E-4	3.033333E-5	2.526434E+1	1.037871E+2
-1.037941E+2	2.009333E-4	2.526667E-5	2.531103E+1	1.037941E+2
-1.038011E+2	1.984667E-4	3.020000E-5	2.535773E+1	1.038011E+2
-1.038081E+2	2.058667E-4	-1.466667E-6	2.540443E+1	1.038081E+2
-1.038151E+2	1.939333E-4	1.280000E-5	2.545113E+1	1.038151E+2
-1.038221E+2	2.136667E-4	3.033333E-5	2.549783E+1	1.038221E+2
-1.038291E+2	1.955333E-4	3.373333E-5	2.554453E+1	1.038291E+2
-1.038361E+2	2.123333E-4	3.066667E-5	2.559123E+1	1.038361E+2
-1.038431E+2	2.192000E-4	2.120000E-5	2.563793E+1	1.038431E+2
-1.038501E+2	2.147333E-4	1.726667E-5	2.568463E+1	1.038501E+2
-1.038571E+2	2.250667E-4	1.280000E-5	2.573133E+1	1.038571E+2
-1.038641E+2	2.122667E-4	1.893333E-5	2.577803E+1	1.038641E+2
-1.038711E+2	2.205333E-4	2.746667E-5	2.582473E+1	1.038711E+2
-1.038781E+2	2.078667E-4	3.473333E-5	2.587143E+1	1.038781E+2
-1.038851E+2	2.012000E-4	4.433333E-5	2.591813E+1	1.038851E+2
-1.038921E+2	2.039333E-4	1.533333E-5	2.596482E+1	1.038921E+2
-1.038991E+2	1.973333E-4	1.473333E-5	2.601152E+1	1.038991E+2
-1.039061E+2	1.890000E-4	2.653333E-5	2.605822E+1	1.039061E+2
-1.039131E+2	2.102000E-4	3.046667E-5	2.610492E+1	1.039131E+2
-1.039201E+2	1.992000E-4	1.206667E-5	2.615162E+1	1.039201E+2
-1.039271E+2	2.014667E-4	2.173333E-5	2.619832E+1	1.039271E+2
-1.039341E+2	1.968667E-4	3.173333E-5	2.624502E+1	1.039341E+2
-1.039411E+2	1.836667E-4	3.426667E-5	2.629172E+1	1.039411E+2
-1.039481E+2	2.036667E-4	2.240000E-5	2.633842E+1	1.039481E+2
-1.039551E+2	2.141333E-4	1.393333E-5	2.638512E+1	1.039551E+2
-1.039621E+2	2.101333E-4	3.393333E-5	2.643182E+1	1.039621E+2
-1.039691E+2	2.148000E-4	3.673333E-5	2.647852E+1	1.039691E+2
-1.039761E+2	2.026000E-4	2.653333E-5	2.652522E+1	1.039761E+2
-1.039831E+2	1.964667E-4	3.326667E-5	2.657192E+1	1.039831E+2
-1.039901E+2	2.084000E-4	3.600000E-5	2.661862E+1	1.039901E+2
-1.039971E+2	1.984667E-4	4.153333E-5	2.666531E+1	1.039971E+2
-1.040041E+2	1.860000E-4	3.286667E-5	2.671201E+1	1.040041E+2
-1.040111E+2	1.992667E-4	2.773333E-5	2.675871E+1	1.040111E+2
-1.040181E+2	2.158000E-4	1.480000E-5	2.680541E+1	1.040181E+2
-1.040251E+2	2.144667E-4	2.933333E-6	2.685211E+1	1.040251E+2
-1.040321E+2	2.082667E-4	1.940000E-5	2.689881E+1	1.040321E+2
-1.040391E+2	2.060000E-4	3.093333E-5	2.694551E+1	1.040391E+2
-1.040461E+2	2.158000E-4	1.000000E-6	2.699221E+1	1.040461E+2
-1.040531E+2	1.989333E-4	8.200000E-6	2.703891E+1	1.040531E+2
-1.040601E+2	2.038667E-4	1.933333E-5	2.708561E+1	1.040601E+2
-1.040671E+2	2.138667E-4	3.753333E-5	2.713231E+1	1.040671E+2
-1.040741E+2	2.273333E-4	2.340000E-5	2.717901E+1	1.040741E+2
-1.040811E+2	2.070667E-4	1.893333E-5	2.722571E+1	1.040811E+2
-1.040881E+2	2.150667E-4	1.433333E-5	2.727241E+1	1.040881E+2
-1.040951E+2	1.873333E-4	-2.066667E-6	2.731911E+1	1.040951E+2
-1.041021E+2	1.718000E-4	2.873333E-5	2.736580E+1	1.041021E+2
-1.041091E+2	2.098000E-4	2.400000E-6	2.741250E+1	1.041091E+2
-1.041161E+2	2.078667E-4	5.133333E-6	2.745920E+1	1.041161E+2
-1.041231E+2	2.002667E-4	2.286667E-5	2.750590E+1	1.041231E+2
-1.041301E+2	1.872667E-4	2.820000E-5	2.755260E+1	1.041301E+2
-1.041371E+2	1.848000E-4	2.140000E-5	2.759930E+1	1.041371E+2
-1.041441E+2	2.096000E-4	1.693333E-5	2.764600E+1	1.041441E+2
-1.041511E+2	1.899333E-4	3.766666E-5	2.769270E+1	1.041511E+2
-1.041581E+2	1.964000E-4	1.486667E-5	2.773940E+1	1.041581E+2
-1.041651E+2	2.178667E-4	1.480000E-5	2.778610E+1	1.041651E+2
-1.041721E+2	2.293333E-4	2.660000E-5	2.783280E+1	1.041721E+2
-1.041791E+2	2.034667E-4	1.073333E-5	2.787950E+1	1.041791E+2
-1.041861E+2	2.010000E-4	2.180000E-5	2.792620E+1	1.041861E+2
-1.041931E+2	2.046000E-4	4.306667E-5	2.797290E+1	1.041931E+2
-1.042001E+2	1.972667E-4	3.366667E-5	2.801959E+1	1.042001E+2
-1.042071E+2	2.018667E-4	2.573333E-5	2.806629E+1	1.042071E+2
-1.042141E+2	1.966000E-4	3.066667E-5	2.811299E+1	1.042141E+2
-1.042211E+2	1.848000E-4	-6.666667E-6	2.815969E+1	1.042211E+2
-1.042281E+2	2.244000E-4	1.526667E-5	2.820639E+1	1.042281E+2
-1.042351E+2	1.888667E-4	3.293333E-5	2.825309E+1	1.042351E+2
-1.042421E+2	2.088667E-4	2.040000E-5	2.829979E+1	1.042421E+2
-1.042491E+2	2.085333E-4	2.800000E-5	2.834649E+1	1.042491E+2
-1.042561E+2	2.154667E-4	2.940000E-5	2.839319E+1	1.042561E+2
-1.042631E+2	2.134000E-4	2.306667E-5	2.843989E+1	1.042631E+2
-1.042701E+2	2.138000E-4	3.320000E-5	2.848659E+1	1.042701E+2
-1.042771E+2	2.160667E-4	3.746667E-5	2.853329E+1	1.042771E+2
-1.042841E+2	2.098667E-4	6.133333E-6	2.857999E+1	1.042841E+2
-1.042911E+2	2.080000E-4	1.953333E-5	2.862669E+1	1.042911E+2
-1.042981E+2	1.984000E-4	1.660000E-5	2.867339E+1	1.042981E+2
-1.043051E+2	2.044000E-4	2.300000E-5	2.872009E+1	1.043051E+2
-1.043121E+2	2.085333E-4	1.340000E-5	2.876678E+1	1.043121E+2
-1.043191E+2	1.953333E-4	2.946667E-5	2.881348E+1	1.043191E+2
-1.043261E+2	1.994667E-4	3.380000E-5	2.886018E+1	1.043261E+2
-1.043331E+2	1.974000E-4	1.653333E-5	2.890688E+1	1.043331E+2
-1.043401E+2	2.178000E-4	5.533333E-6	2.895358E+1	1.043401E+2
-1.043471E+2	1.881333E-4	1.846667E-5	2.900028E+1	1.043471E+2
-1.043541E+2	1.911333E-4	2.586667E-5	2.904698E+1	1.043541E+2
-1.043611E+2	2.045333E-4	2.793333E-5	2.909368E+1	1.043611E+2
-1.043681E+2	1.918000E-4	3.166667E-5	2.914038E+1	1.043681E+2
-1.043751E+2	2.013333E-4	2.900000E-5	2.918708E+1	1.043751E+2
-1.043821E+2	2.214000E-4	1.740000E-5	2.923378E+1	1.043821E+2
-1.043891E+2	2.146000E-4	1.900000E-5	2.928048E+1	1.043891E+2
-1.043961E+2	2.056000E-4	2.386667E-5	2.932718E+1	1.043961E+2
-1.044031E+2	2.104000E-4	1.220000E-5	2.937387E+1	1.044031E+2
-1.044101E+2	2.142000E-4	2.000000E-5	2.942057E+1	1.044101E+2
-1.044171E+2	2.062000E-4	1.773333E-5	2.946727E+1	1.044171E+2
-1.044241E+2	1.954000E-4	3.306667E-5	2.951397E+1	1.044241E+2
-1.044311E+2	2.009333E-4	1.046667E-5	2.956067E+1	1.044311E+2
-1.044381E+2	2.062000E-4	1.753333E-5	2.960737E+1	1.044381E+2
-1.044451E+2	2.124000E-4	1.800000E-6	2.965407E+1	1.044451E+2
-1.044521E+2	1.897333E-4	1.093333E-5	2.970077E+1	1.044521E+2
-1.044591E+2	1.991333E-4	2.460000E-5	2.974747E+1	1.044591E+2
-1.044661E+2	1.862000E-4	3.586667E-5	2.979417E+1	1.044661E+2
-1.044731E+2	2.079333E-4	3.113334E-5	2.984087E+1	1.044731E+2
-1.044801E+2	2.095333E-4	1.766667E-5	2.988757E+1	1.044801E+2
-1.044871E+2	2.094667E-4	1.460000E-5	2.993427E+1	1.044871E+2
-1.044941E+2	2.165333E-4	2.366667E-5	2.998097E+1	1.044941E+2
-1.045011E+2	2.168667E-4	2.846667E-5	3.002767E+1	1.045011E+2
-1.045081E+2	1.957333E-4	1.140000E-5	3.007437E+1	1.045081E+2
-1.045151E+2	2.123333E-4	2.273333E-5	3.012107E+1	1.045151E+2
-1.045221E+2	2.124667E-4	3.260000E-5	3.016776E+1	1.045221E+2
-1.045291E+2	2.220667E-4	1.033333E-5	3.021446E+1	1.045291E+2
-1.045361E+2	2.029333E-4	3.080000E-5	3.026116E+1	1.045361E+2
-1.045431E+2	2.181333E-4	9.200000E-6	3.030786E+1	1.045431E+2
-1.045501E+2	2.114667E-4	2.166667E-5	3.035456E+1	1.045501E+2
-1.045571E+2	1.996667E-4	2.286667E-5	3.040126E+1	1.045571E+2
-1.045641E+2	2.156000E-4	8.866667E-6	3.044796E+1	1.045641E+2
-1.045711E+2	1.945333E-4	2.766667E-5	3.049466E+1	1.045711E+2
-1.045781E+2	2.120667E-4	1.333333E-5	3.054136E+1	1.045781E+2
-1.045851E+2	2.195333E-4	5.266666E-6	3.058806E+1	1.045851E+2
-1.045921E+2	2.062667E-4	4.080000E-5	3.063476E+1	1.045921E+2
-1.045991E+2	2.074000E-4	1.693333E-5	3.068146E+1	1.045991E+2
-1.046061E+2	2.260667E-4	3.133333E-5	3.072816E+1	1.046061E+2
-1.046131E+2	1.996667E-4	2.946667E-5	3.077485E+1	1.046131E+2
-1.046201E+2	2.252000E-4	3.040000E-5	3.082155E+1	1.046201E+2
-1.046271E+2	1.782667E-4	1.606667E-5	3.086825E+1	1.046271E+2
-1.046341E+2	2.016000E-4	3.753333E-5	3.091495E+1	1.046341E+2
-1.046411E+2	1.846667E-4	1.893333E-5	3.096165E+1	1.046411E+2
-1.046481E+2	1.994000E-4	1.666667E-5	3.100835E+1	1.046481E+2
-1.046551E+2	2.104000E-4	1.626667E-5	3.105505E+1	1.046551E+2
-1.046621E+2	2.127333E-4	2.813333E-5	3.110175E+1	1.046621E+2
-1.046691E+2	1.958667E-4	1.866667E-5	3.114845E+1	1.046691E+2
-1.046761E+2	2.170667E-4	1.246667E-5	3.119515E+1	1.046761E+2
-1.046831E+2	2.074667E-4	2.133333E-5	3.124185E+1	1.046831E+2
-1.046901E+2	2.118667E-4	1.626667E-5	3.128855E+1	1.046901E+2
-1.046971E+2	2.083333E-4	2.593333E-5	3.133525E+1	1.046971E+2
-1.047041E+2	2.028000E-4	3.706667E-5	3.138195E+1	1.047041E+2
-1.047111E+2	2.200000E-4	2.033333E-5	3.142865E+1	1.047111E+2
-1.047181E+2	2.176667E-4	3.913333E-5	3.147535E+1	1.047181E+2
-1.047251E+2	2.136667E-4	2.000000E-5	3.152205E+1	1.047251E+2
-1.047321E+2	2.081333E-4	1.786667E-5	3.156874E+1	1.047321E+2
-1.047391E+2	2.024667E-4	2.953333E-5	3.161544E+1	1.047391E+2
-1.047461E+2	1.986000E-4	1.280000E-5	3.166214E+1	1.047461E+2
-1.047531E+2	1.962000E-4	2.833333E-5	3.170884E+1	1.047531E+2
-1.047601E+2	2.017333E-4	3.493333E-5	3.175554E+1	1.047601E+2
-1.047671E+2	2.102000E-4	2.220000E-5	3.180224E+1	1.047671E+2
-1.047741E+2	2.113333E-4	3.360000E-5	3.184894E+1	1.047741E+2
-1.047811E+2	2.230000E-4	1.953333E-5	3.189564E+1	1.047811E+2
-1.047881E+2	1.975333E-4	3.366667E-5	3.194234E+1	1.047881E+2
-1.047951E+2	1.899333E-4	3.426667E-5	3.198904E+1	1.047951E+2
-1.048021E+2	2.303333E-4	2.226667E-5	3.203574E+1	1.048021E+2
-1.048091E+2	2.048667E-4	2.420000E-5	3.208244E+1	1.048091E+2
-1.048161E+2	2.243333E-4	1.713333E-5	3.212914E+1	1.048161E+2
-1.048231E+2	2.226667E-4	2.273333E-5	3.217583E+1	1.048231E+2
-1.048301E+2	2.089333E-4	1.606667E-5	3.222253E+1	1.048301E+2
-1.048371E+2	2.039333E-4	2.660000E-5	3.226923E+1	1.048371E+2
-1.048441E+2	2.072000E-4	1.120000E-5	3.231593E+1	1.048441E+2
-1.048511E+2	2.120667E-4	3.373333E-5	3.236263E+1	1.048511E+2
-1.048581E+2	2.012000E-4	1.360000E-5	3.240933E+1	1.048581E+2
-1.048651E+2	2.120000E-4	2.340000E-5	3.245603E+1	1.048651E+2
-1.048721E+2	1.914667E-4	4.246667E-5	3.250273E+1	1.048721E+2
-1.048791E+2	2.080667E-4	2.300000E-5	3.254943E+1	1.048791E+2
-1.048861E+2	2.031333E-4	3.653333E-5	3.259613E+1	1.048861E+2
-1.048931E+2	1.967333E-4	1.773333E-5	3.264283E+1	1.048931E+2
-1.049001E+2	2.204667E-4	8.600000E-6	3.268953E+1	1.049001E+2
-1.049071E+2	1.996000E-4	2.746667E-5	3.273623E+1	1.049071E+2
-1.049141E+2	2.044000E-4	2.786667E-5	3.278292E+1	1.049141E+2
-1.049211E+2	2.275333E-4	2.033333E-5	3.282962E+1	1.049211E+2
-1.049281E+2	2.187333E-4	1.360000E-5	3.287632E+1	1.049281E+2
-1.049351E+2	2.090000E-4	2.026667E-5	3.292302E+1	1.049351E+2
-1.049421E+2	2.181333E-4	2.466667E-5	3.296972E+1	1.049421E+2
-1.049491E+2	2.162000E-4	5.080000E-5	3.301642E+1	1.049491E+2
-1.049561E+2	2.111333E-4	-2.420000E-5	3.306312E+1	1.049561E+2
-1.049631E+2	1.940000E-4	1.040000E-5	3.310982E+1	1.049631E+2
-1.049701E+2	1.958000E-4	1.880000E-5	3.315652E+1	1.049701E+2
-1.049771E+2	2.021333E-4	2.493333E-5	3.320322E+1	1.049771E+2
-1.049841E+2	1.976667E-4	3.280000E-5	3.324992E+1	1.049841E+2
-1.049911E+2	2.118000E-4	1.993333E-5	3.329662E+1	1.049911E+2
-1.049981E+2	2.087333E-4	2.333333E-5	3.334332E+1	1.049981E+2
-1.050051E+2	2.024000E-4	2.746667E-5	3.339002E+1	1.050051E+2
-1.050121E+2	1.952000E-4	2.973333E-5	3.343672E+1	1.050121E+2
-1.050191E+2	2.099333E-4	2.500000E-5	3.348342E+1	1.050191E+2
-1.050261E+2	2.181333E-4	4.500000E-5	3.353012E+1	1.050261E+2
-1.050331E+2	1.936000E-4	2.633333E-5	3.357682E+1	1.050331E+2
-1.050401E+2	2.074000E-4	2.386667E-5	3.362351E+1	1.050401E+2
-1.050471E+2	2.145333E-4	2.333333E-5	3.367021E+1	1.050471E+2
-1.050541E+2	2.100000E-4	2.133333E-5	3.371691E+1	1.050541E+2
-1.050611E+2	2.242667E-4	3.193333E-5	3.376361E+1	1.050611E+2
-1.050681E+2	2.178000E-4	-5.733333E-6	3.381031E+1	1.050681E+2
-1.050751E+2	1.995333E-4	1.953333E-5	3.385701E+1	1.050751E+2
-1.050821E+2	1.908000E-4	2.720000E-5	3.390371E+1	1.050821E+2
-1.050891E+2	1.972667E-4	1.080000E-5	3.395041E+1	1.050891E+2
-1.050961E+2	1.936000E-4	4.573333E-5	3.399711E+1	1.050961E+2
-1.051031E+2	2.025333E-4	2.746667E-5	3.404381E+1	1.051031E+2
-1.051101E+2	2.064667E-4	1.460000E-5	3.409051E+1	1.051101E+2
-1.051171E+2	2.034667E-4	2.320000E-5	3.413721E+1	1.051171E+2
-1.051241E+2	2.059333E-4	2.160000E-5	3.418391E+1	1.051241E+2
-1.051311E+2	2.050000E-4	2.493333E-5	3.423061E+1	1.051311E+2
-1.051381E+2	2.130667E-4	3.426667E-5	3.427731E+1	1.051381E+2
-1.051451E+2	2.444000E-4	2.373333E-5	3.432401E+1	1.051451E+2
-1.051521E+2	2.198667E-4	3.340000E-5	3.437070E+1	1.051521E+2
-1.051591E+2	2.219333E-4	3.066667E-5	3.441740E+1	1.051591E+2
-1.051661E+2	2.043333E-4	2.446667E-5	3.446410E+1	1.051661E+2
-1.051731E+2	1.998667E-4	2.060000E-5	3.451080E+1	1.051731E+2
-1.051801E+2	2.024667E-4	3.100000E-5	3.455750E+1	1.051801E+2
-1.051871E+2	1.974667E-4	1.506667E-5	3.460420E+1	1.051871E+2
-1.051941E+2	2.006667E-4	2.320000E-5	3.465090E+1	1.051941E+2
-1.052011E+2	1.840667E-4	1.473333E-5	3.469760E+1	1.052011E+2
-1.052081E+2	1.840667E-4	2.613333E-5	3.474430E+1	1.052081E+2
-1.052151E+2	2.077333E-4	2.206667E-5	3.479100E+1	1.052151E+2
-1.052221E+2	2.227333E-4	2.473333E-5	3.483770E+1	1.052221E+2
-1.052291E+2	2.168000E-4	1.966667E-5	3.488440E+1	1.052291E+2
-1.052361E+2	2.127333E-4	4.853333E-5	3.493110E+1	1.052361E+2
-1.052431E+2	2.163333E-4	3.500000E-5	3.497779E+1	1.052431E+2
-1.052501E+2	2.304000E-4	2.926667E-5	3.502449E+1	1.052501E+2
-1.052571E+2	2.318667E-4	3.033333E-5	3.507119E+1	1.052571E+2
-1.052641E+2	2.090000E-4	4.326667E-5	3.511789E+1	1.052641E+2
-1.052711E+2	2.126000E-4	3.540000E-5	3.516459E+1	1.052711E+2
-1.052781E+2	2.024667E-4	2.846667E-5	3.521129E+1	1.052781E+2
-1.052851E+2	2.098000E-4	1.606667E-5	3.525799E+1	1.052851E+2
-1.052921E+2	2.047333E-4	2.526667E-5	3.530469E+1	1.052921E+2
-1.052991E+2	1.922667E-4	1.920000E-5	3.535139E+1	1.052991E+2
-1.053061E+2	2.000000E-4	1.133333E-5	3.539809E+1	1.053061E+2
-1.053131E+2	2.179333E-4	1.193333E-5	3.544479E+1	1.053131E+2
-1.053201E+2	2.132667E-4	3.433333E-5	3.549149E+1	1.053201E+2
-1.053271E+2	1.956000E-4	1.153333E-5	3.553819E+1	1.053271E+2
-1.053341E+2	2.126667E-4	1.100000E-5	3.558488E+1	1.053341E+2
-1.053411E+2	2.106000E-4	1.033333E-5	3.563158E+1	1.053411E+2
-1.053481E+2	2.056000E-4	2.960000E-5	3.567828E+1	1.053481E+2
-1.053551E+2	2.128000E-4	1.966667E-5	3.572498E+1	1.053551E+2
-1.053621E+2	2.199333E-4	1.153333E-5	3.577168E+1	1.053621E+2
-1.053691E+2	2.107333E-4	3.766666E-5	3.581838E+1	1.053691E+2
-1.053761E+2	2.146667E-4	2.073333E-5	3.586508E+1	1.053761E+2
-1.053831E+2	2.112000E-4	2.713333E-5	3.591178E+1	1.053831E+2
-1.053901E+2	2.254000E-4	3.573333E-5	3.595848E+1	1.053901E+2
-1.053971E+2	2.090000E-4	2.553333E-5	3.600518E+1	1.053971E+2
-1.054041E+2	1.917333E-4	2.753333E-5	3.605188E+1	1.054041E+2
-1.054111E+2	2.051333E-4	2.846667E-5	3.609858E+1	1.054111E+2
-1.054181E+2	2.123333E-4	1.820000E-5	3.614528E+1	1.054181E+2
-1.054251E+2	2.079333E-4	1.026667E-5	3.619198E+1	1.054251E+2
-1.054321E+2	1.880000E-4	8.733334E-6	3.623868E+1	1.054321E+2
-1.054391E+2	1.910667E-4	4.286667E-5	3.628537E+1	1.054391E+2
-1.054461E+2	2.082667E-4	2.813333E-5	3.633207E+1	1.054461E+2
-1.054531E+2	2.089333E-4	2.273333E-5	3.637877E+1	1.054531E+2
-1.054601E+2	2.056000E-4	1.993333E-5	3.642547E+1	1.054601E+2
-1.054671E+2	2.236667E-4	2.326667E-5	3.647217E+1	1.054671E+2
-1.054741E+2	2.409333E-4	8.800000E-6	3.651887E+1	1.054741E+2
-1.054811E+2	2.210000E-4	2.646667E-5	3.656557E+1	1.054811E+2
-1.054881E+2	2.178000E-4	1.893333E-5	3.661227E+1	1.054881E+2
-1.054951E+2	2.086000E-4	2.820000E-5	3.665897E+1	1.054951E+2
-1.055021E+2	2.238000E-4	1.240000E-5	3.670567E+1	1.055021E+2
-1.055091E+2	2.067333E-4	2.260000E-5	3.675237E+1	1.055091E+2
-1.055161E+2	2.039333E-4	2.026667E-5	3.679907E+1	1.055161E+2
-1.055231E+2	1.974000E-4	1.006667E-5	3.684577E+1	1.055231E+2
-1.055301E+2	1.960000E-4	1.560000E-5	3.689247E+1	1.055301E+2
-1.055371E+2	2.092000E-4	3.320000E-5	3.693917E+1	1.055371E+2
-1.055441E+2	1.960667E-4	2.026667E-5	3.698587E+1	1.055441E+2
-1.055511E+2	2.179333E-4	1.540000E-5	3.703257E+1	1.055511E+2
-1.055581E+2	1.869333E-4	1.780000E-5	3.707927E+1	1.055581E+2
-1.055651E+2	2.147333E-4	1.500000E-5	3.712597E+1	1.055651E+2
-1.055721E+2	2.113333E-4	2.826667E-5	3.717266E+1	1.055721E+2
-1.055791E+2	2.312000E-4	1.640000E-5	3.721936E+1	1.055791E+2
-1.055861E+2	2.216000E-4	1.840000E-5	3.726606E+1	1.055861E+2
-1.055931E+2	2.314000E-4	2.553333E-5	3.731276E+1	1.055931E+2
-1.056001E+2	2.180667E-4	3.613333E-5	3.735946E+1	1.056001E+2
-1.056071E+2	2.042000E-4	2.293333E-5	3.740616E+1	1.056071E+2
-1.056141E+2	2.186000E-4	1.806667E-5	3.745286E+1	1.056141E+2
-1.056211E+2	2.141333E-4	9.266667E-6	3.749956E+1	1.056211E+2
-1.056281E+2	1.994667E-4	2.300000E-5	3.754626E+1	1.056281E+2
-1.056351E+2	2.131333E-4	2.126667E-5	3.759296E+1	1.056351E+2
-1.056421E+2	1.995333E-4	2.086667E-5	3.763966E+1	1.056421E+2
-1.056491E+2	1.922667E-4	3.453333E-5	3.768636E+1	1.056491E+2
-1.056561E+2	1.972667E-4	3.760000E-5	3.773306E+1	1.056561E+2
-1.056631E+2	2.094000E-4	1.586667E-5	3.777975E+1	1.056631E+2
-1.056701E+2	2.248667E-4	3.540000E-5	3.782645E+1	1.056701E+2
-1.056771E+2	2.112667E-4	2.086667E-5	3.787315E+1	1.056771E+2
-1.056841E+2	2.022000E-4	3.300000E-5	3.791985E+1	1.056841E+2
-1.056911E+2	2.291333E-4	2.560000E-5	3.796655E+1	1.056911E+2
-1.056981E+2	2.270667E-4	3.266667E-5	3.801325E+1	1.056981E+2
-1.057051E+2	2.132000E-4	3.233333E-5	3.805995E+1	1.057051E+2
-1.057121E+2	2.107333E-4	2.353333E-5	3.810665E+1	1.057121E+2
-1.057191E+2	2.125333E-4	2.660000E-5	3.815335E+1	1.057191E+2
-1.057261E+2	2.002667E-4	3.840000E-5	3.820005E+1	1.057261E+2
-1.057331E+2	2.172667E-4	8.866667E-6	3.824675E+1	1.057331E+2
-1.057401E+2	2.188000E-4	1.866667E-5	3.829345E+1	1.057401E+2
-1.057471E+2	2.047333E-4	2.373333E-5	3.834015E+1	1.057471E+2
-1.057541E+2	2.013333E-4	4.333333E-5	3.838684E+1	1.057541E+2
-1.057611E+2	1.918667E-4	1.720000E-5	3.843354E+1	1.057611E+2
-1.057681E+2	2.093333E-4	1.893333E-5	3.848024E+1	1.057681E+2
-1.057751E+2	2.072667E-4	2.900000E-5	3.852694E+1	1.057751E+2
-1.057821E+2	2.085333E-4	2.600000E-5	3.857364E+1	1.057821E+2
-1.057891E+2	2.154667E-4	4.600000E-6	3.862034E+1	1.057891E+2
-1.057961E+2	2.044667E-4	2.726667E-5	3.866704E+1	1.057961E+2
-1.058031E+2	2.149333E-4	1.080000E-5	3.871374E+1	1.058031E+2
-1.058101E+2	2.018000E-4	1.966667E-5	3.876044E+1	1.058101E+2
-1.058171E+2	2.135333E-4	2.160000E-5	3.880714E+1	1.058171E+2
-1.058241E+2	2.086667E-4	2.233333E-5	3.885384E+1	1.058241E+2
-1.058311E+2	1.998667E-4	1.060000E-5	3.890054E+1	1.058311E+2
-1.058381E+2	1.915333E-4	2.033333E-5	3.894724E+1	1.058381E+2
-1.058451E+2	2.030000E-4	1.506667E-5	3.899393E+1	1.058451E+2
-1.058521E+2	2.152667E-4	6.000000E-7	3.904063E+1	1.058521E+2
-1.058591E+2	2.190667E-4	1.373333E-5	3.908733E+1	1.058591E+2
-1.058661E+2	1.983333E-4	2.073333E-5	3.913403E+1	1.058661E+2
-1.058731E+2	2.076000E-4	1.673333E-5	3.918073E+1	1.058731E+2
-1.058801E+2	2.181333E-4	5.133333E-6	3.922743E+1	1.058801E+2
-1.058871E+2	1.963333E-4	1.360000E-5	3.927413E+1	1.058871E+2
-1.058941E+2	2.156000E-4	-1.593333E-5	3.932083E+1	1.058941E+2
-1.059011E+2	2.171333E-4	-1.900000E-5	3.936753E+1	1.059011E+2
-1.059081E+2	2.168000E-4	1.233333E-5	3.941423E+1	1.059081E+2
-1.059151E+2	2.240667E-4	-1.600000E-6	3.946093E+1	1.059151E+2
-1.059221E+2	2.237333E-4	-5.600000E-6	3.950763E+1	1.059221E+2
-1.059291E+2	2.335333E-4	1.466667E-5	3.955433E+1	1.059291E+2
-1.059361E+2	2.203333E-4	3.500000E-5	3.960103E+1	1.059361E+2
-1.059431E+2	2.079333E-4	3.333333E-7	3.964773E+1	1.059431E+2
-1.059501E+2	2.036000E-4	1.320000E-5	3.969443E+1	1.059501E+2
-1.059571E+2	2.032000E-4	2.940000E-5	3.974113E+1	1.059571E+2
-1.059641E+2	2.024000E-4	1.573333E-5	3.978783E+1	1.059641E+2
-1.059711E+2	2.009333E-4	3.313333E-5	3.983453E+1	1.059711E+2
-1.059781E+2	2.154000E-4	1.986667E-5	3.988122E+1	1.059781E+2
-1.059851E+2	2.136000E-4	5.800000E-6	3.992792E+1	1.059851E+2
-1.059921E+2	2.130000E-4	1.513333E-5	3.997462E+1	1.059921E+2
-1.059991E+2	2.128667E-4	2.993333E-5	4.002132E+1	1.059991E+2
-1.060061E+2	2.168000E-4	1.193333E-5	4.006802E+1	1.060061E+2
-1.060131E+2	2.312667E-4	-1.026667E-5	4.011472E+1	1.060131E+2
-1.060201E+2	2.084667E-4	2.286667E-5	4.016142E+1	1.060201E+2
-1.060271E+2	2.149333E-4	2.680000E-5	4.020812E+1	1.060271E+2
-1.060341E+2	2.251333E-4	9.533333E-6	4.025482E+1	1.060341E+2
-1.060411E+2	2.117333E-4	2.420000E-5	4.030152E+1	1.060411E+2
-1.060481E+2	2.080000E-4	-4.200000E-6	4.034822E+1	1.060481E+2
-1.060551E+2	1.990000E-4	1.880000E-5	4.039492E+1	1.060551E+2
-1.060621E+2	2.045333E-4	1.606667E-5	4.044162E+1	1.060621E+2
-1.060691E+2	2.033333E-4	1.660000E-5	4.048832E+1	1.060691E+2
-1.060761E+2	2.050667E-4	2.940000E-5	4.053502E+1	1.060761E+2
-1.060831E+2	1.922000E-4	-6.133333E-6	4.058171E+1	1.060831E+2
-1.060901E+2	1.907333E-4	2.060000E-5	4.062841E+1	1.060901E+2
-1.060971E+2	2.062000E-4	1.840000E-5	4.067511E+1	1.060971E+2
-1.061041E+2	2.236000E-4	2.526667E-5	4.072181E+1	1.061041E+2
-1.061111E+2	2.240000E-4	2.926667E-5	4.076851E+1	1.061111E+2
-1.061181E+2	2.016000E-4	1.806667E-5	4.081521E+1	1.061181E+2
-1.061251E+2	2.144000E-4	2.880000E-5	4.086191E+1	1.061251E+2
-1.061321E+2	2.078667E-4	2.473333E-5	4.090861E+1	1.061321E+2
-1.061391E+2	2.166667E-4	1.866667E-5	4.095531E+1	1.061391E+2
-1.061461E+2	2.033333E-4	1.360000E-5	4.100201E+1	1.061461E+2
-1.061531E+2	2.084000E-4	1.933333E-5	4.104871E+1	1.061531E+2
-1.061601E+2	2.194000E-4	1.320000E-5	4.109541E+1	1.061601E+2
-1.061671E+2	1.963333E-4	-1.000000E-6	4.114211E+1	1.061671E+2
-1.061741E+2	2.167333E-4	2.853333E-5	4.118880E+1	1.061741E+2
-1.061811E+2	2.153333E-4	-1.126667E-5	4.123550E+1	1.061811E+2
-1.061881E+2	2.117333E-4	-5.000000E-6	4.128220E+1	1.061881E+2
-1.061951E+2	2.189333E-4	2.646667E-5	4.132890E+1	1.061951E+2
-1.062021E+2	2.028667E-4	2.493333E-5	4.137560E+1	1.062021E+2
-1.062091E+2	2.009333E-4	2.420000E-5	4.142230E+1	1.062091E+2
-1.062161E+2	2.119333E-4	1.013333E-5	4.146900E+1	1.062161E+2
-1.062231E+2	2.134667E-4	4.266667E-6	4.151570E+1	1.062231E+2
-1.062301E+2	2.170667E-4	1.233333E-5	4.156240E+1	1.062301E+2
-1.062371E+2	2.090667E-4	2.240000E-5	4.160910E+1	1.062371E+2
-1.062441E+2	2.181333E-4	2.566667E-5	4.165580E+1	1.062441E+2
-1.062511E+2	2.182667E-4	2.266667E-5	4.170250E+1	1.062511E+2
-1.062581E+2	2.269333E-4	1.646667E-5	4.174920E+1	1.062581E+2
-1.062651E+2	2.169333E-4	-2.000000E-6	4.179589E+1	1.062651E+2
-1.062721E+2	2.110000E-4	3.380000E-5	4.184259E+1	1.062721E+2
-1.062791E+2	2.113333E-4	1.486667E-5	4.188929E+1	1.062791E+2
-1.062861E+2	2.070667E-4	3.326667E-5	4.193599E+1	1.062861E+2
-1.062931E+2	2.006000E-4	2.260000E-5	4.198269E+1	1.062931E+2
-1.063001E+2	1.974000E-4	6.000000E-6	4.202939E+1	1.063001E+2
-1.063071E+2	2.114000E-4	1.406667E-5	4.207609E+1	1.063071E+2
-1.063141E+2	1.994000E-4	3.233333E-5	4.212279E+1	1.063141E+2
-1.063211E+2	2.058667E-4	2.520000E-5	4.216949E+1	1.063211E+2
-1.063281E+2	2.252667E-4	2.580000E-5	4.221619E+1	1.063281E+2
-1.063351E+2	2.240667E-4	4.200000E-6	4.226289E+1	1.063351E+2
-1.063421E+2	2.255333E-4	2.593333E-5	4.230959E+1	1.063421E+2
-1.063491E+2	2.142667E-4	2.520000E-5	4.235629E+1	1.063491E+2
-1.063561E+2	2.075333E-4	1.306667E-5	4.240299E+1	1.063561E+2
-1.063631E+2	2.090000E-4	2.733333E-5	4.244969E+1	1.063631E+2
-1.063701E+2	2.067333E-4	2.200000E-5	4.249639E+1	1.063701E+2
-1.063771E+2	2.103333E-4	8.266667E-6	4.254309E+1	1.063771E+2
-1.063841E+2	2.090000E-4	1.140000E-5	4.258978E+1	1.063841E+2
-1.063911E+2	2.019333E-4	3.060000E-5	4.263648E+1	1.063911E+2
-1.063981E+2	2.047333E-4	2.380000E-5	4.268318E+1	1.063981E+2
-1.064051E+2	2.239333E-4	1.826667E-5	4.272988E+1	1.064051E+2
-1.064121E+2	2.070667E-4	1.380000E-5	4.277658E+1	1.064121E+2
-1.064191E+2	2.121333E-4	-1.013333E-5	4.282328E+1	1.064191E+2
-1.064261E+2	2.118667E-4	-1.440000E-5	4.286998E+1	1.064261E+2
-1.064331E+2	2.074667E-4	3.933333E-6	4.291668E+1	1.064331E+2
-1.064401E+2	2.068667E-4	1.713333E-5	4.296338E+1	1.064401E+2
-1.064471E+2	2.406000E-4	7.266667E-6	4.301008E+1	1.064471E+2
-1.064541E+2	2.314000E-4	2.526667E-5	4.305678E+1	1.064541E+2
-1.064611E+2	2.166667E-4	2.540000E-5	4.310348E+1	1.064611E+2
-1.064681E+2	2.192667E-4	2.846667E-5	4.315018E+1	1.064681E+2
-1.064751E+2	2.440000E-4	1.786667E-5	4.319688E+1	1.064751E+2
-1.064821E+2	2.074667E-4	2.733333E-5	4.324358E+1	1.064821E+2
-1.064891E+2	2.150000E-4	3.300000E-5	4.329028E+1	1.064891E+2
-1.064961E+2	1.969333E-4	2.100000E-5	4.333698E+1	1.064961E+2
-1.065031E+2	2.222667E-4	3.153333E-5	4.338367E+1	1.065031E+2
-1.065101E+2	2.040000E-4	2.860000E-5	4.343037E+1	1.065101E+2
-1.065171E+2	2.018667E-4	1.853333E-5	4.347707E+1	1.065171E+2
-1.065241E+2	2.045333E-4	9.400000E-6	4.352377E+1	1.065241E+2
-1.065311E+2	2.024667E-4	1.073333E-5	4.357047E+1	1.065311E+2
-1.065381E+2	2.034667E-4	1.713333E-5	4.361717E+1	1.065381E+2
-1.065451E+2	2.106667E-4	1.146667E-5	4.366387E+1	1.065451E+2
-1.065521E+2	2.132667E-4	1.520000E-5	4.371057E+1	1.065521E+2
-1.065591E+2	2.151333E-4	-1.373333E-5	4.375727E+1	1.065591E+2
-1.065661E+2	2.153333E-4	-7.666667E-6	4.380397E+1	1.065661E+2
-1.065731E+2	2.118000E-4	2.880000E-5	4.385067E+1	1.065731E+2
-1.065801E+2	2.212667E-4	1.540000E-5	4.389737E+1	1.065801E+2
-1.065871E+2	2.213333E-4	1.773333E-5	4.394407E+1	1.065871E+2
-1.065941E+2	2.168667E-4	2.113333E-5	4.399076E+1	1.065941E+2
-1.066011E+2	1.967333E-4	1.620000E-5	4.403746E+1	1.066011E+2
-1.066081E+2	2.087333E-4	4.000000E-6	4.408416E+1	1.066081E+2
-1.066151E+2	2.147333E-4	1.480000E-5	4.413086E+1	1.066151E+2
-1.066221E+2	1.978667E-4	1.320000E-5	4.417756E+1	1.066221E+2
-1.066291E+2	2.106667E-4	9.333334E-7	4.422426E+1	1.066291E+2
-1.066361E+2	2.172667E-4	3.553333E-5	4.427096E+1	1.066361E+2
-1.066431E+2	2.029333E-4	2.566667E-5	4.431766E+1	1.066431E+2
-1.066501E+2	2.116667E-4	9.200000E-6	4.436436E+1	1.066501E+2
-1.066571E+2	2.137333E-4	2.180000E-5	4.441106E+1	1.066571E+2
-1.066641E+2	2.102000E-4	1.840000E-5	4.445776E+1	1.066641E+2
-1.066711E+2	2.128000E-4	-4.600000E-6	4.450446E+1	1.066711E+2
-1.066781E+2	2.118000E-4	2.240000E-5	4.455116E+1	1.066781E+2
-1.066851E+2	2.130667E-4	8.933333E-6	4.459785E+1	1.066851E+2
-1.066921E+2	2.046667E-4	3.053333E-5	4.464455E+1	1.066921E+2
-1.066991E+2	2.252667E-4	2.086667E-5	4.469125E+1	1.066991E+2
-1.067061E+2	2.202000E-4	8.533333E-6	4.473795E+1	1.067061E+2
-1.067131E+2	2.141333E-4	1.353333E-5	4.478465E+1	1.067131E+2
-1.067201E+2	2.312667E-4	-5.333333E-7	4.483135E+1	1.067201E+2
-1.067271E+2	2.216667E-4	8.533333E-6	4.487805E+1	1.067271E+2
-1.067341E+2	2.097333E-4	2.373333E-5	4.492475E+1	1.067341E+2
-1.067411E+2	2.052000E-4	3.060000E-5	4.497145E+1	1.067411E+2
-1.067481E+2	2.095333E-4	1.233333E-5	4.501815E+1	1.067481E+2
-1.067551E+2	2.112667E-4	5.200000E-6	4.506485E+1	1.067551E+2
-1.067621E+2	2.218000E-4	3.086667E-5	4.511155E+1	1.067621E+2
-1.067691E+2	2.106000E-4	2.120000E-5	4.515825E+1	1.067691E+2
-1.067761E+2	2.144667E-4	2.533333E-5	4.520495E+1	1.067761E+2
-1.067831E+2	2.364667E-4	2.406667E-5	4.525164E+1	1.067831E+2
-1.067901E+2	2.171333E-4	2.146667E-5	4.529834E+1	1.067901E+2
-1.067971E+2	2.253333E-4	2.380000E-5	4.534504E+1	1.067971E+2
-1.068041E+2	2.167333E-4	3.500000E-5	4.539174E+1	1.068041E+2
-1.068111E+2	2.151333E-4	2.733333E-5	4.543844E+1	1.068111E+2
-1.068181E+2	2.060667E-4	2.566667E-5	4.548514E+1	1.068181E+2
-1.068251E+2	2.097333E-4	2.406667E-5	4.553184E+1	1.068251E+2
-1.068321E+2	2.080667E-4	1.240000E-5	4.557854E+1	1.068321E+2
-1.068391E+2	2.216667E-4	-2.460000E-5	4.562524E+1	1.068391E+2
-1.068461E+2	2.218667E-4	-1.800000E-6	4.567194E+1	1.068461E+2
-1.068531E+2	2.175333E-4	1.326667E-5	4.571864E+1	1.068531E+2
-1.068601E+2	2.164667E-4	2.020000E-5	4.576534E+1	1.068601E+2
-1.068671E+2	2.432000E-4	9.333334E-6	4.581204E+1	1.068671E+2
-1.068741E+2	2.154667E-4	7.600000E-6	4.585874E+1	1.068741E+2
-1.068811E+2	2.226667E-4	-6.933333E-6	4.590544E+1	1.068811E+2
-1.068881E+2	2.338000E-4	7.200000E-6	4.595214E+1	1.068881E+2
-1.068951E+2	2.266000E-4	3.380000E-5	4.599884E+1	1.068951E+2
-1.069021E+2	2.240667E-4	3.026667E-5	4.604554E+1	1.069021E+2
-1.069091E+2	2.331333E-4	2.893333E-5	4.609224E+1	1.069091E+2
-1.069161E+2	2.220000E-4	7.466667E-6	4.613893E+1	1.069161E+2
-1.069231E+2	1.942667E-4	2.033333E-5	4.618563E+1	1.069231E+2
-1.069301E+2	2.172667E-4	1.686667E-5	4.623233E+1	1.069301E+2
-1.069371E+2	2.311333E-4	1.493333E-5	4.627903E+1	1.069371E+2
-1.069441E+2	2.258000E-4	1.233333E-5	4.632573E+1	1.069441E+2
-1.069511E+2	1.997333E-4	1.606667E-5	4.637243E+1	1.069511E+2
-1.069581E+2	2.205333E-4	2.026667E-5	4.641913E+1	1.069581E+2
-1.069651E+2	2.152000E-4	1.540000E-5	4.646583E+1	1.069651E+2
-1.069721E+2	2.111333E-4	2.333333E-5	4.651253E+1	1.069721E+2
-1.069791E+2	2.081333E-4	3.026667E-5	4.655923E+1	1.069791E+2
-1.069861E+2	2.274667E-4	1.500000E-5	4.660593E+1	1.069861E+2
-1.069931E+2	2.236000E-4	4.400000E-6	4.665263E+1	1.069931E+2
