-1.005001E+2	1.561500E-3	3.500000E-6	0.000000E+0	1.005001E+2
-1.005501E+2	1.578000E-3	5.300000E-5	3.335666E-1	1.005501E+2
-1.006001E+2	1.533500E-3	3.350000E-5	6.671332E-1	1.006001E+2
-1.006501E+2	1.546500E-3	-6.000000E-6	1.000700E+0	1.006501E+2
-1.007001E+2	1.543000E-3	-3.000000E-5	1.334266E+0	1.007001E+2
-1.007501E+2	1.545500E-3	-2.450000E-5	1.667833E+0	1.007501E+2
-1.008001E+2	1.517000E-3	-4.100000E-5	2.001400E+0	1.008001E+2
-1.008501E+2	1.537500E-3	-1.350000E-5	2.334966E+0	1.008501E+2
-1.009001E+2	1.549500E-3	-3.100000E-5	2.668533E+0	1.009001E+2
-1.009501E+2	1.489500E-3	5.000000E-7	3.002100E+0	1.009501E+2
-1.010001E+2	1.498500E-3	-3.300000E-5	3.335666E+0	1.010001E+2
-1.010501E+2	1.537000E-3	-8.650000E-5	3.669233E+0	1.010501E+2
-1.011001E+2	1.496000E-3	-7.050000E-5	4.002800E+0	1.011001E+2
-1.011501E+2	1.533500E-3	-9.000000E-6	4.336366E+0	1.011501E+2
-1.012001E+2	1.521000E-3	-1.300000E-5	4.669932E+0	1.012001E+2
-1.012501E+2	1.534000E-3	-1.700000E-5	5.003499E+0	1.012501E+2
-1.013001E+2	1.531500E-3	-4.600000E-5	5.337066E+0	1.013001E+2
-1.013501E+2	1.507000E-3	-2.500000E-6	5.670632E+0	1.013501E+2
-1.014001E+2	1.544000E-3	-2.550000E-5	6.004199E+0	1.014001E+2
-1.014501E+2	1.587000E-3	2.300000E-5	6.337766E+0	1.014501E+2
-1.015001E+2	1.545500E-3	-3.450000E-5	6.671332E+0	1.015001E+2
-1.015501E+2	1.595500E-3	1.550000E-5	7.004899E+0	1.015501E+2
-1.016001E+2	1.470500E-3	-1.700000E-5	7.338465E+0	1.016001E+2
-1.016501E+2	1.473000E-3	-3.000000E-6	7.672032E+0	1.016501E+2
-1.017001E+2	1.479000E-3	-1.150000E-5	8.005599E+0	1.017001E+2
-1.017501E+2	1.477500E-3	-1.500000E-5	8.339165E+0	1.017501E+2
-1.018001E+2	1.505500E-3	-3.450000E-5	8.672731E+0	1.018001E+2
-1.018501E+2	1.570500E-3	-2.900000E-5	9.006298E+0	1.018501E+2
-1.019001E+2	1.437500E-3	-2.550000E-5	9.339865E+0	1.019001E+2
-1.019501E+2	1.567000E-3	-3.950000E-5	9.673431E+0	1.019501E+2
-1.020001E+2	1.484500E-3	-4.000000E-5	1.000700E+1	1.020001E+2
-1.020501E+2	1.429500E-3	3.000000E-6	1.034056E+1	1.020501E+2
-1.021001E+2	1.333000E-3	-1.350000E-5	1.067413E+1	1.021001E+2
-1.021501E+2	1.317000E-3	-3.500000E-5	1.100770E+1	1.021501E+2
-1.022001E+2	1.334000E-3	-3.750000E-5	1.134126E+1	1.022001E+2
-1.022501E+2	1.269500E-3	-7.650000E-5	1.167483E+1	1.022501E+2
-1.023001E+2	1.246500E-3	-3.000000E-5	1.200840E+1	1.023001E+2
-1.023501E+2	1.235500E-3	-4.150000E-5	1.234196E+1	1.023501E+2
-1.024001E+2	1.150500E-3	-5.950000E-5	1.267553E+1	1.024001E+2
-1.024501E+2	1.181500E-3	-4.000000E-6	1.300910E+1	1.024501E+2
-1.025001E+2	1.175500E-3	-4.650000E-5	1.334266E+1	1.025001E+2
-1.025501E+2	1.152500E-3	1.300000E-5	1.367623E+1	1.025501E+2
-1.026001E+2	1.161000E-3	-1.450000E-5	1.400980E+1	1.026001E+2
-1.026501E+2	1.147000E-3	-6.850000E-5	1.434336E+1	1.026501E+2
-1.027001E+2	1.135000E-3	-4.650000E-5	1.467693E+1	1.027001E+2
-1.027501E+2	1.115000E-3	-3.500000E-6	1.501050E+1	1.027501E+2
-1.028001E+2	1.134000E-3	-2.150000E-5	1.534406E+1	1.028001E+2
-1.028501E+2	1.095000E-3	-3.900000E-5	1.567763E+1	1.028501E+2
-1.029001E+2	1.111000E-3	1.050000E-5	1.601120E+1	1.029001E+2
-1.029501E+2	1.101000E-3	4.000000E-6	1.634476E+1	1.029501E+2
-1.030001E+2	1.080500E-3	-5.500000E-6	1.667833E+1	1.030001E+2
-1.030501E+2	1.125000E-3	-8.000000E-6	1.701190E+1	1.030501E+2
-1.031001E+2	1.115000E-3	-5.450000E-5	1.734546E+1	1.031001E+2
-1.031501E+2	1.109000E-3	2.800000E-5	1.767903E+1	1.031501E+2
-1.032001E+2	1.115000E-3	-2.400000E-5	1.801260E+1	1.032001E+2
-1.032501E+2	1.108500E-3	4.150000E-5	1.834616E+1	1.032501E+2
-1.033001E+2	1.180000E-3	6.776264E-22	1.867973E+1	1.033001E+2
-1.033501E+2	1.072000E-3	1.000000E-5	1.901330E+1	1.033501E+2
-1.034001E+2	1.074000E-3	1.000000E-6	1.934686E+1	1.034001E+2
-1.034501E+2	1.110500E-3	4.300000E-5	1.968043E+1	1.034501E+2
-1.035001E+2	1.088500E-3	-2.500000E-5	2.001400E+1	1.035001E+2
-1.035501E+2	1.085500E-3	-7.500000E-6	2.034756E+1	1.035501E+2
-1.036001E+2	1.060000E-3	-1.800000E-5	2.068113E+1	1.036001E+2
-1.036501E+2	1.073000E-3	-1.000000E-6	2.101470E+1	1.036501E+2
-1.037001E+2	1.080500E-3	-2.850000E-5	2.134826E+1	1.037001E+2
-1.037501E+2	1.090000E-3	-1.300000E-5	2.168183E+1	1.037501E+2
-1.038001E+2	1.052000E-3	-1.185846E-21	2.201540E+1	1.038001E+2
-1.038501E+2	1.040000E-3	-2.050000E-5	2.234896E+1	1.038501E+2
-1.039001E+2	1.073500E-3	2.250000E-5	2.268253E+1	1.039001E+2
-1.039501E+2	1.069500E-3	-2.750000E-5	2.301610E+1	1.039501E+2
-1.040001E+2	1.043500E-3	-8.850000E-5	2.334966E+1	1.040001E+2
-1.040501E+2	1.087500E-3	-1.550000E-5	2.368323E+1	1.040501E+2
-1.041001E+2	1.064000E-3	-3.000000E-6	2.401680E+1	1.041001E+2
-1.041501E+2	1.076000E-3	-1.500000E-6	2.435036E+1	1.041501E+2
-1.042001E+2	1.029500E-3	1.150000E-5	2.468393E+1	1.042001E+2
-1.042501E+2	1.159500E-3	-1.800000E-5	2.501750E+1	1.042501E+2
-1.043001E+2	1.105500E-3	-6.950000E-5	2.535106E+1	1.043001E+2
-1.043501E+2	1.072500E-3	4.600000E-5	2.568463E+1	1.043501E+2
-1.044001E+2	1.086000E-3	-6.500000E-6	2.601820E+1	1.044001E+2
-1.044501E+2	1.060000E-3	5.500000E-6	2.635176E+1	1.044501E+2
-1.045001E+2	1.053000E-3	-1.700000E-5	2.668533E+1	1.045001E+2
-1.045501E+2	1.021000E-3	-1.900000E-5	2.701890E+1	1.045501E+2
-1.046001E+2	1.090500E-3	-5.500000E-5	2.735246E+1	1.046001E+2
-1.046501E+2	1.027000E-3	-1.800000E-5	2.768603E+1	1.046501E+2
-1.047001E+2	1.038500E-3	-2.300000E-5	2.801959E+1	1.047001E+2
-1.047501E+2	1.062000E-3	4.000000E-6	2.835316E+1	1.047501E+2
-1.048001E+2	1.035000E-3	-9.500000E-6	2.868673E+1	1.048001E+2
-1.048501E+2	1.023000E-3	-5.500000E-6	2.902029E+1	1.048501E+2
-1.049001E+2	1.056000E-3	-1.500000E-5	2.935386E+1	1.049001E+2
-1.049501E+2	1.023000E-3	-1.150000E-5	2.968743E+1	1.049501E+2
-1.050001E+2	1.058000E-3	7.500000E-6	3.002099E+1	1.050001E+2
-1.050501E+2	1.067000E-3	-1.300000E-5	3.035456E+1	1.050501E+2
-1.051001E+2	1.082000E-3	-5.500000E-6	3.068813E+1	1.051001E+2
-1.051501E+2	1.077500E-3	-6.350000E-5	3.102169E+1	1.051501E+2
-1.052001E+2	1.064000E-3	1.300000E-5	3.135526E+1	1.052001E+2
-1.052501E+2	1.063000E-3	1.050000E-5	3.168883E+1	1.052501E+2
-1.053001E+2	1.062000E-3	-2.000000E-5	3.202240E+1	1.053001E+2
-1.053501E+2	1.091500E-3	9.500000E-6	3.235596E+1	1.053501E+2
-1.054001E+2	1.022000E-3	-1.200000E-5	3.268953E+1	1.054001E+2
-1.054501E+2	1.013000E-3	-5.200000E-5	3.302309E+1	1.054501E+2
-1.055001E+2	1.090500E-3	1.000000E-5	3.335666E+1	1.055001E+2
-1.055501E+2	1.059500E-3	-7.500000E-6	3.369023E+1	1.055501E+2
-1.056001E+2	1.051000E-3	2.500000E-6	3.402379E+1	1.056001E+2
-1.056501E+2	1.072000E-3	-4.650000E-5	3.435736E+1	1.056501E+2
-1.057001E+2	1.054500E-3	-2.650000E-5	3.469093E+1	1.057001E+2
-1.057501E+2	1.046000E-3	-4.900000E-5	3.502449E+1	1.057501E+2
-1.058001E+2	1.056000E-3	-3.300000E-5	3.535806E+1	1.058001E+2
-1.058501E+2	1.051500E-3	-3.388132E-22	3.569163E+1	1.058501E+2
-1.059001E+2	1.055500E-3	-1.500000E-5	3.602519E+1	1.059001E+2
-1.059501E+2	1.027000E-3	-5.300000E-5	3.635876E+1	1.059501E+2
-1.060001E+2	1.078000E-3	-3.750000E-5	3.669233E+1	1.060001E+2
-1.060501E+2	1.022000E-3	-2.950000E-5	3.702589E+1	1.060501E+2
-1.061001E+2	1.069000E-3	-1.000000E-6	3.735946E+1	1.061001E+2
-1.061501E+2	1.082000E-3	-1.850000E-5	3.769303E+1	1.061501E+2
-1.062001E+2	1.026000E-3	1.550000E-5	3.802659E+1	1.062001E+2
-1.062501E+2	1.098000E-3	-3.650000E-5	3.836016E+1	1.062501E+2
-1.063001E+2	1.107500E-3	-1.850000E-5	3.869373E+1	1.063001E+2
-1.063501E+2	1.057500E-3	3.500000E-6	3.902729E+1	1.063501E+2
-1.064001E+2	1.036500E-3	-1.400000E-5	3.936086E+1	1.064001E+2
-1.064501E+2	1.068500E-3	-1.500000E-6	3.969443E+1	1.064501E+2
-1.065001E+2	1.052000E-3	-4.650000E-5	4.002799E+1	1.065001E+2
-1.065501E+2	1.031000E-3	5.300000E-5	4.036156E+1	1.065501E+2
-1.066001E+2	1.032000E-3	-1.100000E-5	4.069513E+1	1.066001E+2
-1.066501E+2	1.057500E-3	-2.850000E-5	4.102869E+1	1.066501E+2
-1.067001E+2	1.005000E-3	4.100000E-5	4.136226E+1	1.067001E+2
-1.067501E+2	1.094500E-3	-2.950000E-5	4.169583E+1	1.067501E+2
-1.068001E+2	1.023000E-3	2.750000E-5	4.202939E+1	1.068001E+2
-1.068501E+2	9.890000E-4	-4.350000E-5	4.236296E+1	1.068501E+2
-1.069001E+2	1.003500E-3	6.500000E-6	4.269653E+1	1.069001E+2
-1.069501E+2	1.108000E-3	3.000000E-6	4.303009E+1	1.069501E+2
-1.070001E+2	1.047000E-3	1.400000E-5	4.336366E+1	1.070001E+2
-1.070501E+2	1.080500E-3	-1.000000E-5	4.369723E+1	1.070501E+2
-1.071001E+2	1.041000E-3	-4.050000E-5	4.403079E+1	1.071001E+2
-1.071501E+2	1.072500E-3	-3.050000E-5	4.436436E+1	1.071501E+2
-1.072001E+2	1.105000E-3	8.000000E-6	4.469793E+1	1.072001E+2
-1.072501E+2	1.062000E-3	1.000000E-6	4.503149E+1	1.072501E+2
-1.073001E+2	1.079500E-3	-6.900000E-5	4.536506E+1	1.073001E+2
-1.073501E+2	1.090500E-3	-3.550000E-5	4.569862E+1	1.073501E+2
-1.074001E+2	1.057500E-3	-7.550000E-5	4.603219E+1	1.074001E+2
-1.074501E+2	1.019000E-3	-4.150000E-5	4.636576E+1	1.074501E+2
-1.075001E+2	1.102500E-3	-2.150000E-5	4.669933E+1	1.075001E+2
-1.075501E+2	1.011000E-3	-3.200000E-5	4.703289E+1	1.075501E+2
-1.076001E+2	1.034000E-3	-1.250000E-5	4.736646E+1	1.076001E+2
-1.076501E+2	1.096000E-3	-2.200000E-5	4.770002E+1	1.076501E+2
-1.077001E+2	1.038000E-3	-5.800000E-5	4.803359E+1	1.077001E+2
-1.077501E+2	1.061500E-3	-7.000000E-6	4.836716E+1	1.077501E+2
-1.078001E+2	1.003500E-3	2.000000E-6	4.870073E+1	1.078001E+2
-1.078501E+2	1.030000E-3	-4.850000E-5	4.903429E+1	1.078501E+2
-1.079001E+2	1.104000E-3	-8.500000E-6	4.936786E+1	1.079001E+2
-1.079501E+2	1.073000E-3	2.200000E-5	4.970142E+1	1.079501E+2
-1.080001E+2	1.071500E-3	-5.000000E-7	5.003499E+1	1.080001E+2
-1.080501E+2	1.066000E-3	-2.600000E-5	5.036856E+1	1.080501E+2
-1.081001E+2	1.043000E-3	-2.950000E-5	5.070213E+1	1.081001E+2
-1.081501E+2	1.092500E-3	-3.150000E-5	5.103569E+1	1.081501E+2
-1.082001E+2	1.006500E-3	-1.450000E-5	5.136926E+1	1.082001E+2
-1.082501E+2	1.046500E-3	-2.100000E-5	5.170282E+1	1.082501E+2
-1.083001E+2	1.085500E-3	-1.850000E-5	5.203639E+1	1.083001E+2
-1.083501E+2	1.060000E-3	-2.650000E-5	5.236996E+1	1.083501E+2
-1.084001E+2	1.074500E-3	-2.150000E-5	5.270353E+1	1.084001E+2
-1.084501E+2	1.041000E-3	-3.800000E-5	5.303709E+1	1.084501E+2
-1.085001E+2	1.068500E-3	-7.500000E-6	5.337066E+1	1.085001E+2
-1.085501E+2	1.098500E-3	1.150000E-5	5.370422E+1	1.085501E+2
-1.086001E+2	1.041500E-3	2.300000E-5	5.403779E+1	1.086001E+2
-1.086501E+2	1.024500E-3	-1.450000E-5	5.437136E+1	1.086501E+2
-1.087001E+2	1.046500E-3	-2.350000E-5	5.470493E+1	1.087001E+2
-1.087501E+2	1.069500E-3	1.550000E-5	5.503849E+1	1.087501E+2
-1.088001E+2	1.063000E-3	-2.200000E-5	5.537206E+1	1.088001E+2
-1.088501E+2	1.079500E-3	1.400000E-5	5.570562E+1	1.088501E+2
-1.089001E+2	1.089500E-3	-1.400000E-5	5.603919E+1	1.089001E+2
-1.089501E+2	1.041000E-3	-6.350000E-5	5.637276E+1	1.089501E+2
-1.090001E+2	1.019000E-3	-1.650000E-5	5.670632E+1	1.090001E+2
-1.090501E+2	1.084500E-3	-6.600000E-5	5.703989E+1	1.090501E+2
-1.091001E+2	1.035000E-3	2.000000E-5	5.737346E+1	1.091001E+2
-1.091501E+2	1.042500E-3	-4.500000E-5	5.770702E+1	1.091501E+2
-1.092001E+2	1.100500E-3	1.000000E-6	5.804059E+1	1.092001E+2
-1.092501E+2	1.057500E-3	-4.050000E-5	5.837416E+1	1.092501E+2
-1.093001E+2	1.046000E-3	5.700000E-5	5.870772E+1	1.093001E+2
-1.093501E+2	1.025500E-3	-2.500000E-6	5.904129E+1	1.093501E+2
-1.094001E+2	1.071000E-3	-2.150000E-5	5.937486E+1	1.094001E+2
-1.094501E+2	1.060000E-3	-5.550000E-5	5.970842E+1	1.094501E+2
-1.095001E+2	1.085500E-3	-2.700000E-5	6.004199E+1	1.095001E+2
-1.095501E+2	1.039000E-3	-4.350000E-5	6.037556E+1	1.095501E+2
-1.096001E+2	1.070000E-3	-5.500000E-6	6.070912E+1	1.096001E+2
-1.096501E+2	1.057500E-3	3.550000E-5	6.104269E+1	1.096501E+2
-1.097001E+2	1.064500E-3	-9.500000E-6	6.137626E+1	1.097001E+2
-1.097501E+2	1.043500E-3	-4.050000E-5	6.170982E+1	1.097501E+2
-1.098001E+2	1.067500E-3	3.100000E-5	6.204339E+1	1.098001E+2
-1.098501E+2	1.087000E-3	8.500000E-6	6.237696E+1	1.098501E+2
-1.099001E+2	1.045000E-3	8.500000E-6	6.271052E+1	1.099001E+2
-1.099501E+2	1.066000E-3	-1.150000E-5	6.304409E+1	1.099501E+2
-1.100001E+2	1.064000E-3	1.750000E-5	6.337766E+1	1.100001E+2
-1.100501E+2	1.047000E-3	-8.500000E-6	6.371122E+1	1.100501E+2
-1.101001E+2	1.102000E-3	-2.200000E-5	6.404479E+1	1.101001E+2
-1.101501E+2	1.098000E-3	-1.745000E-4	6.437836E+1	1.101501E+2
-1.102001E+2	1.024500E-3	-3.650000E-5	6.471192E+1	1.102001E+2
-1.102501E+2	1.038500E-3	-6.500000E-6	6.504549E+1	1.102501E+2
-1.103001E+2	1.099500E-3	-2.600000E-5	6.537906E+1	1.103001E+2
-1.103501E+2	1.009500E-3	6.000000E-6	6.571262E+1	1.103501E+2
-1.104001E+2	1.085000E-3	-2.900000E-5	6.604619E+1	1.104001E+2
-1.104501E+2	1.070000E-3	-2.600000E-5	6.637975E+1	1.104501E+2
-1.105001E+2	1.085500E-3	-4.400000E-5	6.671332E+1	1.105001E+2
-1.105501E+2	1.067500E-3	-4.650000E-5	6.704689E+1	1.105501E+2
-1.106001E+2	1.070000E-3	-2.900000E-5	6.738046E+1	1.106001E+2
-1.106501E+2	1.117500E-3	-1.100000E-5	6.771402E+1	1.106501E+2
-1.107001E+2	1.056000E-3	-2.600000E-5	6.804758E+1	1.107001E+2
-1.107501E+2	1.115500E-3	-2.300000E-5	6.838116E+1	1.107501E+2
-1.108001E+2	1.051000E-3	7.000000E-6	6.871472E+1	1.108001E+2
-1.108501E+2	1.037500E-3	-5.600000E-5	6.904829E+1	1.108501E+2
-1.109001E+2	1.083500E-3	3.850000E-5	6.938185E+1	1.109001E+2
-1.109501E+2	1.091500E-3	-1.000000E-6	6.971542E+1	1.109501E+2
-1.110001E+2	1.120000E-3	-4.650000E-5	7.004899E+1	1.110001E+2
-1.110501E+2	1.072500E-3	9.500000E-6	7.038255E+1	1.110501E+2
-1.111001E+2	1.065000E-3	-7.500000E-6	7.071612E+1	1.111001E+2
-1.111501E+2	1.027500E-3	-4.550000E-5	7.104969E+1	1.111501E+2
-1.112001E+2	1.094000E-3	-1.100000E-5	7.138326E+1	1.112001E+2
-1.112501E+2	1.081000E-3	1.150000E-5	7.171682E+1	1.112501E+2
-1.113001E+2	1.025000E-3	1.650000E-5	7.205038E+1	1.113001E+2
-1.113501E+2	1.064500E-3	5.000000E-7	7.238396E+1	1.113501E+2
-1.114001E+2	1.023000E-3	-1.950000E-5	7.271752E+1	1.114001E+2
-1.114501E+2	1.047000E-3	-2.700000E-5	7.305109E+1	1.114501E+2
-1.115001E+2	1.078000E-3	-7.000000E-6	7.338465E+1	1.115001E+2
-1.115501E+2	1.065000E-3	-1.900000E-5	7.371822E+1	1.115501E+2
-1.116001E+2	1.073500E-3	-4.150000E-5	7.405179E+1	1.116001E+2
-1.116501E+2	1.108500E-3	-2.900000E-5	7.438535E+1	1.116501E+2
-1.117001E+2	1.059500E-3	-2.800000E-5	7.471892E+1	1.117001E+2
-1.117501E+2	1.072500E-3	1.950000E-5	7.505249E+1	1.117501E+2
-1.118001E+2	1.040500E-3	-4.100000E-5	7.538605E+1	1.118001E+2
-1.118501E+2	1.070000E-3	-5.150000E-5	7.571962E+1	1.118501E+2
-1.119001E+2	1.105000E-3	-3.100000E-5	7.605318E+1	1.119001E+2
-1.119501E+2	1.110000E-3	-6.000000E-6	7.638676E+1	1.119501E+2
-1.120001E+2	1.031000E-3	-6.500000E-6	7.672032E+1	1.120001E+2
-1.120501E+2	1.049000E-3	-3.950000E-5	7.705389E+1	1.120501E+2
-1.121001E+2	1.090500E-3	-4.500000E-6	7.738745E+1	1.121001E+2
-1.121501E+2	1.024500E-3	9.000000E-6	7.772102E+1	1.121501E+2
-1.122001E+2	1.083000E-3	-5.450000E-5	7.805459E+1	1.122001E+2
-1.122501E+2	1.071000E-3	-3.050000E-5	7.838815E+1	1.122501E+2
-1.123001E+2	1.049000E-3	-3.900000E-5	7.872172E+1	1.123001E+2
-1.123501E+2	1.097000E-3	-5.400000E-5	7.905528E+1	1.123501E+2
-1.124001E+2	1.058500E-3	4.000000E-6	7.938885E+1	1.124001E+2
-1.124501E+2	1.031000E-3	-3.750000E-5	7.972242E+1	1.124501E+2
-1.125001E+2	1.108500E-3	-3.800000E-5	8.005598E+1	1.125001E+2
-1.125501E+2	1.078000E-3	3.500000E-6	8.038955E+1	1.125501E+2
-1.126001E+2	1.083500E-3	-6.550000E-5	8.072312E+1	1.126001E+2
-1.126501E+2	9.835000E-4	-3.500000E-6	8.105669E+1	1.126501E+2
-1.127001E+2	1.066500E-3	2.900000E-5	8.139025E+1	1.127001E+2
-1.127501E+2	1.115000E-3	-5.750000E-5	8.172382E+1	1.127501E+2
-1.128001E+2	1.077000E-3	-4.750000E-5	8.205739E+1	1.128001E+2
-1.128501E+2	1.106000E-3	-4.150000E-5	8.239095E+1	1.128501E+2
-1.129001E+2	1.075500E-3	-9.000000E-6	8.272452E+1	1.129001E+2
-1.129501E+2	1.089500E-3	1.250000E-5	8.305808E+1	1.129501E+2
-1.130001E+2	1.116000E-3	-3.650000E-5	8.339165E+1	1.130001E+2
-1.130501E+2	1.043500E-3	1.800000E-5	8.372522E+1	1.130501E+2
-1.131001E+2	1.064000E-3	-2.300000E-5	8.405878E+1	1.131001E+2
-1.131501E+2	1.056000E-3	-3.150000E-5	8.439235E+1	1.131501E+2
-1.132001E+2	1.046000E-3	-5.400000E-5	8.472592E+1	1.132001E+2
-1.132501E+2	1.068000E-3	-1.300000E-5	8.505949E+1	1.132501E+2
-1.133001E+2	1.058500E-3	-9.000000E-6	8.539305E+1	1.133001E+2
-1.133501E+2	1.095000E-3	2.050000E-5	8.572662E+1	1.133501E+2
-1.134001E+2	1.069000E-3	-4.000000E-6	8.606019E+1	1.134001E+2
-1.134501E+2	1.087000E-3	-2.850000E-5	8.639375E+1	1.134501E+2
-1.135001E+2	1.115000E-3	-1.700000E-5	8.672732E+1	1.135001E+2
-1.135501E+2	1.104000E-3	-6.800000E-5	8.706088E+1	1.135501E+2
-1.136001E+2	1.104000E-3	-4.750000E-5	8.739445E+1	1.136001E+2
-1.136501E+2	1.085000E-3	-6.200000E-5	8.772802E+1	1.136501E+2
-1.137001E+2	1.046000E-3	-1.750000E-5	8.806158E+1	1.137001E+2
-1.137501E+2	1.074500E-3	-3.000000E-5	8.839515E+1	1.137501E+2
-1.138001E+2	1.086500E-3	6.500000E-6	8.872871E+1	1.138001E+2
-1.138501E+2	1.043000E-3	-1.600000E-5	8.906229E+1	1.138501E+2
-1.139001E+2	1.066500E-3	-6.500000E-6	8.939585E+1	1.139001E+2
-1.139501E+2	1.085500E-3	-3.100000E-5	8.972942E+1	1.139501E+2
-1.140001E+2	1.075500E-3	-5.250000E-5	9.006298E+1	1.140001E+2
-1.140501E+2	1.056500E-3	-5.000000E-6	9.039655E+1	1.140501E+2
-1.141001E+2	1.123000E-3	9.500000E-6	9.073012E+1	1.141001E+2
-1.141501E+2	1.116500E-3	-5.600000E-5	9.106368E+1	1.141501E+2
-1.142001E+2	1.051000E-3	-2.350000E-5	9.139725E+1	1.142001E+2
-1.142501E+2	1.098500E-3	1.500000E-6	9.173082E+1	1.142501E+2
-1.143001E+2	1.083500E-3	-1.950000E-5	9.206438E+1	1.143001E+2
-1.143501E+2	1.068000E-3	-2.850000E-5	9.239795E+1	1.143501E+2
-1.144001E+2	1.065500E-3	-4.650000E-5	9.273151E+1	1.144001E+2
-1.144501E+2	1.085500E-3	1.100000E-5	9.306509E+1	1.144501E+2
-1.145001E+2	1.088000E-3	1.700000E-5	9.339865E+1	1.145001E+2
-1.145501E+2	1.144500E-3	6.000000E-6	9.373222E+1	1.145501E+2
-1.146001E+2	1.128000E-3	2.350000E-5	9.406578E+1	1.146001E+2
-1.146501E+2	1.098000E-3	-3.050000E-5	9.439935E+1	1.146501E+2
-1.147001E+2	1.112000E-3	-3.450000E-5	9.473292E+1	1.147001E+2
-1.147501E+2	1.077500E-3	1.400000E-5	9.506648E+1	1.147501E+2
-1.148001E+2	1.096500E-3	-1.550000E-5	9.540005E+1	1.148001E+2
-1.148501E+2	1.131000E-3	4.000000E-6	9.573362E+1	1.148501E+2
-1.149001E+2	1.095500E-3	-2.950000E-5	9.606718E+1	1.149001E+2
-1.149501E+2	1.076000E-3	7.000000E-6	9.640075E+1	1.149501E+2
-1.150001E+2	1.075000E-3	-6.500000E-5	9.673431E+1	1.150001E+2
-1.150501E+2	1.087000E-3	-1.850000E-5	9.706789E+1	1.150501E+2
-1.151001E+2	1.064000E-3	-5.050000E-5	9.740145E+1	1.151001E+2
-1.151501E+2	1.037000E-3	-5.000000E-7	9.773502E+1	1.151501E+2
-1.152001E+2	1.089000E-3	-4.500000E-5	9.806858E+1	1.152001E+2
-1.152501E+2	1.082500E-3	-2.800000E-5	9.840215E+1	1.152501E+2
-1.153001E+2	1.081500E-3	-5.050000E-5	9.873572E+1	1.153001E+2
-1.153501E+2	1.098000E-3	-4.450000E-5	9.906928E+1	1.153501E+2
-1.154001E+2	1.140500E-3	6.500000E-6	9.940285E+1	1.154001E+2
-1.154501E+2	1.076500E-3	-1.800000E-5	9.973641E+1	1.154501E+2
-1.155001E+2	1.109500E-3	-1.600000E-5	1.000700E+2	1.155001E+2
-1.155501E+2	1.146000E-3	-2.100000E-5	1.004035E+2	1.155501E+2
-1.156001E+2	1.086000E-3	-7.450000E-5	1.007371E+2	1.156001E+2
-1.156501E+2	1.076500E-3	9.500000E-6	1.010707E+2	1.156501E+2
-1.157001E+2	1.086000E-3	2.100000E-5	1.014043E+2	1.157001E+2
-1.157501E+2	1.093500E-3	1.700000E-5	1.017378E+2	1.157501E+2
-1.158001E+2	1.113000E-3	1.250000E-5	1.020714E+2	1.158001E+2
-1.158501E+2	1.121500E-3	-2.200000E-5	1.024049E+2	1.158501E+2
-1.159001E+2	1.049000E-3	1.400000E-5	1.027385E+2	1.159001E+2
-1.159501E+2	1.093500E-3	-2.750000E-5	1.030721E+2	1.159501E+2
-1.160001E+2	1.113500E-3	-9.000000E-6	1.034056E+2	1.160001E+2
-1.160501E+2	1.108500E-3	-2.700000E-5	1.037392E+2	1.160501E+2
-1.161001E+2	1.133500E-3	-4.350000E-5	1.040728E+2	1.161001E+2
-1.161501E+2	1.089000E-3	-4.900000E-5	1.044063E+2	1.161501E+2
-1.162001E+2	1.081500E-3	-2.250000E-5	1.047399E+2	1.162001E+2
-1.162501E+2	1.092000E-3	-2.600000E-5	1.050735E+2	1.162501E+2
-1.163001E+2	1.073500E-3	-2.350000E-5	1.054071E+2	1.163001E+2
-1.163501E+2	1.124500E-3	-1.450000E-5	1.057406E+2	1.163501E+2
-1.164001E+2	1.104000E-3	-7.800000E-5	1.060742E+2	1.164001E+2
-1.164501E+2	1.092000E-3	-2.800000E-5	1.064077E+2	1.164501E+2
-1.165001E+2	1.089500E-3	-3.250000E-5	1.067413E+2	1.165001E+2
-1.165501E+2	1.057500E-3	-1.950000E-5	1.070749E+2	1.165501E+2
-1.166001E+2	1.114500E-3	-2.500000E-5	1.074084E+2	1.166001E+2
-1.166501E+2	1.112500E-3	-3.300000E-5	1.077420E+2	1.166501E+2
-1.167001E+2	1.087500E-3	6.500000E-6	1.080756E+2	1.167001E+2
-1.167501E+2	1.081000E-3	-1.700000E-5	1.084091E+2	1.167501E+2
-1.168001E+2	1.098500E-3	-2.300000E-5	1.087427E+2	1.168001E+2
-1.168501E+2	1.096500E-3	2.050000E-5	1.090763E+2	1.168501E+2
-1.169001E+2	1.115000E-3	-3.200000E-5	1.094099E+2	1.169001E+2
-1.169501E+2	1.109000E-3	-1.000000E-6	1.097434E+2	1.169501E+2
-1.170001E+2	1.122500E-3	1.250000E-5	1.100770E+2	1.170001E+2
-1.170501E+2	1.093000E-3	-7.300000E-5	1.104105E+2	1.170501E+2
-1.171001E+2	1.094000E-3	-4.350000E-5	1.107441E+2	1.171001E+2
-1.171501E+2	1.132500E-3	-6.650000E-5	1.110777E+2	1.171501E+2
-1.172001E+2	1.141500E-3	-4.100000E-5	1.114112E+2	1.172001E+2
-1.172501E+2	1.095500E-3	-2.550000E-5	1.117448E+2	1.172501E+2
-1.173001E+2	1.096000E-3	-1.150000E-5	1.120784E+2	1.173001E+2
-1.173501E+2	1.104000E-3	-4.650000E-5	1.124119E+2	1.173501E+2
-1.174001E+2	1.153000E-3	-3.550000E-5	1.127455E+2	1.174001E+2
-1.174501E+2	1.115500E-3	-3.600000E-5	1.130791E+2	1.174501E+2
-1.175001E+2	1.085500E-3	-2.350000E-5	1.134126E+2	1.175001E+2
-1.175501E+2	1.103000E-3	-1.900000E-5	1.137462E+2	1.175501E+2
-1.176001E+2	1.119000E-3	-5.550000E-5	1.140798E+2	1.176001E+2
-1.176501E+2	1.094500E-3	-7.200000E-5	1.144133E+2	1.176501E+2
-1.177001E+2	1.087500E-3	-3.250000E-5	1.147469E+2	1.177001E+2
-1.177501E+2	1.092000E-3	-4.250000E-5	1.150805E+2	1.177501E+2
-1.178001E+2	1.119000E-3	-1.300000E-5	1.154140E+2	1.178001E+2
-1.178501E+2	1.123500E-3	-2.550000E-5	1.157476E+2	1.178501E+2
-1.179001E+2	1.121500E-3	-1.000000E-5	1.160812E+2	1.179001E+2
-1.179501E+2	1.092000E-3	-4.950000E-5	1.164147E+2	1.179501E+2
-1.180001E+2	1.089500E-3	1.550000E-5	1.167483E+2	1.180001E+2
-1.180501E+2	1.122500E-3	-5.900000E-5	1.170819E+2	1.180501E+2
-1.181001E+2	1.081500E-3	-4.900000E-5	1.174154E+2	1.181001E+2
-1.181501E+2	1.121000E-3	-2.750000E-5	1.177490E+2	1.181501E+2
-1.182001E+2	1.048000E-3	4.500000E-6	1.180826E+2	1.182001E+2
-1.182501E+2	1.047500E-3	-5.700000E-5	1.184161E+2	1.182501E+2
-1.183001E+2	1.141000E-3	-1.350000E-5	1.187497E+2	1.183001E+2
-1.183501E+2	1.107000E-3	-3.050000E-5	1.190833E+2	1.183501E+2
-1.184001E+2	1.088000E-3	-3.850000E-5	1.194168E+2	1.184001E+2
-1.184501E+2	1.078500E-3	-4.300000E-5	1.197504E+2	1.184501E+2
-1.185001E+2	1.079000E-3	9.500000E-6	1.200840E+2	1.185001E+2
-1.185501E+2	1.107500E-3	-2.350000E-5	1.204175E+2	1.185501E+2
-1.186001E+2	1.067500E-3	-3.150000E-5	1.207511E+2	1.186001E+2
-1.186501E+2	1.116500E-3	-4.350000E-5	1.210847E+2	1.186501E+2
-1.187001E+2	1.101000E-3	-1.000000E-6	1.214182E+2	1.187001E+2
-1.187501E+2	1.103500E-3	-8.500000E-6	1.217518E+2	1.187501E+2
-1.188001E+2	1.086000E-3	-1.000000E-5	1.220854E+2	1.188001E+2
-1.188501E+2	1.106000E-3	-6.100000E-5	1.224189E+2	1.188501E+2
-1.189001E+2	1.148500E-3	1.950000E-5	1.227525E+2	1.189001E+2
-1.189501E+2	1.121000E-3	-3.600000E-5	1.230861E+2	1.189501E+2
-1.190001E+2	1.097000E-3	-3.750000E-5	1.234196E+2	1.190001E+2
-1.190501E+2	1.131500E-3	5.000000E-5	1.237532E+2	1.190501E+2
-1.191001E+2	1.188000E-3	-3.500000E-6	1.240868E+2	1.191001E+2
-1.191501E+2	1.157000E-3	1.350000E-5	1.244203E+2	1.191501E+2
-1.192001E+2	1.095000E-3	5.000000E-7	1.247539E+2	1.192001E+2
-1.192501E+2	1.125000E-3	-4.300000E-5	1.250875E+2	1.192501E+2
-1.193001E+2	1.097000E-3	3.388132E-22	1.254210E+2	1.193001E+2
-1.193501E+2	1.136000E-3	-1.700000E-5	1.257546E+2	1.193501E+2
-1.194001E+2	1.115500E-3	-1.900000E-5	1.260882E+2	1.194001E+2
-1.194501E+2	1.126000E-3	-2.600000E-5	1.264217E+2	1.194501E+2
-1.195001E+2	1.126500E-3	1.900000E-5	1.267553E+2	1.195001E+2
-1.195501E+2	1.034000E-3	-3.500000E-5	1.270889E+2	1.195501E+2
-1.196001E+2	1.116500E-3	9.000000E-6	1.274224E+2	1.196001E+2
-1.196501E+2	1.122000E-3	-3.600000E-5	1.277560E+2	1.196501E+2
-1.197001E+2	1.083000E-3	1.450000E-5	1.280896E+2	1.197001E+2
-1.197501E+2	1.066000E-3	-2.300000E-5	1.284231E+2	1.197501E+2
-1.198001E+2	1.138000E-3	-1.850000E-5	1.287567E+2	1.198001E+2
-1.198501E+2	1.111500E-3	-5.250000E-5	1.290903E+2	1.198501E+2
-1.199001E+2	1.130000E-3	-1.650000E-5	1.294238E+2	1.199001E+2
-1.199501E+2	1.101000E-3	-2.500000E-5	1.297574E+2	1.199501E+2
-1.200001E+2	1.099500E-3	-1.750000E-5	1.300910E+2	1.200001E+2
-1.200501E+2	1.126000E-3	-2.750000E-5	1.304245E+2	1.200501E+2
-1.201001E+2	1.097000E-3	-3.050000E-5	1.307581E+2	1.201001E+2
-1.201501E+2	1.113500E-3	-3.100000E-5	1.310917E+2	1.201501E+2
-1.202001E+2	1.109000E-3	1.350000E-5	1.314252E+2	1.202001E+2
-1.202501E+2	1.130000E-3	-1.250000E-5	1.317588E+2	1.202501E+2
-1.203001E+2	1.106500E-3	-3.500000E-6	1.320924E+2	1.203001E+2
-1.203501E+2	1.119000E-3	-2.650000E-5	1.324259E+2	1.203501E+2
-1.204001E+2	1.137500E-3	2.650000E-5	1.327595E+2	1.204001E+2
-1.204501E+2	1.117500E-3	-5.600000E-5	1.330931E+2	1.204501E+2
-1.205001E+2	1.104000E-3	-3.250000E-5	1.334266E+2	1.205001E+2
-1.205501E+2	1.103000E-3	-1.000000E-5	1.337602E+2	1.205501E+2
-1.206001E+2	1.114000E-3	-3.300000E-5	1.340938E+2	1.206001E+2
-1.206501E+2	1.072500E-3	-3.800000E-5	1.344273E+2	1.206501E+2
-1.207001E+2	1.113500E-3	-1.350000E-5	1.347609E+2	1.207001E+2
-1.207501E+2	1.114000E-3	-7.250000E-5	1.350945E+2	1.207501E+2
-1.208001E+2	1.098500E-3	-1.050000E-5	1.354280E+2	1.208001E+2
-1.208501E+2	1.106500E-3	8.000000E-6	1.357616E+2	1.208501E+2
-1.209001E+2	1.154000E-3	-1.900000E-5	1.360952E+2	1.209001E+2
-1.209501E+2	1.125500E-3	-1.850000E-5	1.364287E+2	1.209501E+2
-1.210001E+2	1.098500E-3	-1.000000E-5	1.367623E+2	1.210001E+2
-1.210501E+2	1.150000E-3	-4.800000E-5	1.370959E+2	1.210501E+2
-1.211001E+2	1.137000E-3	-3.650000E-5	1.374294E+2	1.211001E+2
-1.211501E+2	1.131500E-3	-2.350000E-5	1.377630E+2	1.211501E+2
-1.212001E+2	1.111500E-3	-1.400000E-5	1.380966E+2	1.212001E+2
-1.212501E+2	1.096000E-3	-6.500000E-6	1.384301E+2	1.212501E+2
-1.213001E+2	1.144500E-3	-1.150000E-5	1.387637E+2	1.213001E+2
-1.213501E+2	1.105000E-3	-9.500000E-6	1.390973E+2	1.213501E+2
-1.214001E+2	1.211000E-3	-3.450000E-5	1.394308E+2	1.214001E+2
-1.214501E+2	1.155500E-3	-4.200000E-5	1.397644E+2	1.214501E+2
-1.215001E+2	1.156500E-3	-1.550000E-5	1.400980E+2	1.215001E+2
-1.215501E+2	1.122000E-3	-1.400000E-5	1.404315E+2	1.215501E+2
-1.216001E+2	1.071000E-3	5.500000E-6	1.407651E+2	1.216001E+2
-1.216501E+2	1.103000E-3	-1.200000E-5	1.410987E+2	1.216501E+2
-1.217001E+2	1.120000E-3	8.000000E-6	1.414322E+2	1.217001E+2
-1.217501E+2	1.113000E-3	-1.500000E-5	1.417658E+2	1.217501E+2
-1.218001E+2	1.118000E-3	-2.900000E-5	1.420994E+2	1.218001E+2
-1.218501E+2	1.111000E-3	1.150000E-5	1.424329E+2	1.218501E+2
-1.219001E+2	1.143500E-3	-8.500000E-6	1.427665E+2	1.219001E+2
-1.219501E+2	1.173500E-3	-1.350000E-5	1.431001E+2	1.219501E+2
-1.220001E+2	1.121000E-3	-2.350000E-5	1.434336E+2	1.220001E+2
-1.220501E+2	1.167000E-3	-2.550000E-5	1.437672E+2	1.220501E+2
-1.221001E+2	1.111000E-3	6.500000E-6	1.441008E+2	1.221001E+2
-1.221501E+2	1.129000E-3	-1.800000E-5	1.444343E+2	1.221501E+2
-1.222001E+2	1.158000E-3	3.200000E-5	1.447679E+2	1.222001E+2
-1.222501E+2	1.037500E-3	-1.250000E-5	1.451015E+2	1.222501E+2
-1.223001E+2	1.120000E-3	-5.500000E-6	1.454350E+2	1.223001E+2
-1.223501E+2	1.096000E-3	-2.850000E-5	1.457686E+2	1.223501E+2
-1.224001E+2	1.129500E-3	-2.800000E-5	1.461022E+2	1.224001E+2
-1.224501E+2	1.122000E-3	-8.500000E-6	1.464357E+2	1.224501E+2
-1.225001E+2	1.084500E-3	-4.100000E-5	1.467693E+2	1.225001E+2
-1.225501E+2	1.092000E-3	-3.450000E-5	1.471029E+2	1.225501E+2
-1.226001E+2	1.169000E-3	-3.400000E-5	1.474364E+2	1.226001E+2
-1.226501E+2	1.089500E-3	-2.700000E-5	1.477700E+2	1.226501E+2
-1.227001E+2	1.101000E-3	-1.250000E-5	1.481036E+2	1.227001E+2
-1.227501E+2	1.064000E-3	-2.350000E-5	1.484371E+2	1.227501E+2
-1.228001E+2	1.094500E-3	-3.350000E-5	1.487707E+2	1.228001E+2
-1.228501E+2	1.082000E-3	-3.300000E-5	1.491043E+2	1.228501E+2
-1.229001E+2	1.116000E-3	-5.600000E-5	1.494378E+2	1.229001E+2
-1.229501E+2	1.105500E-3	2.800000E-5	1.497714E+2	1.229501E+2
-1.230001E+2	1.177000E-3	-5.350000E-5	1.501050E+2	1.230001E+2
-1.230501E+2	1.136500E-3	-7.000000E-6	1.504385E+2	1.230501E+2
-1.231001E+2	1.176500E-3	-7.600000E-5	1.507721E+2	1.231001E+2
-1.231501E+2	1.160500E-3	-1.600000E-5	1.511057E+2	1.231501E+2
-1.232001E+2	1.096500E-3	-7.450000E-5	1.514392E+2	1.232001E+2
-1.232501E+2	1.072500E-3	-4.150000E-5	1.517728E+2	1.232501E+2
-1.233001E+2	1.152000E-3	-3.450000E-5	1.521064E+2	1.233001E+2
-1.233501E+2	1.152000E-3	-9.500000E-6	1.524399E+2	1.233501E+2
-1.234001E+2	1.155000E-3	-1.850000E-5	1.527735E+2	1.234001E+2
-1.234501E+2	1.095000E-3	-1.250000E-5	1.531071E+2	1.234501E+2
-1.235001E+2	1.128500E-3	1.350000E-5	1.534406E+2	1.235001E+2
-1.235501E+2	1.123000E-3	3.550000E-5	1.537742E+2	1.235501E+2
-1.236001E+2	1.119000E-3	1.500000E-6	1.541078E+2	1.236001E+2
-1.236501E+2	1.100000E-3	-3.500000E-6	1.544413E+2	1.236501E+2
-1.237001E+2	1.124000E-3	6.000000E-6	1.547749E+2	1.237001E+2
-1.237501E+2	1.106000E-3	-2.150000E-5	1.551085E+2	1.237501E+2
-1.238001E+2	1.140000E-3	-4.600000E-5	1.554420E+2	1.238001E+2
-1.238501E+2	1.128500E-3	-4.650000E-5	1.557756E+2	1.238501E+2
-1.239001E+2	1.097500E-3	-2.000000E-5	1.561092E+2	1.239001E+2
-1.239501E+2	1.136500E-3	-1.150000E-5	1.564427E+2	1.239501E+2
-1.240001E+2	1.110000E-3	-4.550000E-5	1.567763E+2	1.240001E+2
-1.240501E+2	1.044000E-3	-5.500000E-5	1.571099E+2	1.240501E+2
-1.241001E+2	1.085000E-3	-4.750000E-5	1.574434E+2	1.241001E+2
-1.241501E+2	1.075000E-3	2.400000E-5	1.577770E+2	1.241501E+2
-1.242001E+2	1.098500E-3	-2.200000E-5	1.581106E+2	1.242001E+2
-1.242501E+2	1.106000E-3	2.800000E-5	1.584441E+2	1.242501E+2
-1.243001E+2	1.131000E-3	-4.650000E-5	1.587777E+2	1.243001E+2
-1.243501E+2	1.114000E-3	1.500000E-5	1.591113E+2	1.243501E+2
-1.244001E+2	1.097500E-3	-8.000000E-6	1.594448E+2	1.244001E+2
-1.244501E+2	1.109000E-3	-3.400000E-5	1.597784E+2	1.244501E+2
-1.245001E+2	1.155500E-3	-5.550000E-5	1.601120E+2	1.245001E+2
-1.245501E+2	1.130000E-3	-4.700000E-5	1.604455E+2	1.245501E+2
-1.246001E+2	1.145500E-3	1.150000E-5	1.607791E+2	1.246001E+2
-1.246501E+2	1.108000E-3	-1.500000E-6	1.611127E+2	1.246501E+2
-1.247001E+2	1.098000E-3	-6.000000E-5	1.614462E+2	1.247001E+2
-1.247501E+2	1.085000E-3	-5.100000E-5	1.617798E+2	1.247501E+2
-1.248001E+2	1.110500E-3	-8.050000E-5	1.621134E+2	1.248001E+2
-1.248501E+2	1.144500E-3	-5.850000E-5	1.624469E+2	1.248501E+2
-1.249001E+2	1.136500E-3	-2.550000E-5	1.627805E+2	1.249001E+2
-1.249501E+2	1.118500E-3	-1.500000E-5	1.631141E+2	1.249501E+2
-1.250001E+2	1.103500E-3	1.500000E-6	1.634476E+2	1.250001E+2
-1.250501E+2	1.140500E-3	-6.500000E-6	1.637812E+2	1.250501E+2
-1.251001E+2	1.115000E-3	-4.100000E-5	1.641148E+2	1.251001E+2
-1.251501E+2	1.103000E-3	-2.800000E-5	1.644483E+2	1.251501E+2
-1.252001E+2	1.145500E-3	-8.600000E-5	1.647819E+2	1.252001E+2
-1.252501E+2	1.138500E-3	-1.050000E-5	1.651155E+2	1.252501E+2
-1.253001E+2	1.129000E-3	-4.100000E-5	1.654490E+2	1.253001E+2
-1.253501E+2	1.150500E-3	-1.650000E-5	1.657826E+2	1.253501E+2
-1.254001E+2	1.080500E-3	-1.700000E-5	1.661162E+2	1.254001E+2
-1.254501E+2	1.104500E-3	-2.300000E-5	1.664497E+2	1.254501E+2
-1.255001E+2	1.143000E-3	-3.150000E-5	1.667833E+2	1.255001E+2
-1.255501E+2	1.111500E-3	1.750000E-5	1.671169E+2	1.255501E+2
-1.256001E+2	1.083500E-3	2.200000E-5	1.674504E+2	1.256001E+2
-1.256501E+2	1.129000E-3	1.450000E-5	1.677840E+2	1.256501E+2
-1.257001E+2	1.181500E-3	1.600000E-5	1.681176E+2	1.257001E+2
-1.257501E+2	1.097500E-3	-6.000000E-6	1.684511E+2	1.257501E+2
-1.258001E+2	1.122000E-3	-6.200000E-5	1.687847E+2	1.258001E+2
-1.258501E+2	1.144500E-3	-1.650000E-5	1.691183E+2	1.258501E+2
-1.259001E+2	1.072000E-3	-5.050000E-5	1.694518E+2	1.259001E+2
-1.259501E+2	1.073500E-3	-2.950000E-5	1.697854E+2	1.259501E+2
-1.260001E+2	1.139500E-3	-3.900000E-5	1.701190E+2	1.260001E+2
-1.260501E+2	1.122500E-3	-8.250000E-5	1.704525E+2	1.260501E+2
-1.261001E+2	1.098000E-3	3.050000E-5	1.707861E+2	1.261001E+2
-1.261501E+2	1.187000E-3	-4.000000E-6	1.711197E+2	1.261501E+2
-1.262001E+2	1.109000E-3	-6.200000E-5	1.714532E+2	1.262001E+2
-1.262501E+2	1.159000E-3	-9.000000E-6	1.717868E+2	1.262501E+2
-1.263001E+2	1.158000E-3	-5.650000E-5	1.721204E+2	1.263001E+2
-1.263501E+2	1.141500E-3	-3.800000E-5	1.724539E+2	1.263501E+2
-1.264001E+2	1.146000E-3	7.000000E-6	1.727875E+2	1.264001E+2
-1.264501E+2	1.168500E-3	5.500000E-6	1.731211E+2	1.264501E+2
-1.265001E+2	1.144000E-3	-2.500000E-6	1.734546E+2	1.265001E+2
-1.265501E+2	1.139500E-3	-1.600000E-5	1.737882E+2	1.265501E+2
-1.266001E+2	1.168000E-3	-2.100000E-5	1.741218E+2	1.266001E+2
-1.266501E+2	1.128000E-3	-3.150000E-5	1.744553E+2	1.266501E+2
-1.267001E+2	1.161000E-3	-2.350000E-5	1.747889E+2	1.267001E+2
-1.267501E+2	1.123500E-3	-2.450000E-5	1.751225E+2	1.267501E+2
-1.268001E+2	1.151000E-3	-3.350000E-5	1.754560E+2	1.268001E+2
-1.268501E+2	1.137500E-3	-1.550000E-5	1.757896E+2	1.268501E+2
-1.269001E+2	1.123000E-3	4.000000E-6	1.761232E+2	1.269001E+2
-1.269501E+2	1.141500E-3	-9.900000E-5	1.764567E+2	1.269501E+2
-1.270001E+2	1.135500E-3	-5.000000E-6	1.767903E+2	1.270001E+2
-1.270501E+2	1.168000E-3	4.700000E-5	1.771239E+2	1.270501E+2
-1.271001E+2	1.100500E-3	-1.700000E-5	1.774574E+2	1.271001E+2
-1.271501E+2	1.105500E-3	5.000000E-6	1.777910E+2	1.271501E+2
-1.272001E+2	1.116500E-3	1.650000E-5	1.781246E+2	1.272001E+2
-1.272501E+2	1.114500E-3	-3.500000E-5	1.784581E+2	1.272501E+2
-1.273001E+2	1.182500E-3	-3.550000E-5	1.787917E+2	1.273001E+2
-1.273501E+2	1.132500E-3	-3.100000E-5	1.791253E+2	1.273501E+2
-1.274001E+2	1.105500E-3	-4.500000E-5	1.794588E+2	1.274001E+2
-1.274501E+2	1.165000E-3	-4.300000E-5	1.797924E+2	1.274501E+2
-1.275001E+2	1.094000E-3	-4.000000E-5	1.801260E+2	1.275001E+2
-1.275501E+2	1.174000E-3	-1.000000E-6	1.804595E+2	1.275501E+2
-1.276001E+2	1.136000E-3	-2.550000E-5	1.807931E+2	1.276001E+2
-1.276501E+2	1.145000E-3	-2.100000E-5	1.811267E+2	1.276501E+2
-1.277001E+2	1.146000E-3	-6.700000E-5	1.814602E+2	1.277001E+2
-1.277501E+2	1.102000E-3	-6.000000E-6	1.817938E+2	1.277501E+2
-1.278001E+2	1.146500E-3	1.600000E-5	1.821274E+2	1.278001E+2
-1.278501E+2	1.039000E-3	-2.750000E-5	1.824609E+2	1.278501E+2
-1.279001E+2	1.163000E-3	-6.000000E-6	1.827945E+2	1.279001E+2
-1.279501E+2	1.111500E-3	-6.000000E-6	1.831281E+2	1.279501E+2
-1.280001E+2	1.095000E-3	-3.800000E-5	1.834616E+2	1.280001E+2
-1.280501E+2	1.133500E-3	-2.700000E-5	1.837952E+2	1.280501E+2
-1.281001E+2	1.118500E-3	-3.200000E-5	1.841288E+2	1.281001E+2
-1.281501E+2	1.103500E-3	-1.800000E-5	1.844623E+2	1.281501E+2
-1.282001E+2	1.123500E-3	4.000000E-6	1.847959E+2	1.282001E+2
-1.282501E+2	1.180500E-3	-2.200000E-5	1.851295E+2	1.282501E+2
-1.283001E+2	1.137000E-3	-4.150000E-5	1.854630E+2	1.283001E+2
-1.283501E+2	1.089500E-3	-1.500000E-5	1.857966E+2	1.283501E+2
-1.284001E+2	1.143000E-3	-2.950000E-5	1.861302E+2	1.284001E+2
-1.284501E+2	1.096500E-3	-7.600000E-5	1.864637E+2	1.284501E+2
-1.285001E+2	1.126500E-3	-1.250000E-5	1.867973E+2	1.285001E+2
-1.285501E+2	1.124000E-3	-3.200000E-5	1.871309E+2	1.285501E+2
-1.286001E+2	1.108500E-3	-4.250000E-5	1.874644E+2	1.286001E+2
-1.286501E+2	1.151500E-3	-4.400000E-5	1.877980E+2	1.286501E+2
-1.287001E+2	1.125000E-3	-5.000000E-7	1.881316E+2	1.287001E+2
-1.287501E+2	1.099500E-3	7.000000E-6	1.884651E+2	1.287501E+2
-1.288001E+2	1.147000E-3	-6.550000E-5	1.887987E+2	1.288001E+2
-1.288501E+2	1.127000E-3	-3.000000E-6	1.891323E+2	1.288501E+2
-1.289001E+2	1.089000E-3	5.250000E-5	1.894658E+2	1.289001E+2
-1.289501E+2	1.120500E-3	-5.800000E-5	1.897994E+2	1.289501E+2
-1.290001E+2	1.116500E-3	3.750000E-5	1.901330E+2	1.290001E+2
-1.290501E+2	1.155500E-3	-4.750000E-5	1.904665E+2	1.290501E+2
-1.291001E+2	1.120000E-3	-2.250000E-5	1.908001E+2	1.291001E+2
-1.291501E+2	1.132000E-3	-7.250000E-5	1.911337E+2	1.291501E+2
-1.292001E+2	1.111000E-3	-5.300000E-5	1.914672E+2	1.292001E+2
-1.292501E+2	1.090500E-3	-1.050000E-5	1.918008E+2	1.292501E+2
-1.293001E+2	1.115500E-3	-6.200000E-5	1.921344E+2	1.293001E+2
-1.293501E+2	1.109500E-3	1.650000E-5	1.924679E+2	1.293501E+2
-1.294001E+2	1.121500E-3	-1.900000E-5	1.928015E+2	1.294001E+2
-1.294501E+2	1.107500E-3	-3.850000E-5	1.931351E+2	1.294501E+2
-1.295001E+2	1.126500E-3	-2.450000E-5	1.934686E+2	1.295001E+2
-1.295501E+2	1.159000E-3	-3.650000E-5	1.938022E+2	1.295501E+2
-1.296001E+2	1.141500E-3	-1.000000E-5	1.941358E+2	1.296001E+2
-1.296501E+2	1.157500E-3	-2.000000E-6	1.944693E+2	1.296501E+2
-1.297001E+2	1.121000E-3	6.500000E-6	1.948029E+2	1.297001E+2
-1.297501E+2	1.148500E-3	-3.900000E-5	1.951365E+2	1.297501E+2
-1.298001E+2	1.216000E-3	4.500000E-5	1.954700E+2	1.298001E+2
-1.298501E+2	1.127500E-3	-5.950000E-5	1.958036E+2	1.298501E+2
-1.299001E+2	1.183000E-3	-7.500000E-6	1.961372E+2	1.299001E+2
-1.299501E+2	1.151000E-3	-4.500000E-6	1.964707E+2	1.299501E+2
-1.300001E+2	1.168000E-3	-2.150000E-5	1.968043E+2	1.300001E+2
-1.300501E+2	1.132500E-3	-1.450000E-5	1.971379E+2	1.300501E+2
-1.301001E+2	1.145000E-3	-2.450000E-5	1.974714E+2	1.301001E+2
-1.301501E+2	1.180500E-3	1.250000E-5	1.978050E+2	1.301501E+2
-1.302001E+2	1.126500E-3	-1.650000E-5	1.981386E+2	1.302001E+2
-1.302501E+2	1.157000E-3	-1.100000E-5	1.984721E+2	1.302501E+2
-1.303001E+2	1.128500E-3	-2.600000E-5	1.988057E+2	1.303001E+2
-1.303501E+2	1.166000E-3	-2.450000E-5	1.991393E+2	1.303501E+2
-1.304001E+2	1.112000E-3	-4.100000E-5	1.994728E+2	1.304001E+2
-1.304501E+2	1.134500E-3	1.700000E-5	1.998064E+2	1.304501E+2
-1.305001E+2	1.109500E-3	-6.000000E-5	2.001400E+2	1.305001E+2
-1.305501E+2	1.125000E-3	5.500000E-6	2.004735E+2	1.305501E+2
-1.306001E+2	1.126000E-3	-4.000000E-6	2.008071E+2	1.306001E+2
-1.306501E+2	1.112500E-3	-3.750000E-5	2.011407E+2	1.306501E+2
-1.307001E+2	1.145500E-3	-2.000000E-5	2.014742E+2	1.307001E+2
-1.307501E+2	1.157500E-3	-1.500000E-6	2.018078E+2	1.307501E+2
-1.308001E+2	1.171500E-3	-3.050000E-5	2.021414E+2	1.308001E+2
-1.308501E+2	1.149500E-3	-4.000000E-6	2.024749E+2	1.308501E+2
-1.309001E+2	1.141000E-3	-6.250000E-5	2.028085E+2	1.309001E+2
-1.309501E+2	1.140500E-3	-8.500000E-6	2.031421E+2	1.309501E+2
-1.310001E+2	1.184500E-3	-4.450000E-5	2.034756E+2	1.310001E+2
-1.310501E+2	1.132000E-3	1.600000E-5	2.038092E+2	1.310501E+2
-1.311001E+2	1.139500E-3	-1.650000E-5	2.041428E+2	1.311001E+2
-1.311501E+2	1.187000E-3	-1.200000E-5	2.044763E+2	1.311501E+2
-1.312001E+2	1.107000E-3	-3.200000E-5	2.048099E+2	1.312001E+2
-1.312501E+2	1.156000E-3	-7.000000E-6	2.051435E+2	1.312501E+2
-1.313001E+2	1.183000E-3	-3.300000E-5	2.054770E+2	1.313001E+2
-1.313501E+2	1.161500E-3	-7.800000E-5	2.058106E+2	1.313501E+2
-1.314001E+2	1.187500E-3	1.400000E-5	2.061442E+2	1.314001E+2
-1.314501E+2	1.162000E-3	-4.550000E-5	2.064777E+2	1.314501E+2
-1.315001E+2	1.129000E-3	-2.850000E-5	2.068113E+2	1.315001E+2
-1.315501E+2	1.153500E-3	-3.550000E-5	2.071449E+2	1.315501E+2
-1.316001E+2	1.139500E-3	1.550000E-5	2.074784E+2	1.316001E+2
-1.316501E+2	1.148500E-3	-5.500000E-6	2.078120E+2	1.316501E+2
-1.317001E+2	1.175000E-3	1.150000E-5	2.081456E+2	1.317001E+2
-1.317501E+2	1.136500E-3	1.500000E-5	2.084791E+2	1.317501E+2
-1.318001E+2	1.139500E-3	-1.050000E-5	2.088127E+2	1.318001E+2
-1.318501E+2	1.240500E-3	-8.500000E-6	2.091463E+2	1.318501E+2
-1.319001E+2	1.171500E-3	6.000000E-6	2.094798E+2	1.319001E+2
-1.319501E+2	1.091000E-3	-3.500000E-6	2.098134E+2	1.319501E+2
-1.320001E+2	1.128000E-3	-2.500000E-6	2.101470E+2	1.320001E+2
-1.320501E+2	1.123000E-3	-2.750000E-5	2.104805E+2	1.320501E+2
-1.321001E+2	1.157500E-3	-1.750000E-5	2.108141E+2	1.321001E+2
-1.321501E+2	1.127000E-3	-2.000000E-5	2.111477E+2	1.321501E+2
-1.322001E+2	1.168000E-3	-1.500000E-5	2.114812E+2	1.322001E+2
-1.322501E+2	1.105000E-3	-2.050000E-5	2.118148E+2	1.322501E+2
-1.323001E+2	1.134000E-3	-2.600000E-5	2.121484E+2	1.323001E+2
-1.323501E+2	1.110500E-3	-1.250000E-5	2.124819E+2	1.323501E+2
-1.324001E+2	1.104000E-3	-5.350000E-5	2.128155E+2	1.324001E+2
-1.324501E+2	1.134000E-3	-4.600000E-5	2.131491E+2	1.324501E+2
-1.325001E+2	1.183000E-3	-6.550000E-5	2.134826E+2	1.325001E+2
-1.325501E+2	1.160500E-3	-1.500000E-5	2.138162E+2	1.325501E+2
-1.326001E+2	1.144500E-3	-3.450000E-5	2.141498E+2	1.326001E+2
-1.326501E+2	1.153500E-3	-4.500000E-6	2.144833E+2	1.326501E+2
-1.327001E+2	1.133500E-3	-3.600000E-5	2.148169E+2	1.327001E+2
-1.327501E+2	1.177500E-3	-6.250000E-5	2.151505E+2	1.327501E+2
-1.328001E+2	1.123000E-3	4.500000E-5	2.154840E+2	1.328001E+2
-1.328501E+2	1.172500E-3	-4.700000E-5	2.158176E+2	1.328501E+2
-1.329001E+2	1.145500E-3	-2.500000E-6	2.161512E+2	1.329001E+2
-1.329501E+2	1.148000E-3	-4.150000E-5	2.164847E+2	1.329501E+2
-1.330001E+2	1.152500E-3	-3.950000E-5	2.168183E+2	1.330001E+2
-1.330501E+2	1.164500E-3	-3.050000E-5	2.171519E+2	1.330501E+2
-1.331001E+2	1.151000E-3	-2.000000E-5	2.174854E+2	1.331001E+2
-1.331501E+2	1.124500E-3	-5.450000E-5	2.178190E+2	1.331501E+2
-1.332001E+2	1.149000E-3	-3.350000E-5	2.181526E+2	1.332001E+2
-1.332501E+2	1.163500E-3	-4.000000E-5	2.184861E+2	1.332501E+2
-1.333001E+2	1.145500E-3	-2.200000E-5	2.188197E+2	1.333001E+2
-1.333501E+2	1.123500E-3	-7.650000E-5	2.191533E+2	1.333501E+2
-1.334001E+2	1.137500E-3	-1.150000E-5	2.194868E+2	1.334001E+2
-1.334501E+2	1.159000E-3	-5.400000E-5	2.198204E+2	1.334501E+2
-1.335001E+2	1.122500E-3	-1.000000E-5	2.201540E+2	1.335001E+2
-1.335501E+2	1.157500E-3	-3.050000E-5	2.204875E+2	1.335501E+2
-1.336001E+2	1.147500E-3	-4.850000E-5	2.208211E+2	1.336001E+2
-1.336501E+2	1.148000E-3	-7.300000E-5	2.211547E+2	1.336501E+2
-1.337001E+2	1.151500E-3	-4.350000E-5	2.214882E+2	1.337001E+2
-1.337501E+2	1.135500E-3	-2.350000E-5	2.218218E+2	1.337501E+2
-1.338001E+2	1.131500E-3	-5.650000E-5	2.221554E+2	1.338001E+2
-1.338501E+2	1.197500E-3	-6.100000E-5	2.224889E+2	1.338501E+2
-1.339001E+2	1.166000E-3	2.350000E-5	2.228225E+2	1.339001E+2
-1.339501E+2	1.126500E-3	-2.100000E-5	2.231561E+2	1.339501E+2
-1.340001E+2	1.136500E-3	-2.700000E-5	2.234896E+2	1.340001E+2
-1.340501E+2	1.152000E-3	-3.850000E-5	2.238232E+2	1.340501E+2
-1.341001E+2	1.123000E-3	-3.450000E-5	2.241568E+2	1.341001E+2
-1.341501E+2	1.144500E-3	-4.550000E-5	2.244903E+2	1.341501E+2
-1.342001E+2	1.162500E-3	-2.450000E-5	2.248239E+2	1.342001E+2
-1.342501E+2	1.118000E-3	-1.110000E-4	2.251575E+2	1.342501E+2
-1.343001E+2	1.106500E-3	-7.700000E-5	2.254910E+2	1.343001E+2
-1.343501E+2	1.166000E-3	-2.550000E-5	2.258246E+2	1.343501E+2
-1.344001E+2	1.147500E-3	-2.650000E-5	2.261582E+2	1.344001E+2
-1.344501E+2	1.166500E-3	-4.650000E-5	2.264917E+2	1.344501E+2
-1.345001E+2	1.173000E-3	2.450000E-5	2.268253E+2	1.345001E+2
-1.345501E+2	1.147500E-3	5.000000E-6	2.271589E+2	1.345501E+2
-1.346001E+2	1.170500E-3	-5.000000E-5	2.274924E+2	1.346001E+2
-1.346501E+2	1.148000E-3	-9.500000E-6	2.278260E+2	1.346501E+2
-1.347001E+2	1.120500E-3	-5.900000E-5	2.281596E+2	1.347001E+2
-1.347501E+2	1.100500E-3	7.500000E-6	2.284931E+2	1.347501E+2
-1.348001E+2	1.181500E-3	-4.900000E-5	2.288267E+2	1.348001E+2
-1.348501E+2	1.156000E-3	2.000000E-5	2.291603E+2	1.348501E+2
-1.349001E+2	1.164500E-3	-1.950000E-5	2.294938E+2	1.349001E+2
-1.349501E+2	1.175000E-3	-4.150000E-5	2.298274E+2	1.349501E+2
-1.350001E+2	1.197500E-3	-7.350000E-5	2.301610E+2	1.350001E+2
-1.350501E+2	1.143500E-3	-4.000000E-6	2.304945E+2	1.350501E+2
-1.351001E+2	1.117000E-3	-3.450000E-5	2.308281E+2	1.351001E+2
-1.351501E+2	1.110500E-3	-8.000000E-6	2.311617E+2	1.351501E+2
-1.352001E+2	1.196500E-3	-3.850000E-5	2.314952E+2	1.352001E+2
-1.352501E+2	1.139500E-3	-3.350000E-5	2.318288E+2	1.352501E+2
-1.353001E+2	1.095500E-3	-2.700000E-5	2.321624E+2	1.353001E+2
-1.353501E+2	1.172500E-3	-1.650000E-5	2.324959E+2	1.353501E+2
-1.354001E+2	1.105500E-3	-5.450000E-5	2.328295E+2	1.354001E+2
-1.354501E+2	1.142500E-3	-1.800000E-5	2.331631E+2	1.354501E+2
-1.355001E+2	1.177500E-3	-1.030000E-4	2.334966E+2	1.355001E+2
-1.355501E+2	1.165500E-3	-5.900000E-5	2.338302E+2	1.355501E+2
-1.356001E+2	1.200000E-3	-3.850000E-5	2.341638E+2	1.356001E+2
-1.356501E+2	1.223000E-3	2.350000E-5	2.344973E+2	1.356501E+2
-1.357001E+2	1.116000E-3	-8.500000E-6	2.348309E+2	1.357001E+2
-1.357501E+2	1.137500E-3	-3.200000E-5	2.351645E+2	1.357501E+2
-1.358001E+2	1.139000E-3	-1.300000E-5	2.354980E+2	1.358001E+2
-1.358501E+2	1.113000E-3	-4.650000E-5	2.358316E+2	1.358501E+2
-1.359001E+2	1.110500E-3	5.000000E-6	2.361652E+2	1.359001E+2
-1.359501E+2	1.132500E-3	-7.050000E-5	2.364987E+2	1.359501E+2
-1.360001E+2	1.209500E-3	-4.850000E-5	2.368323E+2	1.360001E+2
-1.360501E+2	1.177500E-3	-1.700000E-5	2.371659E+2	1.360501E+2
-1.361001E+2	1.171000E-3	-4.550000E-5	2.374994E+2	1.361001E+2
-1.361501E+2	1.182500E-3	-3.500000E-6	2.378330E+2	1.361501E+2
-1.362001E+2	1.178500E-3	-4.450000E-5	2.381666E+2	1.362001E+2
-1.362501E+2	1.158000E-3	-2.250000E-5	2.385001E+2	1.362501E+2
-1.363001E+2	1.189000E-3	-6.000000E-5	2.388337E+2	1.363001E+2
-1.363501E+2	1.153000E-3	-2.200000E-5	2.391673E+2	1.363501E+2
-1.364001E+2	1.145500E-3	-3.550000E-5	2.395008E+2	1.364001E+2
-1.364501E+2	1.192000E-3	-2.850000E-5	2.398344E+2	1.364501E+2
-1.365001E+2	1.176000E-3	-5.150000E-5	2.401680E+2	1.365001E+2
-1.365501E+2	1.131000E-3	-2.400000E-5	2.405015E+2	1.365501E+2
-1.366001E+2	1.181000E-3	-1.250000E-5	2.408351E+2	1.366001E+2
-1.366501E+2	1.220500E-3	-6.300000E-5	2.411687E+2	1.366501E+2
-1.367001E+2	1.202000E-3	-2.150000E-5	2.415022E+2	1.367001E+2
-1.367501E+2	1.138500E-3	-8.500000E-5	2.418358E+2	1.367501E+2
-1.368001E+2	1.164500E-3	-2.050000E-5	2.421694E+2	1.368001E+2
-1.368501E+2	1.163000E-3	-4.500000E-6	2.425029E+2	1.368501E+2
-1.369001E+2	1.162000E-3	1.700000E-5	2.428365E+2	1.369001E+2
-1.369501E+2	1.167000E-3	-4.500000E-6	2.431701E+2	1.369501E+2
-1.370001E+2	1.140000E-3	-2.700000E-5	2.435036E+2	1.370001E+2
-1.370501E+2	1.120000E-3	-2.700000E-5	2.438372E+2	1.370501E+2
-1.371001E+2	1.152000E-3	-2.600000E-5	2.441708E+2	1.371001E+2
-1.371501E+2	1.127500E-3	-4.400000E-5	2.445043E+2	1.371501E+2
-1.372001E+2	1.112000E-3	-3.500000E-5	2.448379E+2	1.372001E+2
-1.372501E+2	1.115500E-3	-4.000000E-5	2.451715E+2	1.372501E+2
-1.373001E+2	1.125000E-3	-3.100000E-5	2.455050E+2	1.373001E+2
-1.373501E+2	1.136000E-3	-2.500000E-5	2.458386E+2	1.373501E+2
-1.374001E+2	1.189000E-3	-6.300000E-5	2.461721E+2	1.374001E+2
-1.374501E+2	1.167000E-3	-5.950000E-5	2.465057E+2	1.374501E+2
-1.375001E+2	1.133000E-3	-2.400000E-5	2.468393E+2	1.375001E+2
-1.375501E+2	1.149500E-3	-3.850000E-5	2.471729E+2	1.375501E+2
-1.376001E+2	1.201500E-3	-1.700000E-5	2.475064E+2	1.376001E+2
-1.376501E+2	1.167000E-3	-8.050000E-5	2.478400E+2	1.376501E+2
-1.377001E+2	1.143000E-3	-3.300000E-5	2.481736E+2	1.377001E+2
-1.377501E+2	1.180500E-3	-3.450000E-5	2.485071E+2	1.377501E+2
-1.378001E+2	1.109500E-3	-3.450000E-5	2.488407E+2	1.378001E+2
-1.378501E+2	1.184500E-3	-4.650000E-5	2.491743E+2	1.378501E+2
-1.379001E+2	1.141000E-3	-5.150000E-5	2.495078E+2	1.379001E+2
-1.379501E+2	1.139500E-3	-6.450000E-5	2.498414E+2	1.379501E+2
-1.380001E+2	1.140500E-3	-5.400000E-5	2.501750E+2	1.380001E+2
-1.380501E+2	1.137000E-3	1.750000E-5	2.505085E+2	1.380501E+2
-1.381001E+2	1.169000E-3	-2.000000E-5	2.508421E+2	1.381001E+2
-1.381501E+2	1.130500E-3	1.400000E-5	2.511757E+2	1.381501E+2
-1.382001E+2	1.106500E-3	-1.000000E-5	2.515092E+2	1.382001E+2
-1.382501E+2	1.131500E-3	-4.250000E-5	2.518428E+2	1.382501E+2
-1.383001E+2	1.177000E-3	1.850000E-5	2.521764E+2	1.383001E+2
-1.383501E+2	1.175000E-3	-9.000000E-6	2.525099E+2	1.383501E+2
-1.384001E+2	1.167500E-3	-4.650000E-5	2.528435E+2	1.384001E+2
-1.384501E+2	1.121500E-3	-1.150000E-5	2.531770E+2	1.384501E+2
-1.385001E+2	1.175000E-3	-3.350000E-5	2.535106E+2	1.385001E+2
-1.385501E+2	1.241000E-3	-2.750000E-5	2.538442E+2	1.385501E+2
-1.386001E+2	1.233000E-3	-4.400000E-5	2.541777E+2	1.386001E+2
-1.386501E+2	1.141500E-3	1.250000E-5	2.545113E+2	1.386501E+2
-1.387001E+2	1.112000E-3	-6.850000E-5	2.548449E+2	1.387001E+2
-1.387501E+2	1.156500E-3	-2.150000E-5	2.551785E+2	1.387501E+2
-1.388001E+2	1.152000E-3	-2.500000E-5	2.555120E+2	1.388001E+2
-1.388501E+2	1.139000E-3	-3.000000E-6	2.558456E+2	1.388501E+2
-1.389001E+2	1.152500E-3	-3.800000E-5	2.561792E+2	1.389001E+2
-1.389501E+2	1.166000E-3	-1.500000E-5	2.565127E+2	1.389501E+2
-1.390001E+2	1.148000E-3	-1.950000E-5	2.568463E+2	1.390001E+2
-1.390501E+2	1.151000E-3	-5.100000E-5	2.571798E+2	1.390501E+2
-1.391001E+2	1.140500E-3	-2.200000E-5	2.575134E+2	1.391001E+2
-1.391501E+2	1.131500E-3	2.500000E-6	2.578470E+2	1.391501E+2
-1.392001E+2	1.119500E-3	-5.800000E-5	2.581805E+2	1.392001E+2
-1.392501E+2	1.148000E-3	-2.500000E-5	2.585141E+2	1.392501E+2
-1.393001E+2	1.151000E-3	-6.200000E-5	2.588477E+2	1.393001E+2
-1.393501E+2	1.167500E-3	-3.500000E-6	2.591812E+2	1.393501E+2
-1.394001E+2	1.154500E-3	-3.000000E-6	2.595148E+2	1.394001E+2
-1.394501E+2	1.148500E-3	-4.050000E-5	2.598484E+2	1.394501E+2
-1.395001E+2	1.185500E-3	-5.200000E-5	2.601819E+2	1.395001E+2
-1.395501E+2	1.213500E-3	-6.000000E-5	2.605155E+2	1.395501E+2
-1.396001E+2	1.125500E-3	1.250000E-5	2.608491E+2	1.396001E+2
-1.396501E+2	1.153000E-3	-6.950000E-5	2.611826E+2	1.396501E+2
-1.397001E+2	1.119500E-3	5.000000E-7	2.615162E+2	1.397001E+2
-1.397501E+2	1.134500E-3	-6.700000E-5	2.618498E+2	1.397501E+2
-1.398001E+2	1.141000E-3	-3.050000E-5	2.621833E+2	1.398001E+2
-1.398501E+2	1.180000E-3	-3.600000E-5	2.625169E+2	1.398501E+2
-1.399001E+2	1.162500E-3	-7.700000E-5	2.628505E+2	1.399001E+2
-1.399501E+2	1.147500E-3	-2.050000E-5	2.631841E+2	1.399501E+2
-1.400001E+2	1.108500E-3	-2.050000E-5	2.635176E+2	1.400001E+2
-1.400501E+2	1.190500E-3	-2.650000E-5	2.638512E+2	1.400501E+2
-1.401001E+2	1.153000E-3	-3.700000E-5	2.641848E+2	1.401001E+2
-1.401501E+2	1.171000E-3	-2.500000E-5	2.645183E+2	1.401501E+2
-1.402001E+2	1.172500E-3	-3.000000E-6	2.648519E+2	1.402001E+2
-1.402501E+2	1.197500E-3	-8.550000E-5	2.651855E+2	1.402501E+2
-1.403001E+2	1.182000E-3	-2.850000E-5	2.655190E+2	1.403001E+2
-1.403501E+2	1.114000E-3	-4.550000E-5	2.658526E+2	1.403501E+2
-1.404001E+2	1.151500E-3	-2.950000E-5	2.661862E+2	1.404001E+2
-1.404501E+2	1.161500E-3	-3.200000E-5	2.665197E+2	1.404501E+2
-1.405001E+2	1.216500E-3	3.500000E-5	2.668533E+2	1.405001E+2
-1.405501E+2	1.116500E-3	-5.450000E-5	2.671869E+2	1.405501E+2
-1.406001E+2	1.154000E-3	-4.550000E-5	2.675204E+2	1.406001E+2
-1.406501E+2	1.181500E-3	-1.450000E-5	2.678540E+2	1.406501E+2
-1.407001E+2	1.142000E-3	-4.300000E-5	2.681876E+2	1.407001E+2
-1.407501E+2	1.139000E-3	-4.000000E-6	2.685211E+2	1.407501E+2
-1.408001E+2	1.117500E-3	-5.600000E-5	2.688547E+2	1.408001E+2
-1.408501E+2	1.138000E-3	9.500000E-6	2.691883E+2	1.408501E+2
-1.409001E+2	1.169000E-3	2.250000E-5	2.695218E+2	1.409001E+2
-1.409501E+2	1.157500E-3	-1.000000E-5	2.698554E+2	1.409501E+2
-1.410001E+2	1.184000E-3	2.650000E-5	2.701890E+2	1.410001E+2
-1.410501E+2	1.111500E-3	-8.650000E-5	2.705225E+2	1.410501E+2
-1.411001E+2	1.180500E-3	-1.850000E-5	2.708561E+2	1.411001E+2
-1.411501E+2	1.177500E-3	-1.400000E-5	2.711897E+2	1.411501E+2
-1.412001E+2	1.115000E-3	-2.500000E-5	2.715232E+2	1.412001E+2
-1.412501E+2	1.162500E-3	-2.150000E-5	2.718568E+2	1.412501E+2
-1.413001E+2	1.171000E-3	-1.950000E-5	2.721903E+2	1.413001E+2
-1.413501E+2	1.146500E-3	-4.000000E-6	2.725239E+2	1.413501E+2
-1.414001E+2	1.146500E-3	-1.300000E-5	2.728575E+2	1.414001E+2
-1.414501E+2	1.156500E-3	2.200000E-5	2.731910E+2	1.414501E+2
-1.415001E+2	1.183000E-3	-3.450000E-5	2.735246E+2	1.415001E+2
-1.415501E+2	1.185500E-3	-3.450000E-5	2.738582E+2	1.415501E+2
-1.416001E+2	1.169000E-3	-2.700000E-5	2.741917E+2	1.416001E+2
-1.416501E+2	1.180000E-3	-2.350000E-5	2.745253E+2	1.416501E+2
-1.417001E+2	1.141000E-3	-4.350000E-5	2.748589E+2	1.417001E+2
-1.417501E+2	1.136500E-3	-4.050000E-5	2.751924E+2	1.417501E+2
-1.418001E+2	1.174000E-3	3.900000E-5	2.755260E+2	1.418001E+2
-1.418501E+2	1.196000E-3	-3.200000E-5	2.758596E+2	1.418501E+2
-1.419001E+2	1.158500E-3	-2.900000E-5	2.761931E+2	1.419001E+2
-1.419501E+2	1.159000E-3	-5.800000E-5	2.765267E+2	1.419501E+2
-1.420001E+2	1.146000E-3	-5.450000E-5	2.768603E+2	1.420001E+2
-1.420501E+2	1.114500E-3	2.000000E-6	2.771938E+2	1.420501E+2
-1.421001E+2	1.165000E-3	-4.450000E-5	2.775274E+2	1.421001E+2
-1.421501E+2	1.156500E-3	-4.450000E-5	2.778610E+2	1.421501E+2
-1.422001E+2	1.143500E-3	-4.650000E-5	2.781945E+2	1.422001E+2
-1.422501E+2	1.167500E-3	-5.100000E-5	2.785281E+2	1.422501E+2
-1.423001E+2	1.173000E-3	-6.800000E-5	2.788617E+2	1.423001E+2
-1.423501E+2	1.148500E-3	-4.100000E-5	2.791953E+2	1.423501E+2
-1.424001E+2	1.198500E-3	-3.250000E-5	2.795288E+2	1.424001E+2
-1.424501E+2	1.141500E-3	1.650000E-5	2.798624E+2	1.424501E+2
-1.425001E+2	1.164000E-3	-3.800000E-5	2.801960E+2	1.425001E+2
-1.425501E+2	1.184000E-3	-4.200000E-5	2.805295E+2	1.425501E+2
-1.426001E+2	1.152500E-3	4.000000E-6	2.808631E+2	1.426001E+2
-1.426501E+2	1.157000E-3	-2.100000E-5	2.811967E+2	1.426501E+2
-1.427001E+2	1.130000E-3	-3.600000E-5	2.815302E+2	1.427001E+2
-1.427501E+2	1.163500E-3	-8.550000E-5	2.818638E+2	1.427501E+2
-1.428001E+2	1.126000E-3	-2.000000E-5	2.821974E+2	1.428001E+2
-1.428501E+2	1.073500E-3	-4.500000E-6	2.825309E+2	1.428501E+2
-1.429001E+2	1.116000E-3	-3.000000E-5	2.828645E+2	1.429001E+2
-1.429501E+2	1.156500E-3	-4.350000E-5	2.831981E+2	1.429501E+2
-1.430001E+2	1.138500E-3	-3.100000E-5	2.835316E+2	1.430001E+2
-1.430501E+2	1.139000E-3	-5.100000E-5	2.838652E+2	1.430501E+2
-1.431001E+2	1.136500E-3	-2.450000E-5	2.841988E+2	1.431001E+2
-1.431501E+2	1.149000E-3	-2.900000E-5	2.845323E+2	1.431501E+2
-1.432001E+2	1.154000E-3	-4.450000E-5	2.848659E+2	1.432001E+2
-1.432501E+2	1.180500E-3	1.200000E-5	2.851995E+2	1.432501E+2
-1.433001E+2	1.161500E-3	-3.450000E-5	2.855330E+2	1.433001E+2
-1.433501E+2	1.167500E-3	2.000000E-6	2.858666E+2	1.433501E+2
-1.434001E+2	1.172500E-3	-2.600000E-5	2.862001E+2	1.434001E+2
-1.434501E+2	1.142000E-3	-5.200000E-5	2.865337E+2	1.434501E+2
-1.435001E+2	1.140500E-3	-7.200000E-5	2.868673E+2	1.435001E+2
-1.435501E+2	1.170000E-3	-3.100000E-5	2.872008E+2	1.435501E+2
-1.436001E+2	1.150500E-3	-3.300000E-5	2.875344E+2	1.436001E+2
-1.436501E+2	1.160000E-3	-1.950000E-5	2.878680E+2	1.436501E+2
-1.437001E+2	1.097000E-3	-8.000000E-6	2.882015E+2	1.437001E+2
-1.437501E+2	1.132000E-3	1.350000E-5	2.885351E+2	1.437501E+2
-1.438001E+2	1.136500E-3	-1.250000E-5	2.888687E+2	1.438001E+2
-1.438501E+2	1.125000E-3	-8.000000E-6	2.892022E+2	1.438501E+2
-1.439001E+2	1.164500E-3	-4.700000E-5	2.895358E+2	1.439001E+2
-1.439501E+2	1.173000E-3	-6.850000E-5	2.898694E+2	1.439501E+2
-1.440001E+2	1.152000E-3	-2.550000E-5	2.902029E+2	1.440001E+2
-1.440501E+2	1.148500E-3	-3.650000E-5	2.905365E+2	1.440501E+2
-1.441001E+2	1.173000E-3	-3.550000E-5	2.908701E+2	1.441001E+2
-1.441501E+2	1.165000E-3	-3.200000E-5	2.912036E+2	1.441501E+2
-1.442001E+2	1.188500E-3	-8.500000E-6	2.915372E+2	1.442001E+2
-1.442501E+2	1.163500E-3	9.000000E-6	2.918708E+2	1.442501E+2
-1.443001E+2	1.153000E-3	-2.350000E-5	2.922043E+2	1.443001E+2
-1.443501E+2	1.088500E-3	-9.350000E-5	2.925379E+2	1.443501E+2
-1.444001E+2	1.152000E-3	-4.700000E-5	2.928715E+2	1.444001E+2
-1.444501E+2	1.185000E-3	-5.350000E-5	2.932050E+2	1.444501E+2
-1.445001E+2	1.194500E-3	-2.700000E-5	2.935386E+2	1.445001E+2
-1.445501E+2	1.130000E-3	-3.950000E-5	2.938722E+2	1.445501E+2
-1.446001E+2	1.177000E-3	-1.150000E-5	2.942057E+2	1.446001E+2
-1.446501E+2	1.225500E-3	-5.100000E-5	2.945393E+2	1.446501E+2
-1.447001E+2	1.143000E-3	-3.600000E-5	2.948729E+2	1.447001E+2
-1.447501E+2	1.172500E-3	-1.250000E-5	2.952065E+2	1.447501E+2
-1.448001E+2	1.132500E-3	-3.500000E-5	2.955400E+2	1.448001E+2
-1.448501E+2	1.151500E-3	-2.900000E-5	2.958736E+2	1.448501E+2
-1.449001E+2	1.127000E-3	-1.300000E-5	2.962072E+2	1.449001E+2
-1.449501E+2	1.188000E-3	-2.150000E-5	2.965407E+2	1.449501E+2
-1.450001E+2	1.155000E-3	-5.550000E-5	2.968743E+2	1.450001E+2
-1.450501E+2	1.137500E-3	-5.000000E-7	2.972079E+2	1.450501E+2
-1.451001E+2	1.167500E-3	5.500000E-6	2.975414E+2	1.451001E+2
-1.451501E+2	1.142000E-3	-3.550000E-5	2.978750E+2	1.451501E+2
-1.452001E+2	1.185500E-3	-2.250000E-5	2.982086E+2	1.452001E+2
-1.452501E+2	1.174500E-3	-2.950000E-5	2.985421E+2	1.452501E+2
-1.453001E+2	1.220500E-3	-4.500000E-6	2.988757E+2	1.453001E+2
-1.453501E+2	1.195000E-3	5.500000E-6	2.992093E+2	1.453501E+2
-1.454001E+2	1.171500E-3	-6.100000E-5	2.995428E+2	1.454001E+2
-1.454501E+2	1.143500E-3	-4.350000E-5	2.998764E+2	1.454501E+2
