6.319995E+1	-2.716667E-5	4.740267E-14
6.319295E+1	-3.388889E-6	4.669933E-2
6.318595E+1	1.238889E-5	9.339865E-2
6.317895E+1	-4.333333E-6	1.400980E-1
6.317195E+1	-2.861111E-5	1.867973E-1
6.316495E+1	-2.127778E-5	2.334966E-1
6.315795E+1	1.605556E-5	2.801960E-1
6.315095E+1	-5.166667E-6	3.268953E-1
6.314395E+1	8.222222E-6	3.735946E-1
6.313695E+1	1.566667E-5	4.202939E-1
6.312995E+1	-8.833334E-6	4.669932E-1
6.312295E+1	-5.166667E-6	5.136926E-1
6.311595E+1	1.855556E-5	5.603919E-1
6.310895E+1	-2.016667E-5	6.070912E-1
6.310195E+1	-4.722222E-6	6.537905E-1
6.309495E+1	1.072222E-5	7.004899E-1
6.308795E+1	-3.777778E-6	7.471892E-1
6.308095E+1	5.611111E-6	7.938885E-1
6.307395E+1	-3.555556E-6	8.405879E-1
6.306695E+1	2.783333E-5	8.872872E-1
6.305995E+1	1.944444E-5	9.339865E-1
6.305295E+1	-2.011111E-5	9.806858E-1
6.304595E+1	-1.738889E-5	1.027385E+0
6.303895E+1	8.611111E-6	1.074085E+0
6.303195E+1	-8.666667E-6	1.120784E+0
6.302495E+1	2.277778E-6	1.167483E+0
6.301795E+1	-9.722222E-6	1.214182E+0
6.301095E+1	-1.555556E-5	1.260882E+0
6.300395E+1	-2.527778E-5	1.307581E+0
6.299695E+1	-3.700000E-5	1.354280E+0
6.298995E+1	-2.561111E-5	1.400980E+0
6.298295E+1	-4.855555E-5	1.447679E+0
6.297595E+1	-5.766667E-5	1.494378E+0
6.296895E+1	-9.500000E-5	1.541078E+0
6.296195E+1	-1.352778E-4	1.587777E+0
6.295495E+1	-1.800556E-4	1.634476E+0
6.294795E+1	-1.918333E-4	1.681176E+0
6.294095E+1	-2.483333E-4	1.727875E+0
6.293395E+1	-2.466111E-4	1.774574E+0
6.292695E+1	-1.966667E-4	1.821274E+0
6.291995E+1	-1.306667E-4	1.867973E+0
6.291295E+1	-6.666667E-6	1.914672E+0
6.290595E+1	1.321111E-4	1.961372E+0
6.289895E+1	2.813889E-4	2.008071E+0
6.289195E+1	4.185555E-4	2.054770E+0
6.288495E+1	4.865556E-4	2.101470E+0
6.287795E+1	4.551667E-4	2.148169E+0
6.287095E+1	3.753333E-4	2.194868E+0
6.286395E+1	2.226111E-4	2.241568E+0
6.285695E+1	1.120556E-4	2.288267E+0
6.284995E+1	-7.777778E-6	2.334966E+0
6.284295E+1	-6.588889E-5	2.381665E+0
6.283595E+1	-9.427778E-5	2.428365E+0
6.282895E+1	-9.127778E-5	2.475064E+0
6.282195E+1	-4.811111E-5	2.521764E+0
6.281495E+1	-4.788889E-5	2.568463E+0
6.280795E+1	-5.944444E-5	2.615162E+0
6.280095E+1	-6.516666E-5	2.661861E+0
6.279395E+1	-8.211111E-5	2.708561E+0
6.278695E+1	-7.511111E-5	2.755260E+0
6.277995E+1	-7.711111E-5	2.801960E+0
6.277295E+1	-3.683333E-5	2.848659E+0
6.276595E+1	-2.672222E-5	2.895358E+0
6.275895E+1	-2.722222E-6	2.942057E+0
6.275195E+1	7.722222E-6	2.988757E+0
6.274495E+1	1.005556E-5	3.035456E+0
6.273795E+1	7.722222E-6	3.082155E+0
6.273095E+1	-7.722222E-6	3.128855E+0
6.272395E+1	-3.183333E-5	3.175554E+0
6.271695E+1	-2.722222E-6	3.222253E+0
6.270995E+1	-3.844444E-5	3.268953E+0
6.270295E+1	-1.077778E-5	3.315652E+0
6.269595E+1	-2.194444E-5	3.362351E+0
6.268895E+1	-1.283333E-5	3.409051E+0
6.268195E+1	-1.444444E-6	3.455750E+0
6.267495E+1	-7.555555E-6	3.502449E+0
6.266795E+1	2.105556E-5	3.549149E+0
6.266095E+1	7.666667E-6	3.595848E+0
6.265395E+1	-5.666667E-6	3.642547E+0
6.264695E+1	-5.055555E-6	3.689247E+0
6.263995E+1	-2.594444E-5	3.735946E+0
6.263295E+1	-1.200000E-5	3.782645E+0
6.262595E+1	-7.388889E-6	3.829345E+0
6.261895E+1	-3.461111E-5	3.876044E+0
6.261195E+1	-3.838889E-5	3.922743E+0
6.260495E+1	-3.716667E-5	3.969443E+0
6.259795E+1	-5.944445E-6	4.016142E+0
6.259095E+1	4.000000E-6	4.062841E+0
6.258395E+1	7.333334E-6	4.109540E+0
6.257695E+1	2.172222E-5	4.156240E+0
6.256995E+1	1.111111E-7	4.202939E+0
6.256295E+1	3.555556E-5	4.249639E+0
6.255595E+1	1.666667E-7	4.296338E+0
6.254895E+1	-8.277778E-6	4.343037E+0
6.254195E+1	1.550000E-5	4.389737E+0
6.253495E+1	-3.444445E-5	4.436436E+0
6.252795E+1	-2.661111E-5	4.483135E+0
6.252095E+1	-2.100000E-5	4.529835E+0
6.251395E+1	1.722222E-6	4.576534E+0
6.250695E+1	-2.755556E-5	4.623233E+0
6.249995E+1	-7.777778E-6	4.669932E+0
6.249295E+1	-1.666667E-6	4.716632E+0
6.248595E+1	-1.955555E-5	4.763331E+0
6.247895E+1	-3.066667E-5	4.810030E+0
6.247195E+1	-5.944445E-6	4.856730E+0
6.246495E+1	-3.566667E-5	4.903429E+0
6.245795E+1	-6.777778E-6	4.950129E+0
6.245095E+1	1.316667E-5	4.996828E+0
6.244395E+1	2.283333E-5	5.043527E+0
6.243695E+1	-6.111111E-6	5.090227E+0
6.242995E+1	-3.105556E-5	5.136926E+0
6.242295E+1	-1.944444E-6	5.183625E+0
6.241595E+1	4.444445E-7	5.230324E+0
6.240895E+1	-5.833333E-6	5.277024E+0
6.240195E+1	8.444445E-6	5.323723E+0
6.239495E+1	2.566667E-5	5.370422E+0
6.238795E+1	2.438889E-5	5.417122E+0
6.238095E+1	5.555556E-7	5.463821E+0
6.237395E+1	-2.461111E-5	5.510520E+0
6.236695E+1	-1.105556E-5	5.557220E+0
6.235995E+1	-3.744445E-5	5.603919E+0
6.235295E+1	-4.638889E-5	5.650619E+0
6.234595E+1	-2.205556E-5	5.697318E+0
6.233895E+1	-1.600000E-5	5.744017E+0
6.233195E+1	-2.777778E-5	5.790716E+0
6.232495E+1	-2.744444E-5	5.837416E+0
6.231795E+1	-5.055555E-6	5.884115E+0
6.231095E+1	6.000000E-6	5.930814E+0
