-1.059001E+2	3.380476E-4	9.480533E-14
-1.059071E+2	3.498095E-4	4.669933E-2
-1.059141E+2	3.537143E-4	9.339865E-2
-1.059211E+2	3.560000E-4	1.400980E-1
-1.059281E+2	3.541905E-4	1.867973E-1
-1.059351E+2	3.545238E-4	2.334966E-1
-1.059421E+2	3.593809E-4	2.801960E-1
-1.059491E+2	3.536190E-4	3.268953E-1
-1.059561E+2	3.543810E-4	3.735946E-1
-1.059631E+2	3.513333E-4	4.202939E-1
-1.059701E+2	3.564286E-4	4.669932E-1
-1.059771E+2	3.480000E-4	5.136926E-1
-1.059841E+2	3.555238E-4	5.603919E-1
-1.059911E+2	3.635714E-4	6.070912E-1
-1.059981E+2	3.538095E-4	6.537905E-1
-1.060051E+2	3.544762E-4	7.004899E-1
-1.060121E+2	3.573810E-4	7.471892E-1
-1.060191E+2	3.687143E-4	7.938885E-1
-1.060261E+2	3.639047E-4	8.405879E-1
-1.060331E+2	3.538571E-4	8.872872E-1
-1.060401E+2	3.590476E-4	9.339865E-1
-1.060471E+2	3.580476E-4	9.806858E-1
-1.060541E+2	3.568571E-4	1.027385E+0
-1.060611E+2	3.660952E-4	1.074085E+0
-1.060681E+2	3.684762E-4	1.120784E+0
-1.060751E+2	3.747143E-4	1.167483E+0
-1.060821E+2	3.673809E-4	1.214182E+0
-1.060891E+2	3.668095E-4	1.260882E+0
-1.060961E+2	3.582381E-4	1.307581E+0
-1.061031E+2	3.613810E-4	1.354280E+0
-1.061101E+2	3.504762E-4	1.400980E+0
-1.061171E+2	3.451428E-4	1.447679E+0
-1.061241E+2	3.450000E-4	1.494378E+0
-1.061311E+2	3.464762E-4	1.541078E+0
-1.061381E+2	3.464286E-4	1.587777E+0
-1.061451E+2	3.391905E-4	1.634476E+0
-1.061521E+2	3.437619E-4	1.681176E+0
-1.061591E+2	3.360476E-4	1.727875E+0
-1.061661E+2	3.383333E-4	1.774574E+0
-1.061731E+2	3.393810E-4	1.821274E+0
-1.061801E+2	3.277143E-4	1.867973E+0
-1.061871E+2	3.256190E-4	1.914672E+0
-1.061941E+2	3.263809E-4	1.961372E+0
-1.062011E+2	3.272381E-4	2.008071E+0
-1.062081E+2	3.279524E-4	2.054770E+0
-1.062151E+2	3.180952E-4	2.101470E+0
-1.062221E+2	3.201905E-4	2.148169E+0
-1.062291E+2	3.106667E-4	2.194868E+0
-1.062361E+2	3.167143E-4	2.241568E+0
-1.062431E+2	3.168572E-4	2.288267E+0
-1.062501E+2	3.103333E-4	2.334966E+0
-1.062571E+2	3.114286E-4	2.381665E+0
-1.062641E+2	3.102381E-4	2.428365E+0
-1.062711E+2	3.108571E-4	2.475064E+0
-1.062781E+2	3.007143E-4	2.521764E+0
-1.062851E+2	2.991428E-4	2.568463E+0
-1.062921E+2	2.986190E-4	2.615162E+0
-1.062991E+2	3.000952E-4	2.661861E+0
-1.063061E+2	2.959524E-4	2.708561E+0
-1.063131E+2	2.943333E-4	2.755260E+0
-1.063201E+2	2.865714E-4	2.801960E+0
-1.063271E+2	2.879524E-4	2.848659E+0
-1.063341E+2	2.897143E-4	2.895358E+0
-1.063411E+2	2.870000E-4	2.942057E+0
-1.063481E+2	2.903333E-4	2.988757E+0
-1.063551E+2	2.954286E-4	3.035456E+0
-1.063621E+2	2.882381E-4	3.082155E+0
-1.063691E+2	2.900476E-4	3.128855E+0
-1.063761E+2	2.798095E-4	3.175554E+0
-1.063831E+2	2.864286E-4	3.222253E+0
-1.063901E+2	2.878095E-4	3.268953E+0
-1.063971E+2	2.842857E-4	3.315652E+0
-1.064041E+2	2.750952E-4	3.362351E+0
-1.064111E+2	2.838571E-4	3.409051E+0
-1.064181E+2	2.802381E-4	3.455750E+0
-1.064251E+2	2.779048E-4	3.502449E+0
-1.064321E+2	2.810952E-4	3.549149E+0
-1.064391E+2	2.800952E-4	3.595848E+0
-1.064461E+2	2.833809E-4	3.642547E+0
-1.064531E+2	2.758095E-4	3.689247E+0
-1.064601E+2	2.820476E-4	3.735946E+0
-1.064671E+2	2.820476E-4	3.782645E+0
-1.064741E+2	2.771429E-4	3.829345E+0
-1.064811E+2	2.848095E-4	3.876044E+0
-1.064881E+2	2.759047E-4	3.922743E+0
-1.064951E+2	2.639048E-4	3.969443E+0
-1.065021E+2	2.747619E-4	4.016142E+0
-1.065091E+2	2.760952E-4	4.062841E+0
-1.065161E+2	2.720476E-4	4.109540E+0
-1.065231E+2	2.739524E-4	4.156240E+0
-1.065301E+2	2.716667E-4	4.202939E+0
-1.065371E+2	2.715238E-4	4.249639E+0
-1.065441E+2	2.655238E-4	4.296338E+0
-1.065511E+2	2.699048E-4	4.343037E+0
-1.065581E+2	2.645714E-4	4.389737E+0
-1.065651E+2	2.709524E-4	4.436436E+0
-1.065721E+2	2.651429E-4	4.483135E+0
-1.065791E+2	2.603333E-4	4.529835E+0
-1.065861E+2	2.623333E-4	4.576534E+0
-1.065931E+2	2.586667E-4	4.623233E+0
-1.066001E+2	2.586191E-4	4.669932E+0
-1.066071E+2	2.548095E-4	4.716632E+0
-1.066141E+2	2.557619E-4	4.763331E+0
-1.066211E+2	2.601905E-4	4.810030E+0
-1.066281E+2	2.612857E-4	4.856730E+0
-1.066351E+2	2.584762E-4	4.903429E+0
-1.066421E+2	2.585238E-4	4.950129E+0
-1.066491E+2	2.558571E-4	4.996828E+0
-1.066561E+2	2.538095E-4	5.043527E+0
-1.066631E+2	2.496190E-4	5.090227E+0
-1.066701E+2	2.499048E-4	5.136926E+0
-1.066771E+2	2.537143E-4	5.183625E+0
-1.066841E+2	2.522381E-4	5.230324E+0
-1.066911E+2	2.551429E-4	5.277024E+0
-1.066981E+2	2.560476E-4	5.323723E+0
-1.067051E+2	2.543810E-4	5.370422E+0
-1.067121E+2	2.475714E-4	5.417122E+0
-1.067191E+2	2.406667E-4	5.463821E+0
-1.067261E+2	2.427143E-4	5.510520E+0
-1.067331E+2	2.400000E-4	5.557220E+0
-1.067401E+2	2.441429E-4	5.603919E+0
-1.067471E+2	2.450000E-4	5.650619E+0
-1.067541E+2	2.446190E-4	5.697318E+0
-1.067611E+2	2.354286E-4	5.744017E+0
-1.067681E+2	2.381429E-4	5.790716E+0
-1.067751E+2	2.426190E-4	5.837416E+0
-1.067821E+2	2.361905E-4	5.884115E+0
-1.067891E+2	2.396667E-4	5.930814E+0
-1.067961E+2	2.379524E-4	5.977514E+0
-1.068031E+2	2.406667E-4	6.024213E+0
-1.068101E+2	2.381905E-4	6.070912E+0
-1.068171E+2	2.290952E-4	6.117611E+0
-1.068241E+2	2.304286E-4	6.164311E+0
-1.068311E+2	2.288095E-4	6.211010E+0
-1.068381E+2	2.343809E-4	6.257710E+0
-1.068451E+2	2.327143E-4	6.304409E+0
-1.068521E+2	2.339048E-4	6.351108E+0
-1.068591E+2	2.330952E-4	6.397808E+0
-1.068661E+2	2.327619E-4	6.444507E+0
-1.068731E+2	2.266667E-4	6.491206E+0
-1.068801E+2	2.282381E-4	6.537906E+0
-1.068871E+2	2.340476E-4	6.584605E+0
-1.068941E+2	2.317619E-4	6.631304E+0
-1.069011E+2	2.366667E-4	6.678003E+0
-1.069081E+2	2.352381E-4	6.724703E+0
-1.069151E+2	2.339524E-4	6.771402E+0
-1.069221E+2	2.356667E-4	6.818101E+0
-1.069291E+2	2.239048E-4	6.864801E+0
-1.069361E+2	2.274762E-4	6.911500E+0
-1.069431E+2	2.347143E-4	6.958200E+0
-1.069501E+2	2.339524E-4	7.004899E+0
-1.069571E+2	2.317143E-4	7.051598E+0
-1.069641E+2	2.244762E-4	7.098298E+0
-1.069711E+2	2.264286E-4	7.144997E+0
-1.069781E+2	2.352857E-4	7.191696E+0
-1.069851E+2	2.285714E-4	7.238395E+0
-1.069921E+2	2.305238E-4	7.285095E+0
-1.069991E+2	2.290952E-4	7.331794E+0
-1.070061E+2	2.289048E-4	7.378493E+0
-1.070131E+2	2.345714E-4	7.425193E+0
-1.070201E+2	2.365238E-4	7.471892E+0
-1.070271E+2	2.280000E-4	7.518591E+0
-1.070341E+2	2.261905E-4	7.565290E+0
-1.070411E+2	2.298571E-4	7.611990E+0
-1.070481E+2	2.366190E-4	7.658689E+0
-1.070551E+2	2.280952E-4	7.705389E+0
-1.070621E+2	2.309048E-4	7.752088E+0
-1.070691E+2	2.251905E-4	7.798787E+0
-1.070761E+2	2.189524E-4	7.845487E+0
-1.070831E+2	2.295238E-4	7.892186E+0
-1.070901E+2	2.281905E-4	7.938885E+0
-1.070971E+2	2.306190E-4	7.985585E+0
-1.071041E+2	2.290952E-4	8.032284E+0
-1.071111E+2	2.271429E-4	8.078983E+0
-1.071181E+2	2.192857E-4	8.125683E+0
-1.071251E+2	2.238571E-4	8.172382E+0
-1.071321E+2	2.212857E-4	8.219081E+0
-1.071391E+2	2.284762E-4	8.265780E+0
-1.071461E+2	2.212857E-4	8.312480E+0
-1.071531E+2	2.230476E-4	8.359179E+0
-1.071601E+2	2.240000E-4	8.405878E+0
-1.071671E+2	2.277619E-4	8.452578E+0
-1.071741E+2	2.270952E-4	8.499277E+0
-1.071811E+2	2.210000E-4	8.545977E+0
-1.071881E+2	2.227143E-4	8.592676E+0
-1.071951E+2	2.119524E-4	8.639375E+0
-1.072021E+2	2.100000E-4	8.686074E+0
-1.072091E+2	2.209524E-4	8.732774E+0
-1.072161E+2	2.192857E-4	8.779473E+0
-1.072231E+2	2.232857E-4	8.826173E+0
-1.072301E+2	2.199524E-4	8.872871E+0
-1.072371E+2	2.207143E-4	8.919571E+0
-1.072441E+2	2.162857E-4	8.966270E+0
-1.072511E+2	2.165238E-4	9.012970E+0
-1.072581E+2	2.078095E-4	9.059669E+0
-1.072651E+2	2.075238E-4	9.106368E+0
-1.072721E+2	2.088095E-4	9.153068E+0
-1.072791E+2	2.092381E-4	9.199767E+0
-1.072861E+2	2.161429E-4	9.246467E+0
-1.072931E+2	2.142381E-4	9.293166E+0
-1.073001E+2	2.120952E-4	9.339865E+0
-1.073071E+2	2.020476E-4	9.386564E+0
-1.073141E+2	2.049524E-4	9.433264E+0
-1.073211E+2	2.063810E-4	9.479963E+0
-1.073281E+2	2.071429E-4	9.526662E+0
-1.073351E+2	2.077619E-4	9.573361E+0
-1.073421E+2	2.143810E-4	9.620061E+0
-1.073491E+2	2.186667E-4	9.666760E+0
-1.073561E+2	2.106191E-4	9.713460E+0
-1.073631E+2	2.092381E-4	9.760159E+0
-1.073701E+2	2.123810E-4	9.806858E+0
-1.073771E+2	2.065238E-4	9.853558E+0
-1.073841E+2	2.109048E-4	9.900257E+0
-1.073911E+2	2.087143E-4	9.946957E+0
-1.073981E+2	2.057619E-4	9.993655E+0
