6.919997E+1	3.438611E-4	0.000000E+0
6.919496E+1	3.664833E-4	3.335666E-2
6.918996E+1	3.709778E-4	6.671332E-2
6.918497E+1	3.706722E-4	1.000700E-1
6.917996E+1	3.788444E-4	1.334266E-1
6.917496E+1	3.757445E-4	1.667833E-1
6.916997E+1	3.688555E-4	2.001400E-1
6.916496E+1	3.779389E-4	2.334966E-1
6.915997E+1	3.820444E-4	2.668533E-1
6.915497E+1	3.773611E-4	3.002099E-1
6.914996E+1	3.739833E-4	3.335666E-1
6.914497E+1	3.863667E-4	3.669233E-1
6.913996E+1	3.867278E-4	4.002799E-1
6.913496E+1	3.788444E-4	4.336366E-1
6.912997E+1	3.775000E-4	4.669932E-1
6.912496E+1	3.932778E-4	5.003499E-1
6.911996E+1	3.932222E-4	5.337065E-1
6.911497E+1	3.850278E-4	5.670632E-1
6.910996E+1	3.950778E-4	6.004199E-1
6.910497E+1	4.139333E-4	6.337765E-1
6.909997E+1	4.208167E-4	6.671332E-1
6.909496E+1	4.092389E-4	7.004899E-1
6.908997E+1	4.253111E-4	7.338465E-1
6.908497E+1	4.354000E-4	7.672032E-1
6.907996E+1	4.390111E-4	8.005599E-1
6.907497E+1	4.468722E-4	8.339165E-1
6.906996E+1	4.527167E-4	8.672732E-1
6.906496E+1	4.333500E-4	9.006298E-1
6.905997E+1	4.204278E-4	9.339865E-1
6.905496E+1	3.973889E-4	9.673432E-1
6.904996E+1	3.578111E-4	1.000700E+0
6.904497E+1	3.314000E-4	1.034056E+0
6.903996E+1	2.886111E-4	1.067413E+0
6.903497E+1	2.524056E-4	1.100770E+0
6.902997E+1	2.356667E-4	1.134126E+0
6.902496E+1	2.249000E-4	1.167483E+0
6.901997E+1	2.168667E-4	1.200840E+0
6.901496E+1	2.182722E-4	1.234196E+0
6.900996E+1	2.333167E-4	1.267553E+0
6.900497E+1	2.474111E-4	1.300910E+0
6.899996E+1	2.642222E-4	1.334266E+0
6.899496E+1	2.537611E-4	1.367623E+0
6.898997E+1	2.557056E-4	1.400980E+0
6.898496E+1	2.521111E-4	1.434336E+0
6.897997E+1	2.463000E-4	1.467693E+0
6.897497E+1	2.468167E-4	1.501050E+0
6.896996E+1	2.390778E-4	1.534406E+0
6.896497E+1	2.367333E-4	1.567763E+0
6.895997E+1	2.251278E-4	1.601120E+0
6.895496E+1	2.287111E-4	1.634476E+0
6.894997E+1	2.377222E-4	1.667833E+0
6.894496E+1	2.351778E-4	1.701190E+0
6.893996E+1	2.228667E-4	1.734546E+0
6.893497E+1	2.298833E-4	1.767903E+0
6.892996E+1	2.296444E-4	1.801260E+0
6.892496E+1	2.272500E-4	1.834616E+0
6.891997E+1	2.221556E-4	1.867973E+0
6.891496E+1	2.152278E-4	1.901330E+0
6.890997E+1	2.088389E-4	1.934686E+0
6.890497E+1	2.047944E-4	1.968043E+0
6.889996E+1	2.060944E-4	2.001400E+0
6.889497E+1	2.012833E-4	2.034756E+0
6.888996E+1	2.037445E-4	2.068113E+0
6.888496E+1	2.038333E-4	2.101470E+0
6.887997E+1	2.050056E-4	2.134826E+0
6.887496E+1	2.121389E-4	2.168183E+0
6.886996E+1	2.023278E-4	2.201540E+0
6.886497E+1	1.982278E-4	2.234896E+0
6.885996E+1	1.933944E-4	2.268253E+0
6.885497E+1	2.049167E-4	2.301610E+0
6.884997E+1	1.963611E-4	2.334966E+0
6.884496E+1	1.965333E-4	2.368323E+0
6.883997E+1	2.043000E-4	2.401680E+0
6.883497E+1	2.002944E-4	2.435036E+0
6.882996E+1	1.987056E-4	2.468393E+0
6.882497E+1	2.034722E-4	2.501750E+0
6.881996E+1	2.033167E-4	2.535106E+0
6.881496E+1	1.900056E-4	2.568463E+0
6.880997E+1	1.860389E-4	2.601820E+0
6.880496E+1	1.891222E-4	2.635176E+0
6.879996E+1	1.805556E-4	2.668533E+0
6.879497E+1	1.851944E-4	2.701890E+0
6.878996E+1	1.961722E-4	2.735246E+0
6.878497E+1	1.992333E-4	2.768603E+0
6.877997E+1	1.954889E-4	2.801960E+0
6.877496E+1	1.897722E-4	2.835316E+0
6.876997E+1	2.088444E-4	2.868673E+0
6.876496E+1	2.065944E-4	2.902030E+0
6.875996E+1	1.930111E-4	2.935386E+0
6.875497E+1	1.925722E-4	2.968743E+0
6.874996E+1	1.874444E-4	3.002100E+0
6.874496E+1	1.834889E-4	3.035456E+0
6.873997E+1	1.952889E-4	3.068813E+0
6.873496E+1	1.828278E-4	3.102170E+0
6.872997E+1	1.960778E-4	3.135526E+0
6.872497E+1	1.913000E-4	3.168883E+0
6.871996E+1	1.827667E-4	3.202240E+0
6.871497E+1	1.848722E-4	3.235596E+0
6.870997E+1	1.768167E-4	3.268953E+0
6.870496E+1	1.794333E-4	3.302310E+0
6.869997E+1	1.941111E-4	3.335666E+0
6.869496E+1	1.852444E-4	3.369023E+0
6.868996E+1	1.920000E-4	3.402380E+0
6.868497E+1	1.826222E-4	3.435736E+0
6.867996E+1	1.944944E-4	3.469093E+0
6.867496E+1	1.804000E-4	3.502449E+0
6.866997E+1	1.749667E-4	3.535806E+0
6.866496E+1	1.837667E-4	3.569163E+0
6.865997E+1	1.845944E-4	3.602519E+0
6.865497E+1	1.871111E-4	3.635876E+0
6.864996E+1	1.931111E-4	3.669233E+0
6.864497E+1	1.953722E-4	3.702589E+0
6.863996E+1	1.986556E-4	3.735946E+0
6.863496E+1	1.701056E-4	3.769303E+0
6.862997E+1	1.868167E-4	3.802659E+0
6.862496E+1	1.830500E-4	3.836016E+0
6.861996E+1	1.853833E-4	3.869373E+0
6.861497E+1	1.921833E-4	3.902729E+0
6.860996E+1	1.863944E-4	3.936086E+0
6.860497E+1	1.839222E-4	3.969443E+0
6.859997E+1	1.839833E-4	4.002800E+0
6.859496E+1	1.918000E-4	4.036156E+0
6.858997E+1	1.879944E-4	4.069513E+0
6.858497E+1	1.794722E-4	4.102870E+0
6.857996E+1	1.782500E-4	4.136226E+0
6.857497E+1	1.748167E-4	4.169582E+0
6.856996E+1	1.740111E-4	4.202939E+0
6.856496E+1	1.781444E-4	4.236296E+0
6.855997E+1	1.866445E-4	4.269652E+0
6.855496E+1	1.828722E-4	4.303009E+0
6.854996E+1	1.856167E-4	4.336366E+0
6.854497E+1	1.785611E-4	4.369722E+0
6.853996E+1	1.846556E-4	4.403079E+0
6.853497E+1	1.836500E-4	4.436436E+0
6.852997E+1	1.793722E-4	4.469792E+0
6.852496E+1	1.822500E-4	4.503149E+0
6.851997E+1	1.698000E-4	4.536506E+0
6.851496E+1	1.847000E-4	4.569862E+0
6.850996E+1	1.862000E-4	4.603219E+0
6.850497E+1	1.934389E-4	4.636576E+0
6.849996E+1	1.913889E-4	4.669932E+0
6.849496E+1	1.851611E-4	4.703289E+0
6.848997E+1	1.886667E-4	4.736646E+0
6.848496E+1	1.807278E-4	4.770002E+0
6.847997E+1	1.846000E-4	4.803359E+0
6.847497E+1	1.870278E-4	4.836716E+0
6.846996E+1	1.818722E-4	4.870072E+0
6.846497E+1	1.940500E-4	4.903429E+0
6.845997E+1	1.877944E-4	4.936786E+0
6.845496E+1	1.786278E-4	4.970142E+0
6.844997E+1	1.799167E-4	5.003499E+0
6.844496E+1	1.699667E-4	5.036856E+0
6.843996E+1	1.743111E-4	5.070212E+0
6.843497E+1	1.801889E-4	5.103569E+0
6.842996E+1	1.776500E-4	5.136926E+0
6.842496E+1	1.847500E-4	5.170282E+0
6.841997E+1	1.905833E-4	5.203639E+0
6.841496E+1	1.907500E-4	5.236996E+0
6.840997E+1	1.891722E-4	5.270352E+0
6.840497E+1	1.963167E-4	5.303709E+0
6.839996E+1	1.816222E-4	5.337066E+0
6.839497E+1	1.821555E-4	5.370422E+0
6.838996E+1	1.911444E-4	5.403779E+0
6.838496E+1	1.882778E-4	5.437136E+0
6.837997E+1	1.837222E-4	5.470492E+0
6.837496E+1	1.887444E-4	5.503849E+0
6.836996E+1	1.890556E-4	5.537206E+0
6.836497E+1	1.773778E-4	5.570562E+0
6.835996E+1	1.896444E-4	5.603919E+0
6.835497E+1	1.937611E-4	5.637276E+0
6.834997E+1	1.830722E-4	5.670632E+0
6.834496E+1	1.808111E-4	5.703989E+0
6.833997E+1	1.845167E-4	5.737346E+0
6.833497E+1	1.852611E-4	5.770702E+0
6.832996E+1	1.881056E-4	5.804059E+0
6.832497E+1	1.837278E-4	5.837416E+0
6.831996E+1	1.808222E-4	5.870772E+0
6.831496E+1	1.826222E-4	5.904129E+0
6.830997E+1	1.923833E-4	5.937486E+0
6.830496E+1	1.794944E-4	5.970842E+0
6.829996E+1	1.739278E-4	6.004199E+0
6.829497E+1	1.892611E-4	6.037556E+0
6.828996E+1	1.767833E-4	6.070912E+0
6.828497E+1	1.771000E-4	6.104269E+0
6.827997E+1	1.800778E-4	6.137626E+0
6.827496E+1	1.842944E-4	6.170982E+0
6.826997E+1	1.834944E-4	6.204339E+0
6.826496E+1	1.788833E-4	6.237696E+0
6.825996E+1	1.856611E-4	6.271052E+0
6.825497E+1	1.887056E-4	6.304409E+0
6.824996E+1	1.816000E-4	6.337766E+0
6.824496E+1	1.966722E-4	6.371122E+0
6.823997E+1	1.816778E-4	6.404479E+0
6.823496E+1	1.864000E-4	6.437836E+0
6.822997E+1	1.830722E-4	6.471192E+0
6.822497E+1	1.873222E-4	6.504549E+0
6.821996E+1	1.812167E-4	6.537906E+0
6.821497E+1	1.777778E-4	6.571262E+0
6.820997E+1	1.783833E-4	6.604619E+0
6.820496E+1	1.779667E-4	6.637976E+0
6.819997E+1	1.758611E-4	6.671332E+0
6.819496E+1	1.808056E-4	6.704689E+0
6.818996E+1	1.864889E-4	6.738046E+0
6.818497E+1	1.796056E-4	6.771402E+0
6.817996E+1	1.771611E-4	6.804759E+0
6.817496E+1	1.848611E-4	6.838116E+0
6.816997E+1	1.818944E-4	6.871472E+0
6.816496E+1	1.806167E-4	6.904829E+0
6.815997E+1	1.842389E-4	6.938185E+0
6.815497E+1	1.792611E-4	6.971542E+0
6.814996E+1	1.823722E-4	7.004899E+0
6.814497E+1	1.786500E-4	7.038255E+0
6.813996E+1	1.861889E-4	7.071612E+0
6.813496E+1	1.854833E-4	7.104969E+0
6.812997E+1	1.809333E-4	7.138325E+0
6.812496E+1	1.772833E-4	7.171682E+0
6.811996E+1	1.770722E-4	7.205039E+0
6.811497E+1	1.825222E-4	7.238395E+0
6.810996E+1	1.860722E-4	7.271752E+0
6.810497E+1	1.899444E-4	7.305109E+0
6.809997E+1	1.870222E-4	7.338465E+0
6.809496E+1	1.862889E-4	7.371822E+0
6.808997E+1	1.775889E-4	7.405179E+0
6.808497E+1	1.751445E-4	7.438535E+0
6.807996E+1	1.810167E-4	7.471892E+0
6.807497E+1	1.875389E-4	7.505249E+0
6.806996E+1	1.794611E-4	7.538605E+0
6.806496E+1	1.815278E-4	7.571962E+0
6.805997E+1	1.807889E-4	7.605319E+0
6.805496E+1	1.734444E-4	7.638675E+0
6.804996E+1	1.848556E-4	7.672032E+0
6.804497E+1	1.769167E-4	7.705389E+0
6.803996E+1	1.825000E-4	7.738745E+0
6.803497E+1	1.790556E-4	7.772102E+0
6.802997E+1	1.799111E-4	7.805459E+0
6.802496E+1	1.774056E-4	7.838815E+0
6.801997E+1	1.895667E-4	7.872172E+0
6.801496E+1	1.925556E-4	7.905529E+0
6.800996E+1	1.825722E-4	7.938885E+0
6.800497E+1	1.802667E-4	7.972242E+0
6.799996E+1	1.784055E-4	8.005599E+0
6.799496E+1	1.846333E-4	8.038956E+0
6.798997E+1	1.923611E-4	8.072312E+0
6.798496E+1	1.758556E-4	8.105669E+0
6.797997E+1	1.802444E-4	8.139026E+0
6.797497E+1	1.751611E-4	8.172382E+0
6.796996E+1	1.826889E-4	8.205739E+0
6.796497E+1	1.901556E-4	8.239095E+0
6.795997E+1	1.831556E-4	8.272451E+0
6.795496E+1	1.899944E-4	8.305808E+0
6.794997E+1	1.843722E-4	8.339165E+0
6.794496E+1	1.955222E-4	8.372521E+0
6.793996E+1	1.795444E-4	8.405878E+0
6.793497E+1	1.837611E-4	8.439235E+0
6.792996E+1	1.816167E-4	8.472591E+0
6.792496E+1	1.774222E-4	8.505948E+0
6.791997E+1	1.772500E-4	8.539305E+0
6.791496E+1	1.867833E-4	8.572661E+0
