6.949992E+1	6.750000E-4	0.000000E+0
6.949291E+1	7.016667E-4	4.669933E-2
6.948592E+1	7.057619E-4	9.339865E-2
6.947891E+1	7.166190E-4	1.400980E-1
6.947192E+1	7.164762E-4	1.867973E-1
6.946491E+1	7.143809E-4	2.334966E-1
6.945792E+1	7.018095E-4	2.801960E-1
6.945091E+1	7.097143E-4	3.268953E-1
6.944392E+1	7.100000E-4	3.735946E-1
6.943691E+1	7.182857E-4	4.202939E-1
6.942992E+1	7.096190E-4	4.669932E-1
6.942291E+1	7.040000E-4	5.136926E-1
6.941592E+1	6.985714E-4	5.603919E-1
6.940891E+1	7.060952E-4	6.070912E-1
6.940192E+1	7.103333E-4	6.537905E-1
6.939491E+1	7.092381E-4	7.004899E-1
6.938792E+1	7.034286E-4	7.471892E-1
6.938091E+1	7.075238E-4	7.938885E-1
6.937392E+1	7.072381E-4	8.405879E-1
6.936691E+1	7.098095E-4	8.872872E-1
6.935992E+1	7.089524E-4	9.339865E-1
6.935291E+1	7.034762E-4	9.806858E-1
6.934592E+1	6.973810E-4	1.027385E+0
6.933891E+1	6.996191E-4	1.074085E+0
6.933192E+1	7.046190E-4	1.120784E+0
6.932491E+1	6.955238E-4	1.167483E+0
6.931792E+1	6.946190E-4	1.214182E+0
6.931091E+1	7.004286E-4	1.260882E+0
6.930392E+1	7.030476E-4	1.307581E+0
6.929691E+1	7.097619E-4	1.354280E+0
6.928992E+1	7.094286E-4	1.400980E+0
6.928291E+1	7.109524E-4	1.447679E+0
6.927592E+1	7.063333E-4	1.494378E+0
6.926891E+1	7.051429E-4	1.541078E+0
6.926192E+1	7.122381E-4	1.587777E+0
6.925491E+1	6.997619E-4	1.634476E+0
6.924792E+1	7.063333E-4	1.681176E+0
6.924091E+1	7.140000E-4	1.727875E+0
6.923392E+1	7.045714E-4	1.774574E+0
6.922691E+1	6.959048E-4	1.821274E+0
6.921992E+1	7.106666E-4	1.867973E+0
6.921291E+1	7.059047E-4	1.914672E+0
6.920592E+1	7.059047E-4	1.961372E+0
6.919891E+1	7.059524E-4	2.008071E+0
6.919192E+1	6.994286E-4	2.054770E+0
6.918491E+1	7.132857E-4	2.101470E+0
6.917792E+1	7.073333E-4	2.148169E+0
6.917091E+1	7.092381E-4	2.194868E+0
6.916392E+1	7.032857E-4	2.241568E+0
6.915691E+1	7.137619E-4	2.288267E+0
6.914992E+1	7.225715E-4	2.334966E+0
6.914291E+1	7.293809E-4	2.381665E+0
6.913592E+1	7.307619E-4	2.428365E+0
6.912891E+1	7.438095E-4	2.475064E+0
6.912192E+1	7.608095E-4	2.521764E+0
6.911491E+1	7.852381E-4	2.568463E+0
6.910792E+1	8.099048E-4	2.615162E+0
6.910091E+1	8.343334E-4	2.661861E+0
6.909392E+1	8.669047E-4	2.708561E+0
6.908691E+1	9.001905E-4	2.755260E+0
6.907992E+1	9.386667E-4	2.801960E+0
6.907291E+1	9.626666E-4	2.848659E+0
6.906592E+1	9.690952E-4	2.895358E+0
6.905891E+1	9.279524E-4	2.942057E+0
6.905192E+1	7.893333E-4	2.988757E+0
6.904491E+1	5.641428E-4	3.035456E+0
6.903792E+1	2.748572E-4	3.082155E+0
6.903091E+1	1.466667E-5	3.128855E+0
6.902392E+1	-1.549048E-4	3.175554E+0
6.901691E+1	-1.769524E-4	3.222253E+0
6.900992E+1	-9.490476E-5	3.268953E+0
6.900291E+1	3.647619E-5	3.315652E+0
6.899592E+1	2.107143E-4	3.362351E+0
6.898891E+1	3.094762E-4	3.409051E+0
6.898192E+1	3.566667E-4	3.455750E+0
6.897491E+1	3.542857E-4	3.502449E+0
6.896792E+1	3.079048E-4	3.549149E+0
6.896091E+1	2.355714E-4	3.595848E+0
6.895392E+1	1.863333E-4	3.642547E+0
6.894691E+1	1.604286E-4	3.689247E+0
6.893992E+1	1.444286E-4	3.735946E+0
6.893291E+1	1.637143E-4	3.782645E+0
6.892592E+1	1.821429E-4	3.829345E+0
6.891891E+1	1.930476E-4	3.876044E+0
6.891192E+1	1.874762E-4	3.922743E+0
6.890491E+1	1.756190E-4	3.969443E+0
6.889792E+1	1.476191E-4	4.016142E+0
6.889091E+1	1.198571E-4	4.062841E+0
6.888392E+1	1.273809E-4	4.109540E+0
6.887691E+1	1.234286E-4	4.156240E+0
6.886991E+1	1.362381E-4	4.202939E+0
6.886292E+1	1.358095E-4	4.249639E+0
6.885591E+1	1.361429E-4	4.296338E+0
6.884892E+1	1.406190E-4	4.343037E+0
6.884191E+1	1.344762E-4	4.389737E+0
6.883492E+1	1.267143E-4	4.436436E+0
6.882791E+1	1.319524E-4	4.483135E+0
6.882092E+1	1.217143E-4	4.529835E+0
6.881391E+1	1.230952E-4	4.576534E+0
6.880692E+1	1.208095E-4	4.623233E+0
6.879991E+1	1.280952E-4	4.669932E+0
6.879292E+1	1.205714E-4	4.716632E+0
6.878591E+1	1.240000E-4	4.763331E+0
6.877892E+1	1.287143E-4	4.810030E+0
6.877191E+1	1.301429E-4	4.856730E+0
6.876492E+1	1.342381E-4	4.903429E+0
6.875791E+1	1.333809E-4	4.950129E+0
6.875092E+1	1.350952E-4	4.996828E+0
6.874391E+1	1.379524E-4	5.043527E+0
6.873692E+1	1.204286E-4	5.090227E+0
6.872991E+1	1.160952E-4	5.136926E+0
6.872292E+1	1.088095E-4	5.183625E+0
6.871591E+1	9.785714E-5	5.230324E+0
6.870892E+1	9.500000E-5	5.277024E+0
6.870191E+1	1.150952E-4	5.323723E+0
6.869492E+1	1.084762E-4	5.370422E+0
6.868791E+1	1.168095E-4	5.417122E+0
6.868092E+1	1.263810E-4	5.463821E+0
6.867391E+1	1.265238E-4	5.510520E+0
6.866692E+1	1.139524E-4	5.557220E+0
6.865991E+1	1.096667E-4	5.603919E+0
6.865292E+1	1.010952E-4	5.650619E+0
6.864591E+1	1.025238E-4	5.697318E+0
6.863892E+1	1.076190E-4	5.744017E+0
6.863191E+1	1.083333E-4	5.790716E+0
6.862492E+1	1.261429E-4	5.837416E+0
6.861791E+1	1.191905E-4	5.884115E+0
6.861092E+1	1.130476E-4	5.930814E+0
6.860391E+1	1.177619E-4	5.977514E+0
6.859692E+1	1.134286E-4	6.024213E+0
6.858991E+1	1.058571E-4	6.070912E+0
6.858292E+1	1.125714E-4	6.117611E+0
6.857591E+1	1.137143E-4	6.164311E+0
6.856892E+1	1.085238E-4	6.211010E+0
6.856191E+1	1.093333E-4	6.257710E+0
6.855492E+1	1.021429E-4	6.304409E+0
6.854791E+1	9.847619E-5	6.351108E+0
6.854092E+1	9.857143E-5	6.397808E+0
6.853391E+1	9.233334E-5	6.444507E+0
6.852692E+1	1.009048E-4	6.491206E+0
6.851991E+1	1.016667E-4	6.537906E+0
6.851292E+1	9.866666E-5	6.584605E+0
6.850591E+1	1.151429E-4	6.631304E+0
6.849892E+1	1.175714E-4	6.678003E+0
6.849191E+1	1.126190E-4	6.724703E+0
6.848492E+1	1.219524E-4	6.771402E+0
6.847791E+1	1.213810E-4	6.818101E+0
6.847092E+1	1.105714E-4	6.864801E+0
6.846391E+1	1.140000E-4	6.911500E+0
6.845692E+1	9.485714E-5	6.958200E+0
6.844991E+1	9.852381E-5	7.004899E+0
6.844292E+1	8.980952E-5	7.051598E+0
6.843591E+1	9.223809E-5	7.098298E+0
6.842892E+1	9.757143E-5	7.144997E+0
6.842191E+1	1.000476E-4	7.191696E+0
6.841492E+1	1.086667E-4	7.238395E+0
6.840791E+1	1.123809E-4	7.285095E+0
6.840092E+1	1.211429E-4	7.331794E+0
6.839391E+1	1.158571E-4	7.378493E+0
6.838692E+1	1.141429E-4	7.425193E+0
6.837991E+1	1.131905E-4	7.471892E+0
6.837292E+1	1.120000E-4	7.518591E+0
6.836591E+1	1.130476E-4	7.565290E+0
6.835892E+1	9.380953E-5	7.611990E+0
6.835191E+1	9.966666E-5	7.658689E+0
6.834492E+1	1.103810E-4	7.705389E+0
6.833791E+1	1.156190E-4	7.752088E+0
6.833092E+1	1.054286E-4	7.798787E+0
6.832391E+1	1.091429E-4	7.845487E+0
6.831692E+1	1.157619E-4	7.892186E+0
6.830991E+1	1.070952E-4	7.938885E+0
6.830292E+1	1.038095E-4	7.985585E+0
6.829591E+1	1.017143E-4	8.032284E+0
6.828892E+1	1.043333E-4	8.078983E+0
6.828191E+1	1.016191E-4	8.125683E+0
6.827492E+1	1.126667E-4	8.172382E+0
6.826791E+1	1.137619E-4	8.219081E+0
6.826092E+1	1.051905E-4	8.265780E+0
6.825391E+1	1.033333E-4	8.312480E+0
6.824692E+1	1.078571E-4	8.359179E+0
6.823991E+1	1.137143E-4	8.405878E+0
6.823292E+1	1.172857E-4	8.452578E+0
6.822591E+1	1.126667E-4	8.499277E+0
6.821892E+1	1.109048E-4	8.545977E+0
6.821191E+1	1.130000E-4	8.592676E+0
6.820492E+1	1.142381E-4	8.639375E+0
6.819791E+1	1.077619E-4	8.686074E+0
6.819092E+1	1.080000E-4	8.732774E+0
6.818391E+1	1.135714E-4	8.779473E+0
6.817692E+1	1.039524E-4	8.826173E+0
6.816991E+1	1.044286E-4	8.872871E+0
6.816292E+1	1.028095E-4	8.919571E+0
6.815591E+1	1.214762E-4	8.966270E+0
6.814892E+1	1.186190E-4	9.012970E+0
6.814191E+1	1.169048E-4	9.059669E+0
6.813492E+1	1.110000E-4	9.106368E+0
6.812791E+1	1.116190E-4	9.153068E+0
6.812092E+1	1.092381E-4	9.199767E+0
6.811391E+1	1.091905E-4	9.246467E+0
6.810692E+1	1.090000E-4	9.293166E+0
6.809991E+1	1.190000E-4	9.339865E+0
6.809292E+1	1.169524E-4	9.386564E+0
6.808591E+1	1.161429E-4	9.433264E+0
6.807892E+1	1.127619E-4	9.479963E+0
6.807191E+1	1.147143E-4	9.526662E+0
6.806492E+1	1.166190E-4	9.573361E+0
6.805791E+1	1.163333E-4	9.620061E+0
6.805092E+1	1.160952E-4	9.666760E+0
6.804391E+1	1.185238E-4	9.713460E+0
6.803692E+1	1.078095E-4	9.760159E+0
6.802991E+1	1.104762E-4	9.806858E+0
6.802292E+1	1.051905E-4	9.853558E+0
6.801591E+1	1.143809E-4	9.900257E+0
6.800892E+1	1.052857E-4	9.946957E+0
6.800191E+1	1.181905E-4	9.993655E+0
6.799491E+1	1.177619E-4	1.004035E+1
6.798792E+1	1.168571E-4	1.008705E+1
6.798091E+1	1.126667E-4	1.013375E+1
6.797392E+1	1.150952E-4	1.018045E+1
6.796691E+1	1.137143E-4	1.022715E+1
6.795992E+1	1.189524E-4	1.027385E+1
6.795291E+1	1.199048E-4	1.032055E+1
6.794592E+1	1.200952E-4	1.036725E+1
6.793891E+1	1.222381E-4	1.041395E+1
6.793192E+1	1.166190E-4	1.046065E+1
6.792491E+1	1.182857E-4	1.050735E+1
6.791792E+1	1.238571E-4	1.055405E+1
6.791091E+1	1.235238E-4	1.060075E+1
6.790392E+1	1.202381E-4	1.064745E+1
6.789691E+1	1.210476E-4	1.069415E+1
6.788992E+1	1.257143E-4	1.074084E+1
6.788291E+1	1.286191E-4	1.078754E+1
6.787592E+1	1.166667E-4	1.083424E+1
6.786891E+1	1.200476E-4	1.088094E+1
6.786192E+1	1.251429E-4	1.092764E+1
6.785491E+1	1.278095E-4	1.097434E+1
6.784792E+1	1.268095E-4	1.102104E+1
6.784091E+1	1.210000E-4	1.106774E+1
6.783392E+1	1.167143E-4	1.111444E+1
6.782691E+1	1.179524E-4	1.116114E+1
6.781992E+1	1.135238E-4	1.120784E+1
6.781291E+1	1.257619E-4	1.125454E+1
6.780592E+1	1.290476E-4	1.130124E+1
6.779891E+1	1.193810E-4	1.134794E+1
6.779192E+1	1.217619E-4	1.139464E+1
6.778491E+1	1.226191E-4	1.144133E+1
6.777792E+1	1.308571E-4	1.148803E+1
6.777091E+1	1.275238E-4	1.153473E+1
6.776392E+1	1.272857E-4	1.158143E+1
6.775691E+1	1.224762E-4	1.162813E+1
6.774992E+1	1.347143E-4	1.167483E+1
6.774291E+1	1.240000E-4	1.172153E+1
6.773592E+1	1.264762E-4	1.176823E+1
6.772891E+1	1.235238E-4	1.181493E+1
6.772192E+1	1.303810E-4	1.186163E+1
6.771491E+1	1.375714E-4	1.190833E+1
