7.099993E+1	-5.810000E-5	-4.400000E-6	0.000000E+0	-7.099993E+1
7.099293E+1	9.600000E-6	1.740000E-5	4.669933E-2	-7.099293E+1
7.098593E+1	-1.980000E-5	2.360000E-5	9.339865E-2	-7.098593E+1
7.097893E+1	8.200000E-6	4.120000E-5	1.400980E-1	-7.097893E+1
7.097193E+1	-1.940000E-5	-1.030000E-5	1.867973E-1	-7.097193E+1
7.096493E+1	-2.680000E-5	2.140000E-5	2.334966E-1	-7.096493E+1
7.095793E+1	-2.280000E-5	-8.600000E-6	2.801960E-1	-7.095793E+1
7.095093E+1	-2.300000E-6	-2.230000E-5	3.268953E-1	-7.095093E+1
7.094393E+1	-9.800000E-6	-5.900000E-6	3.735946E-1	-7.094393E+1
7.093693E+1	8.700000E-6	3.030000E-5	4.202939E-1	-7.093693E+1
7.092993E+1	-3.120000E-5	4.750000E-5	4.669932E-1	-7.092993E+1
7.092293E+1	-2.220000E-5	2.350000E-5	5.136926E-1	-7.092293E+1
7.091593E+1	2.700000E-6	2.100000E-5	5.603919E-1	-7.091593E+1
7.090893E+1	3.800000E-6	1.820000E-5	6.070912E-1	-7.090893E+1
7.090193E+1	-1.360000E-5	1.910000E-5	6.537905E-1	-7.090193E+1
7.089493E+1	2.900000E-6	-1.680000E-5	7.004899E-1	-7.089493E+1
7.088793E+1	3.200000E-6	-3.800000E-6	7.471892E-1	-7.088793E+1
7.088093E+1	-1.220000E-5	-1.200000E-5	7.938885E-1	-7.088093E+1
7.087393E+1	-5.700000E-6	4.900000E-6	8.405879E-1	-7.087393E+1
7.086693E+1	1.260000E-5	-2.600000E-5	8.872872E-1	-7.086693E+1
7.085993E+1	-2.500000E-6	-5.700000E-6	9.339865E-1	-7.085993E+1
7.085293E+1	-3.160000E-5	1.270000E-5	9.806858E-1	-7.085293E+1
7.084593E+1	-1.990000E-5	1.230000E-5	1.027385E+0	-7.084593E+1
7.083893E+1	2.400000E-5	-1.460000E-5	1.074085E+0	-7.083893E+1
7.083193E+1	5.700000E-6	1.960000E-5	1.120784E+0	-7.083193E+1
7.082493E+1	1.610000E-5	1.090000E-5	1.167483E+0	-7.082493E+1
7.081793E+1	-1.260000E-5	-1.430000E-5	1.214182E+0	-7.081793E+1
7.081093E+1	-2.580000E-5	-1.130000E-5	1.260882E+0	-7.081093E+1
7.080393E+1	1.990000E-5	-1.560000E-5	1.307581E+0	-7.080393E+1
7.079693E+1	2.800000E-6	-2.330000E-5	1.354280E+0	-7.079693E+1
7.078993E+1	4.800000E-6	-1.460000E-5	1.400980E+0	-7.078993E+1
7.078293E+1	-3.650000E-5	-1.000000E-6	1.447679E+0	-7.078293E+1
7.077593E+1	-7.030000E-5	2.570000E-5	1.494378E+0	-7.077593E+1
7.076893E+1	9.500000E-6	-1.740000E-5	1.541078E+0	-7.076893E+1
7.076193E+1	5.700000E-6	4.800000E-6	1.587777E+0	-7.076193E+1
7.075493E+1	5.700000E-6	4.300000E-6	1.634476E+0	-7.075493E+1
7.074793E+1	-8.200000E-6	-8.100000E-6	1.681176E+0	-7.074793E+1
7.074093E+1	5.900000E-6	2.120000E-5	1.727875E+0	-7.074093E+1
7.073393E+1	-2.460000E-5	-3.440000E-5	1.774574E+0	-7.073393E+1
7.072693E+1	-6.700000E-6	-1.090000E-5	1.821274E+0	-7.072693E+1
7.071993E+1	-2.400000E-5	-1.550000E-5	1.867973E+0	-7.071993E+1
7.071293E+1	-1.700000E-6	2.580000E-5	1.914672E+0	-7.071293E+1
7.070593E+1	-3.700000E-5	-1.700000E-5	1.961372E+0	-7.070593E+1
7.069893E+1	1.120000E-5	2.240000E-5	2.008071E+0	-7.069893E+1
7.069193E+1	-1.930000E-5	8.000000E-6	2.054770E+0	-7.069193E+1
7.068493E+1	-2.960000E-5	4.000000E-6	2.101470E+0	-7.068493E+1
7.067793E+1	-2.630000E-5	1.130000E-5	2.148169E+0	-7.067793E+1
7.067093E+1	-1.260000E-5	1.070000E-5	2.194868E+0	-7.067093E+1
7.066393E+1	1.260000E-5	1.580000E-5	2.241568E+0	-7.066393E+1
7.065693E+1	-1.600000E-6	3.310000E-5	2.288267E+0	-7.065693E+1
7.064993E+1	-1.280000E-5	1.160000E-5	2.334966E+0	-7.064993E+1
7.064293E+1	3.000000E-7	-3.080000E-5	2.381665E+0	-7.064293E+1
7.063593E+1	3.080000E-5	1.000000E-6	2.428365E+0	-7.063593E+1
7.062893E+1	-1.090000E-5	1.900000E-6	2.475064E+0	-7.062893E+1
7.062193E+1	-2.510000E-5	1.440000E-5	2.521764E+0	-7.062193E+1
7.061493E+1	-3.000000E-7	1.010000E-5	2.568463E+0	-7.061493E+1
7.060793E+1	2.700000E-5	8.400000E-6	2.615162E+0	-7.060793E+1
7.060093E+1	3.900000E-6	-2.100000E-6	2.661861E+0	-7.060093E+1
7.059393E+1	-5.100000E-6	3.160000E-5	2.708561E+0	-7.059393E+1
7.058693E+1	8.300000E-6	-1.460000E-5	2.755260E+0	-7.058693E+1
7.057993E+1	2.000000E-6	-2.480000E-5	2.801960E+0	-7.057993E+1
7.057293E+1	0.000000E+0	-6.800000E-6	2.848659E+0	-7.057293E+1
7.056593E+1	-4.300000E-6	-1.250000E-5	2.895358E+0	-7.056593E+1
7.055893E+1	-2.050000E-5	3.700000E-5	2.942057E+0	-7.055893E+1
7.055193E+1	1.110000E-5	1.520000E-5	2.988757E+0	-7.055193E+1
7.054493E+1	3.220000E-5	2.860000E-5	3.035456E+0	-7.054493E+1
7.053793E+1	2.160000E-5	9.700000E-6	3.082155E+0	-7.053793E+1
7.053093E+1	1.300000E-5	1.770000E-5	3.128855E+0	-7.053093E+1
7.052393E+1	-1.670000E-5	2.420000E-5	3.175554E+0	-7.052393E+1
7.051693E+1	-1.330000E-5	-2.250000E-5	3.222253E+0	-7.051693E+1
7.050993E+1	-3.700000E-6	2.920000E-5	3.268953E+0	-7.050993E+1
7.050293E+1	-2.000000E-7	-1.000000E-6	3.315652E+0	-7.050293E+1
7.049593E+1	-1.700000E-5	-2.700000E-6	3.362351E+0	-7.049593E+1
7.048893E+1	-4.700000E-6	6.200000E-6	3.409051E+0	-7.048893E+1
7.048193E+1	1.370000E-5	1.910000E-5	3.455750E+0	-7.048193E+1
7.047493E+1	3.700000E-5	-7.100000E-6	3.502449E+0	-7.047493E+1
7.046793E+1	2.700000E-5	-5.600000E-6	3.549149E+0	-7.046793E+1
7.046093E+1	7.800000E-6	-2.800000E-6	3.595848E+0	-7.046093E+1
7.045393E+1	-1.920000E-5	-1.300000E-5	3.642547E+0	-7.045393E+1
7.044693E+1	-2.300000E-6	1.550000E-5	3.689247E+0	-7.044693E+1
7.043993E+1	-1.370000E-5	-4.700000E-6	3.735946E+0	-7.043993E+1
7.043293E+1	1.600000E-5	-8.000000E-6	3.782645E+0	-7.043293E+1
7.042593E+1	-2.050000E-5	9.600000E-6	3.829345E+0	-7.042593E+1
7.041893E+1	-1.400000E-6	1.290000E-5	3.876044E+0	-7.041893E+1
7.041193E+1	3.400000E-6	3.710000E-5	3.922743E+0	-7.041193E+1
7.040493E+1	1.400000E-6	2.410000E-5	3.969443E+0	-7.040493E+1
7.039793E+1	-7.000000E-6	-3.420000E-5	4.016142E+0	-7.039793E+1
7.039093E+1	-1.570000E-5	-8.900000E-6	4.062841E+0	-7.039093E+1
7.038393E+1	-9.500000E-6	-8.000000E-7	4.109540E+0	-7.038393E+1
7.037693E+1	2.540000E-5	-3.100000E-6	4.156240E+0	-7.037693E+1
7.036993E+1	7.200000E-6	-1.290000E-5	4.202939E+0	-7.036993E+1
7.036293E+1	3.200000E-6	2.190000E-5	4.249639E+0	-7.036293E+1
7.035593E+1	-1.930000E-5	4.090000E-5	4.296338E+0	-7.035593E+1
7.034893E+1	5.000000E-6	1.640000E-5	4.343037E+0	-7.034893E+1
7.034193E+1	-2.160000E-5	-9.000000E-7	4.389737E+0	-7.034193E+1
7.033493E+1	-2.880000E-5	-1.980000E-5	4.436436E+0	-7.033493E+1
7.032793E+1	-1.880000E-5	-1.440000E-5	4.483135E+0	-7.032793E+1
7.032093E+1	-3.000000E-6	-2.460000E-5	4.529835E+0	-7.032093E+1
7.031393E+1	-1.230000E-5	9.800000E-6	4.576534E+0	-7.031393E+1
7.030693E+1	-1.820000E-5	-2.200000E-6	4.623233E+0	-7.030693E+1
7.029993E+1	1.000000E-6	-2.200000E-6	4.669932E+0	-7.029993E+1
7.029293E+1	-2.730000E-5	-1.480000E-5	4.716632E+0	-7.029293E+1
7.028593E+1	-6.000000E-7	2.500000E-6	4.763331E+0	-7.028593E+1
7.027893E+1	1.500000E-5	1.990000E-5	4.810030E+0	-7.027893E+1
7.027193E+1	4.400000E-6	8.000000E-6	4.856730E+0	-7.027193E+1
7.026493E+1	8.100000E-6	2.700000E-5	4.903429E+0	-7.026493E+1
7.025793E+1	3.100000E-5	1.280000E-5	4.950129E+0	-7.025793E+1
7.025093E+1	8.000000E-7	-1.680000E-5	4.996828E+0	-7.025093E+1
7.024393E+1	-1.800000E-6	-1.850000E-5	5.043527E+0	-7.024393E+1
7.023693E+1	-3.790000E-5	1.490000E-5	5.090227E+0	-7.023693E+1
7.022993E+1	1.100000E-6	-1.170000E-5	5.136926E+0	-7.022993E+1
7.022293E+1	6.800000E-6	3.060000E-5	5.183625E+0	-7.022293E+1
7.021593E+1	-6.000000E-6	-1.100000E-6	5.230324E+0	-7.021593E+1
7.020893E+1	-2.850000E-5	1.530000E-5	5.277024E+0	-7.020893E+1
7.020193E+1	-1.330000E-5	1.410000E-5	5.323723E+0	-7.020193E+1
7.019493E+1	-1.910000E-5	6.000000E-7	5.370422E+0	-7.019493E+1
7.018793E+1	-9.000000E-7	9.000000E-6	5.417122E+0	-7.018793E+1
7.018093E+1	-2.410000E-5	2.940000E-5	5.463821E+0	-7.018093E+1
7.017393E+1	2.810000E-5	1.000000E-7	5.510520E+0	-7.017393E+1
7.016693E+1	6.600000E-6	1.200000E-5	5.557220E+0	-7.016693E+1
7.015993E+1	-5.000000E-6	6.170000E-5	5.603919E+0	-7.015993E+1
7.015293E+1	-1.900000E-5	-2.750000E-5	5.650619E+0	-7.015293E+1
7.014593E+1	-2.090000E-5	1.430000E-5	5.697318E+0	-7.014593E+1
7.013893E+1	-1.120000E-5	2.740000E-5	5.744017E+0	-7.013893E+1
7.013193E+1	2.560000E-5	-4.100000E-6	5.790716E+0	-7.013193E+1
7.012493E+1	-5.100000E-6	-2.500000E-6	5.837416E+0	-7.012493E+1
7.011793E+1	-8.700000E-6	-4.800000E-6	5.884115E+0	-7.011793E+1
7.011093E+1	1.590000E-5	1.340000E-5	5.930814E+0	-7.011093E+1
7.010393E+1	3.770000E-5	2.000000E-7	5.977514E+0	-7.010393E+1
7.009693E+1	-7.600000E-6	-3.740000E-5	6.024213E+0	-7.009693E+1
7.008993E+1	3.400000E-6	-2.020000E-5	6.070912E+0	-7.008993E+1
7.008293E+1	4.700000E-6	-1.410000E-5	6.117611E+0	-7.008293E+1
7.007593E+1	3.050000E-5	6.200000E-6	6.164311E+0	-7.007593E+1
7.006893E+1	2.370000E-5	6.300000E-6	6.211010E+0	-7.006893E+1
7.006193E+1	1.920000E-5	-2.450000E-5	6.257710E+0	-7.006193E+1
7.005493E+1	-4.300000E-6	7.600000E-6	6.304409E+0	-7.005493E+1
7.004793E+1	-1.500000E-6	2.110000E-5	6.351108E+0	-7.004793E+1
7.004093E+1	-2.680000E-5	2.720000E-5	6.397808E+0	-7.004093E+1
7.003393E+1	-2.800000E-6	9.500000E-6	6.444507E+0	-7.003393E+1
7.002693E+1	-2.250000E-5	2.070000E-5	6.491206E+0	-7.002693E+1
7.001993E+1	-5.800000E-6	-1.440000E-5	6.537906E+0	-7.001993E+1
7.001293E+1	1.260000E-5	6.600000E-6	6.584605E+0	-7.001293E+1
7.000593E+1	-2.000000E-7	6.100000E-6	6.631304E+0	-7.000593E+1
6.999893E+1	-2.720000E-5	-3.700000E-6	6.678003E+0	-6.999893E+1
6.999193E+1	1.600000E-6	1.610000E-5	6.724703E+0	-6.999193E+1
6.998493E+1	-1.940000E-5	1.590000E-5	6.771402E+0	-6.998493E+1
6.997793E+1	-2.630000E-5	1.530000E-5	6.818101E+0	-6.997793E+1
6.997093E+1	-4.100000E-6	-2.030000E-5	6.864801E+0	-6.997093E+1
6.996393E+1	-1.060000E-5	2.310000E-5	6.911500E+0	-6.996393E+1
6.995693E+1	3.040000E-5	2.780000E-5	6.958200E+0	-6.995693E+1
6.994993E+1	1.400000E-5	-2.520000E-5	7.004899E+0	-6.994993E+1
6.994293E+1	-1.780000E-5	2.120000E-5	7.051598E+0	-6.994293E+1
6.993593E+1	-8.600000E-6	4.100000E-6	7.098298E+0	-6.993593E+1
6.992893E+1	-1.200000E-6	4.130000E-5	7.144997E+0	-6.992893E+1
6.992193E+1	-2.280000E-5	4.400000E-6	7.191696E+0	-6.992193E+1
6.991493E+1	-2.700000E-5	2.500000E-5	7.238395E+0	-6.991493E+1
6.990793E+1	-1.490000E-5	3.220000E-5	7.285095E+0	-6.990793E+1
6.990093E+1	-7.800000E-6	-1.170000E-5	7.331794E+0	-6.990093E+1
6.989393E+1	6.600000E-6	1.010000E-5	7.378493E+0	-6.989393E+1
6.988693E+1	-7.300000E-6	3.940000E-5	7.425193E+0	-6.988693E+1
6.987993E+1	1.870000E-5	2.970000E-5	7.471892E+0	-6.987993E+1
6.987293E+1	-1.470000E-5	-8.200000E-6	7.518591E+0	-6.987293E+1
6.986593E+1	3.320000E-5	1.950000E-5	7.565290E+0	-6.986593E+1
6.985893E+1	7.500000E-6	4.000000E-7	7.611990E+0	-6.985893E+1
6.985193E+1	-1.770000E-5	-6.200000E-6	7.658689E+0	-6.985193E+1
6.984493E+1	-9.100000E-6	-1.190000E-5	7.705389E+0	-6.984493E+1
6.983793E+1	-9.800000E-6	2.900000E-6	7.752088E+0	-6.983793E+1
6.983093E+1	1.000000E-7	6.100000E-6	7.798787E+0	-6.983093E+1
6.982393E+1	-1.560000E-5	-2.010000E-5	7.845487E+0	-6.982393E+1
6.981693E+1	2.590000E-5	-3.020000E-5	7.892186E+0	-6.981693E+1
6.980993E+1	-4.710000E-5	-1.470000E-5	7.938885E+0	-6.980993E+1
6.980293E+1	6.000000E-7	-9.000000E-6	7.985585E+0	-6.980293E+1
6.979593E+1	-3.810000E-5	-1.060000E-5	8.032284E+0	-6.979593E+1
6.978893E+1	-1.350000E-5	3.390000E-5	8.078983E+0	-6.978893E+1
6.978193E+1	-1.540000E-5	3.100000E-6	8.125683E+0	-6.978193E+1
6.977493E+1	-2.110000E-5	-2.240000E-5	8.172382E+0	-6.977493E+1
6.976793E+1	-4.500000E-6	-9.600000E-6	8.219081E+0	-6.976793E+1
6.976093E+1	-8.400000E-6	-2.430000E-5	8.265780E+0	-6.976093E+1
6.975393E+1	1.090000E-5	3.160000E-5	8.312480E+0	-6.975393E+1
6.974693E+1	3.120000E-5	2.140000E-5	8.359179E+0	-6.974693E+1
6.973993E+1	5.700000E-6	4.050000E-5	8.405878E+0	-6.973993E+1
6.973293E+1	3.000000E-6	3.000000E-5	8.452578E+0	-6.973293E+1
6.972593E+1	-2.160000E-5	1.020000E-5	8.499277E+0	-6.972593E+1
6.971893E+1	-4.040000E-5	2.200000E-5	8.545977E+0	-6.971893E+1
6.971193E+1	-2.970000E-5	1.450000E-5	8.592676E+0	-6.971193E+1
6.970493E+1	2.370000E-5	3.640000E-5	8.639375E+0	-6.970493E+1
6.969793E+1	3.500000E-5	-6.700000E-6	8.686074E+0	-6.969793E+1
6.969093E+1	3.230000E-5	-9.800000E-6	8.732774E+0	-6.969093E+1
6.968393E+1	4.100000E-5	-3.100000E-6	8.779473E+0	-6.968393E+1
6.967693E+1	-5.400000E-6	-1.600000E-6	8.826173E+0	-6.967693E+1
6.966993E+1	-1.020000E-5	-2.030000E-5	8.872871E+0	-6.966993E+1
6.966293E+1	-3.090000E-5	-5.860000E-5	8.919571E+0	-6.966293E+1
6.965593E+1	7.100000E-6	8.900000E-6	8.966270E+0	-6.965593E+1
6.964893E+1	1.440000E-5	3.360000E-5	9.012970E+0	-6.964893E+1
6.964193E+1	2.100000E-6	1.050000E-5	9.059669E+0	-6.964193E+1
6.963493E+1	-1.920000E-5	1.000000E-6	9.106368E+0	-6.963493E+1
6.962793E+1	-1.590000E-5	1.110000E-5	9.153068E+0	-6.962793E+1
6.962093E+1	1.860000E-5	2.650000E-5	9.199767E+0	-6.962093E+1
6.961393E+1	1.880000E-5	4.100000E-6	9.246467E+0	-6.961393E+1
6.960693E+1	-3.150000E-5	-1.420000E-5	9.293166E+0	-6.960693E+1
6.959993E+1	7.000000E-6	-3.370000E-5	9.339865E+0	-6.959993E+1
6.959293E+1	-1.400000E-5	1.130000E-5	9.386564E+0	-6.959293E+1
6.958593E+1	-1.230000E-5	-5.500000E-6	9.433264E+0	-6.958593E+1
6.957893E+1	1.100000E-6	-1.750000E-5	9.479963E+0	-6.957893E+1
6.957193E+1	-1.220000E-5	-4.500000E-6	9.526662E+0	-6.957193E+1
6.956493E+1	-1.930000E-5	-2.350000E-5	9.573361E+0	-6.956493E+1
6.955793E+1	-1.520000E-5	1.950000E-5	9.620061E+0	-6.955793E+1
6.955093E+1	2.470000E-5	1.300000E-5	9.666760E+0	-6.955093E+1
6.954393E+1	-6.100000E-6	-3.340000E-5	9.713460E+0	-6.954393E+1
6.953693E+1	-3.320000E-5	2.500000E-6	9.760159E+0	-6.953693E+1
6.952993E+1	2.700000E-6	9.200000E-6	9.806858E+0	-6.952993E+1
6.952293E+1	-2.180000E-5	-4.100000E-6	9.853558E+0	-6.952293E+1
6.951593E+1	-2.220000E-5	1.120000E-5	9.900257E+0	-6.951593E+1
6.950893E+1	-2.310000E-5	3.800000E-6	9.946957E+0	-6.950893E+1
6.950193E+1	-4.230000E-5	1.780000E-5	9.993655E+0	-6.950193E+1
6.949493E+1	-1.240000E-5	-3.900000E-6	1.004035E+1	-6.949493E+1
6.948793E+1	4.080000E-5	1.740000E-5	1.008705E+1	-6.948793E+1
6.948093E+1	4.000000E-6	-4.200000E-6	1.013375E+1	-6.948093E+1
6.947393E+1	-1.440000E-5	3.460000E-5	1.018045E+1	-6.947393E+1
6.946693E+1	-6.900000E-6	4.190000E-5	1.022715E+1	-6.946693E+1
6.945993E+1	-3.060000E-5	2.880000E-5	1.027385E+1	-6.945993E+1
6.945293E+1	2.600000E-6	3.080000E-5	1.032055E+1	-6.945293E+1
6.944593E+1	-2.170000E-5	1.390000E-5	1.036725E+1	-6.944593E+1
6.943893E+1	-1.650000E-5	-6.100000E-6	1.041395E+1	-6.943893E+1
6.943193E+1	-4.400000E-6	-2.590000E-5	1.046065E+1	-6.943193E+1
6.942493E+1	6.200000E-6	-1.170000E-5	1.050735E+1	-6.942493E+1
6.941793E+1	-4.200000E-6	-1.200000E-6	1.055405E+1	-6.941793E+1
6.941093E+1	1.310000E-5	6.700000E-6	1.060075E+1	-6.941093E+1
6.940393E+1	-1.560000E-5	3.920000E-5	1.064745E+1	-6.940393E+1
6.939693E+1	-8.600000E-6	-2.650000E-5	1.069415E+1	-6.939693E+1
6.938993E+1	-8.300000E-6	4.000000E-7	1.074084E+1	-6.938993E+1
6.938293E+1	1.970000E-5	2.160000E-5	1.078754E+1	-6.938293E+1
6.937593E+1	-1.900000E-6	-2.070000E-5	1.083424E+1	-6.937593E+1
6.936893E+1	2.740000E-5	-2.160000E-5	1.088094E+1	-6.936893E+1
6.936193E+1	-1.360000E-5	-1.560000E-5	1.092764E+1	-6.936193E+1
6.935493E+1	-2.200000E-6	-3.210000E-5	1.097434E+1	-6.935493E+1
6.934793E+1	-2.740000E-5	2.800000E-6	1.102104E+1	-6.934793E+1
6.934093E+1	-1.320000E-5	9.800000E-6	1.106774E+1	-6.934093E+1
6.933393E+1	7.800000E-6	2.100000E-6	1.111444E+1	-6.933393E+1
6.932693E+1	-1.140000E-5	-6.500000E-6	1.116114E+1	-6.932693E+1
6.931993E+1	9.800000E-6	-1.190000E-5	1.120784E+1	-6.931993E+1
6.931293E+1	-1.140000E-5	6.400000E-6	1.125454E+1	-6.931293E+1
6.930593E+1	1.630000E-5	2.300000E-6	1.130124E+1	-6.930593E+1
6.929893E+1	1.300000E-5	4.900000E-6	1.134794E+1	-6.929893E+1
6.929193E+1	-6.300000E-6	-1.080000E-5	1.139464E+1	-6.929193E+1
6.928493E+1	1.100000E-6	4.300000E-5	1.144133E+1	-6.928493E+1
6.927793E+1	5.500000E-6	1.380000E-5	1.148803E+1	-6.927793E+1
6.927093E+1	6.800000E-6	-1.990000E-5	1.153473E+1	-6.927093E+1
6.926393E+1	-8.700000E-6	1.040000E-5	1.158143E+1	-6.926393E+1
6.925693E+1	2.590000E-5	5.600000E-6	1.162813E+1	-6.925693E+1
6.924993E+1	-4.100000E-5	-8.300000E-6	1.167483E+1	-6.924993E+1
6.924293E+1	-6.600000E-6	-2.030000E-5	1.172153E+1	-6.924293E+1
6.923593E+1	-1.310000E-5	1.010000E-5	1.176823E+1	-6.923593E+1
6.922893E+1	3.000000E-6	-1.110000E-5	1.181493E+1	-6.922893E+1
6.922193E+1	3.010000E-5	2.240000E-5	1.186163E+1	-6.922193E+1
6.921493E+1	2.450000E-5	1.600000E-6	1.190833E+1	-6.921493E+1
6.920793E+1	-1.140000E-5	-2.200000E-5	1.195503E+1	-6.920793E+1
6.920093E+1	6.320000E-5	1.190000E-5	1.200173E+1	-6.920093E+1
6.919393E+1	1.040000E-5	1.220000E-5	1.204843E+1	-6.919393E+1
6.918693E+1	-2.900000E-5	-2.180000E-5	1.209513E+1	-6.918693E+1
6.917993E+1	-2.630000E-5	6.200000E-6	1.214182E+1	-6.917993E+1
6.917293E+1	-2.700000E-6	-5.800000E-6	1.218852E+1	-6.917293E+1
6.916593E+1	1.660000E-5	-4.340000E-5	1.223522E+1	-6.916593E+1
6.915893E+1	2.340000E-5	-3.200000E-5	1.228192E+1	-6.915893E+1
6.915193E+1	-3.500000E-6	1.580000E-5	1.232862E+1	-6.915193E+1
6.914493E+1	1.320000E-5	1.770000E-5	1.237532E+1	-6.914493E+1
6.913793E+1	-1.810000E-5	5.800000E-6	1.242202E+1	-6.913793E+1
6.913093E+1	-1.430000E-5	2.050000E-5	1.246872E+1	-6.913093E+1
6.912393E+1	2.500000E-6	-8.200000E-6	1.251542E+1	-6.912393E+1
6.911693E+1	6.700000E-6	1.290000E-5	1.256212E+1	-6.911693E+1
6.910993E+1	-1.820000E-5	7.200000E-6	1.260882E+1	-6.910993E+1
6.910293E+1	-1.190000E-5	1.810000E-5	1.265552E+1	-6.910293E+1
6.909593E+1	-3.950000E-5	-1.760000E-5	1.270222E+1	-6.909593E+1
6.908893E+1	-4.020000E-5	2.090000E-5	1.274892E+1	-6.908893E+1
6.908193E+1	-2.600000E-5	-3.200000E-6	1.279562E+1	-6.908193E+1
6.907493E+1	1.920000E-5	4.800000E-6	1.284231E+1	-6.907493E+1
6.906793E+1	1.950000E-5	5.890000E-5	1.288901E+1	-6.906793E+1
6.906093E+1	3.800000E-6	2.140000E-5	1.293571E+1	-6.906093E+1
6.905393E+1	2.850000E-5	2.250000E-5	1.298241E+1	-6.905393E+1
6.904693E+1	-9.000000E-7	2.410000E-5	1.302911E+1	-6.904693E+1
6.903993E+1	-7.200000E-6	8.400000E-6	1.307581E+1	-6.903993E+1
6.903293E+1	-1.050000E-5	-2.280000E-5	1.312251E+1	-6.903293E+1
6.902593E+1	-1.940000E-5	-2.130000E-5	1.316921E+1	-6.902593E+1
6.901893E+1	-2.390000E-5	-1.230000E-5	1.321591E+1	-6.901893E+1
6.901193E+1	-1.630000E-5	-1.400000E-6	1.326261E+1	-6.901193E+1
6.900493E+1	-1.430000E-5	5.790000E-5	1.330931E+1	-6.900493E+1
6.899793E+1	5.400000E-6	2.220000E-5	1.335601E+1	-6.899793E+1
6.899093E+1	-1.000000E-7	-2.000000E-6	1.340271E+1	-6.899093E+1
6.898393E+1	2.380000E-5	3.100000E-6	1.344941E+1	-6.898393E+1
6.897693E+1	1.970000E-5	1.400000E-6	1.349611E+1	-6.897693E+1
6.896993E+1	-6.800000E-6	-5.100000E-6	1.354280E+1	-6.896993E+1
6.896293E+1	-1.200000E-6	-1.090000E-5	1.358950E+1	-6.896293E+1
6.895593E+1	-7.600000E-6	-1.030000E-5	1.363620E+1	-6.895593E+1
6.894893E+1	2.020000E-5	1.360000E-5	1.368290E+1	-6.894893E+1
6.894193E+1	4.100000E-6	-3.550000E-5	1.372960E+1	-6.894193E+1
6.893493E+1	-2.000000E-6	-2.430000E-5	1.377630E+1	-6.893493E+1
6.892793E+1	-2.670000E-5	6.800000E-6	1.382300E+1	-6.892793E+1
6.892093E+1	-2.520000E-5	3.980000E-5	1.386970E+1	-6.892093E+1
6.891393E+1	-3.000000E-7	-2.900000E-5	1.391640E+1	-6.891393E+1
6.890693E+1	-4.200000E-6	-2.960000E-5	1.396310E+1	-6.890693E+1
6.889993E+1	1.080000E-5	4.000000E-7	1.400980E+1	-6.889993E+1
6.889293E+1	2.830000E-5	-1.170000E-5	1.405650E+1	-6.889293E+1
6.888593E+1	2.440000E-5	1.690000E-5	1.410320E+1	-6.888593E+1
6.887893E+1	-3.500000E-6	3.000000E-7	1.414990E+1	-6.887893E+1
6.887193E+1	-5.200000E-6	1.330000E-5	1.419660E+1	-6.887193E+1
6.886493E+1	-1.260000E-5	2.460000E-5	1.424329E+1	-6.886493E+1
6.885793E+1	-3.210000E-5	1.900000E-5	1.428999E+1	-6.885793E+1
6.885093E+1	-1.840000E-5	1.600000E-6	1.433669E+1	-6.885093E+1
6.884393E+1	1.120000E-5	-4.600000E-5	1.438339E+1	-6.884393E+1
6.883693E+1	-2.300000E-6	2.620000E-5	1.443009E+1	-6.883693E+1
6.882993E+1	-3.220000E-5	1.530000E-5	1.447679E+1	-6.882993E+1
6.882293E+1	-6.900000E-6	5.700000E-6	1.452349E+1	-6.882293E+1
6.881593E+1	6.150000E-5	1.760000E-5	1.457019E+1	-6.881593E+1
6.880893E+1	-2.840000E-5	3.000000E-6	1.461689E+1	-6.880893E+1
6.880193E+1	-3.700000E-6	2.000000E-5	1.466359E+1	-6.880193E+1
6.879493E+1	2.340000E-5	-1.880000E-5	1.471029E+1	-6.879493E+1
6.878793E+1	5.900000E-6	-4.500000E-6	1.475699E+1	-6.878793E+1
6.878093E+1	-1.620000E-5	-2.240000E-5	1.480369E+1	-6.878093E+1
6.877393E+1	-2.170000E-5	-2.120000E-5	1.485039E+1	-6.877393E+1
6.876693E+1	-5.000000E-7	-1.690000E-5	1.489708E+1	-6.876693E+1
6.875993E+1	-2.470000E-5	-3.620000E-5	1.494378E+1	-6.875993E+1
6.875293E+1	-2.200000E-5	-5.620000E-5	1.499048E+1	-6.875293E+1
6.874593E+1	-3.000000E-6	2.210000E-5	1.503718E+1	-6.874593E+1
6.873893E+1	-6.200000E-6	2.520000E-5	1.508388E+1	-6.873893E+1
6.873193E+1	-1.490000E-5	4.370000E-5	1.513058E+1	-6.873193E+1
6.872493E+1	-1.610000E-5	1.640000E-5	1.517728E+1	-6.872493E+1
6.871793E+1	2.560000E-5	3.210000E-5	1.522398E+1	-6.871793E+1
6.871093E+1	1.130000E-5	4.360000E-5	1.527068E+1	-6.871093E+1
6.870393E+1	4.390000E-5	5.700000E-6	1.531738E+1	-6.870393E+1
6.869693E+1	-1.520000E-5	6.800000E-6	1.536408E+1	-6.869693E+1
6.868993E+1	-5.900000E-6	-1.330000E-5	1.541078E+1	-6.868993E+1
6.868293E+1	8.690000E-5	4.150000E-5	1.545748E+1	-6.868293E+1
6.867593E+1	-1.890000E-5	2.390000E-5	1.550418E+1	-6.867593E+1
6.866893E+1	1.120000E-5	8.200000E-6	1.555088E+1	-6.866893E+1
6.866193E+1	2.370000E-5	-8.000000E-7	1.559757E+1	-6.866193E+1
6.865493E+1	1.200000E-6	-5.000000E-6	1.564427E+1	-6.865493E+1
6.864793E+1	-8.600000E-6	4.470000E-5	1.569097E+1	-6.864793E+1
6.864093E+1	-2.800000E-5	-1.550000E-5	1.573767E+1	-6.864093E+1
6.863393E+1	-8.800000E-6	-2.900000E-6	1.578437E+1	-6.863393E+1
6.862693E+1	1.360000E-5	1.780000E-5	1.583107E+1	-6.862693E+1
6.861993E+1	-2.560000E-5	3.100000E-6	1.587777E+1	-6.861993E+1
6.861293E+1	-1.620000E-5	1.270000E-5	1.592447E+1	-6.861293E+1
6.860593E+1	1.900000E-6	1.500000E-5	1.597117E+1	-6.860593E+1
6.859893E+1	8.900000E-6	3.600000E-6	1.601787E+1	-6.859893E+1
6.859193E+1	2.070000E-5	-2.390000E-5	1.606457E+1	-6.859193E+1
6.858493E+1	-1.770000E-5	-1.510000E-5	1.611127E+1	-6.858493E+1
6.857793E+1	-1.130000E-5	1.300000E-5	1.615797E+1	-6.857793E+1
6.857093E+1	3.700000E-6	-1.120000E-5	1.620467E+1	-6.857093E+1
6.856393E+1	5.800000E-6	2.060000E-5	1.625137E+1	-6.856393E+1
6.855693E+1	1.840000E-5	2.900000E-6	1.629807E+1	-6.855693E+1
6.854993E+1	1.260000E-5	2.510000E-5	1.634476E+1	-6.854993E+1
6.854293E+1	8.000000E-6	3.900000E-5	1.639146E+1	-6.854293E+1
6.853593E+1	-2.630000E-5	5.140000E-5	1.643816E+1	-6.853593E+1
6.852893E+1	5.900000E-6	2.860000E-5	1.648486E+1	-6.852893E+1
6.852193E+1	-3.620000E-5	2.910000E-5	1.653156E+1	-6.852193E+1
6.851493E+1	-2.900000E-5	-1.260000E-5	1.657826E+1	-6.851493E+1
6.850793E+1	2.400000E-6	-1.440000E-5	1.662496E+1	-6.850793E+1
6.850093E+1	-2.080000E-5	1.350000E-5	1.667166E+1	-6.850093E+1
6.849393E+1	-2.220000E-5	4.400000E-6	1.671836E+1	-6.849393E+1
6.848693E+1	-3.460000E-5	2.550000E-5	1.676506E+1	-6.848693E+1
6.847993E+1	-1.200000E-5	1.410000E-5	1.681176E+1	-6.847993E+1
6.847293E+1	-3.200000E-6	-1.740000E-5	1.685846E+1	-6.847293E+1
6.846593E+1	-8.000000E-6	-8.000000E-7	1.690516E+1	-6.846593E+1
6.845893E+1	-3.730000E-5	3.500000E-6	1.695185E+1	-6.845893E+1
6.845193E+1	-1.500000E-5	-3.510000E-5	1.699855E+1	-6.845193E+1
6.844493E+1	-1.580000E-5	6.300000E-6	1.704525E+1	-6.844493E+1
6.843793E+1	-1.300000E-5	-8.700000E-6	1.709195E+1	-6.843793E+1
6.843093E+1	-1.270000E-5	1.380000E-5	1.713865E+1	-6.843093E+1
6.842393E+1	-1.400000E-6	-8.000000E-7	1.718535E+1	-6.842393E+1
6.841693E+1	1.810000E-5	2.090000E-5	1.723205E+1	-6.841693E+1
6.840993E+1	-1.720000E-5	-1.290000E-5	1.727875E+1	-6.840993E+1
6.840293E+1	1.440000E-5	-1.030000E-5	1.732545E+1	-6.840293E+1
6.839593E+1	1.850000E-5	-2.200000E-5	1.737215E+1	-6.839593E+1
6.838893E+1	3.580000E-5	1.190000E-5	1.741885E+1	-6.838893E+1
6.838193E+1	4.060000E-5	-2.380000E-5	1.746555E+1	-6.838193E+1
6.837493E+1	1.630000E-5	8.500000E-6	1.751225E+1	-6.837493E+1
6.836793E+1	1.520000E-5	-1.610000E-5	1.755895E+1	-6.836793E+1
6.836093E+1	-1.870000E-5	-4.060000E-5	1.760565E+1	-6.836093E+1
6.835393E+1	-1.990000E-5	2.400000E-6	1.765235E+1	-6.835393E+1
6.834693E+1	-4.400000E-6	2.290000E-5	1.769904E+1	-6.834693E+1
6.833993E+1	1.100000E-5	2.090000E-5	1.774574E+1	-6.833993E+1
6.833293E+1	-2.950000E-5	-3.040000E-5	1.779244E+1	-6.833293E+1
6.832593E+1	-5.200000E-6	2.570000E-5	1.783914E+1	-6.832593E+1
6.831893E+1	6.000000E-7	-7.000000E-6	1.788584E+1	-6.831893E+1
6.831193E+1	-8.000000E-7	4.000000E-7	1.793254E+1	-6.831193E+1
6.830493E+1	3.480000E-5	2.220000E-5	1.797924E+1	-6.830493E+1
6.829793E+1	-4.900000E-5	-1.820000E-5	1.802594E+1	-6.829793E+1
6.829093E+1	-3.270000E-5	1.080000E-5	1.807264E+1	-6.829093E+1
6.828393E+1	-2.140000E-5	-1.170000E-5	1.811934E+1	-6.828393E+1
6.827693E+1	-1.970000E-5	5.400000E-6	1.816604E+1	-6.827693E+1
6.826993E+1	1.200000E-5	1.390000E-5	1.821274E+1	-6.826993E+1
6.826293E+1	-3.540000E-5	7.100000E-6	1.825944E+1	-6.826293E+1
6.825593E+1	-1.140000E-5	1.250000E-5	1.830614E+1	-6.825593E+1
6.824893E+1	1.340000E-5	-1.110000E-5	1.835283E+1	-6.824893E+1
6.824193E+1	-1.070000E-5	1.210000E-5	1.839953E+1	-6.824193E+1
6.823493E+1	3.000000E-6	1.210000E-5	1.844623E+1	-6.823493E+1
6.822793E+1	-3.130000E-5	-3.200000E-6	1.849293E+1	-6.822793E+1
6.822093E+1	-4.700000E-5	9.000000E-7	1.853963E+1	-6.822093E+1
6.821393E+1	-2.320000E-5	-1.240000E-5	1.858633E+1	-6.821393E+1
6.820693E+1	-5.850000E-5	-3.600000E-6	1.863303E+1	-6.820693E+1
6.819993E+1	-1.670000E-5	2.410000E-5	1.867973E+1	-6.819993E+1
6.819293E+1	6.800000E-6	1.380000E-5	1.872643E+1	-6.819293E+1
6.818593E+1	6.900000E-6	2.400000E-6	1.877313E+1	-6.818593E+1
6.817893E+1	-3.840000E-5	2.500000E-6	1.881983E+1	-6.817893E+1
6.817193E+1	-2.130000E-5	9.000000E-7	1.886653E+1	-6.817193E+1
6.816493E+1	-5.500000E-6	1.650000E-5	1.891323E+1	-6.816493E+1
6.815793E+1	-1.910000E-5	4.520000E-5	1.895993E+1	-6.815793E+1
6.815093E+1	8.800000E-6	3.500000E-5	1.900663E+1	-6.815093E+1
6.814393E+1	-3.500000E-6	5.000000E-6	1.905332E+1	-6.814393E+1
6.813693E+1	-1.100000E-5	-2.660000E-5	1.910002E+1	-6.813693E+1
6.812993E+1	-2.900000E-5	-1.810000E-5	1.914672E+1	-6.812993E+1
6.812293E+1	-1.890000E-5	-2.590000E-5	1.919342E+1	-6.812293E+1
6.811593E+1	-2.020000E-5	-3.000000E-6	1.924012E+1	-6.811593E+1
6.810893E+1	2.310000E-5	1.280000E-5	1.928682E+1	-6.810893E+1
6.810193E+1	-2.570000E-5	-3.560000E-5	1.933352E+1	-6.810193E+1
6.809493E+1	-1.270000E-5	8.800000E-6	1.938022E+1	-6.809493E+1
6.808793E+1	-3.450000E-5	-9.000000E-7	1.942692E+1	-6.808793E+1
6.808093E+1	-3.600000E-5	-1.100000E-6	1.947362E+1	-6.808093E+1
6.807393E+1	2.370000E-5	-1.550000E-5	1.952032E+1	-6.807393E+1
6.806693E+1	1.840000E-5	1.980000E-5	1.956702E+1	-6.806693E+1
6.805993E+1	-3.100000E-6	1.810000E-5	1.961372E+1	-6.805993E+1
6.805293E+1	3.330000E-5	1.700000E-5	1.966042E+1	-6.805293E+1
6.804593E+1	2.390000E-5	2.890000E-5	1.970712E+1	-6.804593E+1
6.803893E+1	-2.770000E-5	7.100000E-6	1.975381E+1	-6.803893E+1
6.803193E+1	2.900000E-6	1.000000E-7	1.980051E+1	-6.803193E+1
6.802493E+1	-4.600000E-6	-1.000000E-6	1.984721E+1	-6.802493E+1
6.801793E+1	-2.670000E-5	1.000000E-7	1.989391E+1	-6.801793E+1
6.801093E+1	-7.000000E-7	-1.750000E-5	1.994061E+1	-6.801093E+1
6.800393E+1	-2.850000E-5	2.120000E-5	1.998731E+1	-6.800393E+1
6.799693E+1	7.700000E-6	5.500000E-6	2.003401E+1	-6.799693E+1
6.798993E+1	-1.600000E-5	4.900000E-6	2.008071E+1	-6.798993E+1
6.798293E+1	-2.130000E-5	3.640000E-5	2.012741E+1	-6.798293E+1
6.797593E+1	-2.020000E-5	3.300000E-5	2.017411E+1	-6.797593E+1
6.796893E+1	-1.690000E-5	1.220000E-5	2.022081E+1	-6.796893E+1
6.796193E+1	-1.100000E-6	3.000000E-7	2.026751E+1	-6.796193E+1
6.795493E+1	-1.120000E-5	-7.700000E-6	2.031421E+1	-6.795493E+1
6.794793E+1	1.440000E-5	8.000000E-6	2.036091E+1	-6.794793E+1
6.794093E+1	-3.270000E-5	-3.550000E-5	2.040760E+1	-6.794093E+1
6.793393E+1	-2.000000E-7	-9.300000E-6	2.045430E+1	-6.793393E+1
6.792693E+1	-3.190000E-5	-1.330000E-5	2.050100E+1	-6.792693E+1
6.791993E+1	-2.200000E-5	-3.420000E-5	2.054770E+1	-6.791993E+1
6.791293E+1	-3.950000E-5	-1.100000E-6	2.059440E+1	-6.791293E+1
6.790593E+1	-2.170000E-5	2.150000E-5	2.064110E+1	-6.790593E+1
6.789893E+1	-8.400000E-6	-1.510000E-5	2.068780E+1	-6.789893E+1
6.789193E+1	-3.680000E-5	-2.010000E-5	2.073450E+1	-6.789193E+1
6.788493E+1	-3.500000E-6	-4.710000E-5	2.078120E+1	-6.788493E+1
6.787793E+1	-3.730000E-5	-2.300000E-6	2.082790E+1	-6.787793E+1
6.787093E+1	-3.470000E-5	1.100000E-6	2.087460E+1	-6.787093E+1
6.786393E+1	1.050000E-5	-9.000000E-6	2.092130E+1	-6.786393E+1
6.785693E+1	-1.670000E-5	4.200000E-6	2.096800E+1	-6.785693E+1
6.784993E+1	-7.000000E-7	1.260000E-5	2.101470E+1	-6.784993E+1
6.784293E+1	-1.600000E-5	-3.140000E-5	2.106140E+1	-6.784293E+1
6.783593E+1	-2.360000E-5	1.130000E-5	2.110810E+1	-6.783593E+1
6.782893E+1	-1.650000E-5	-3.100000E-6	2.115479E+1	-6.782893E+1
6.782193E+1	-1.080000E-5	1.040000E-5	2.120149E+1	-6.782193E+1
6.781493E+1	-4.900000E-6	-7.700000E-6	2.124819E+1	-6.781493E+1
6.780793E+1	-1.840000E-5	5.100000E-6	2.129489E+1	-6.780793E+1
6.780093E+1	6.000000E-6	1.810000E-5	2.134159E+1	-6.780093E+1
6.779393E+1	-2.100000E-5	-1.570000E-5	2.138829E+1	-6.779393E+1
6.778693E+1	5.400000E-6	4.000000E-7	2.143499E+1	-6.778693E+1
6.777993E+1	-5.700000E-6	3.600000E-6	2.148169E+1	-6.777993E+1
6.777293E+1	-1.940000E-5	1.680000E-5	2.152839E+1	-6.777293E+1
6.776593E+1	-2.840000E-5	-2.640000E-5	2.157509E+1	-6.776593E+1
6.775893E+1	3.190000E-5	-7.500000E-6	2.162179E+1	-6.775893E+1
6.775193E+1	-2.630000E-5	1.870000E-5	2.166849E+1	-6.775193E+1
6.774493E+1	-5.700000E-6	2.780000E-5	2.171519E+1	-6.774493E+1
6.773793E+1	-3.620000E-5	3.960000E-5	2.176188E+1	-6.773793E+1
6.773093E+1	-5.300000E-6	3.990000E-5	2.180858E+1	-6.773093E+1
6.772393E+1	-1.820000E-5	1.660000E-5	2.185528E+1	-6.772393E+1
6.771693E+1	3.180000E-5	2.740000E-5	2.190198E+1	-6.771693E+1
6.770993E+1	-2.700000E-6	6.400000E-6	2.194868E+1	-6.770993E+1
6.770293E+1	-5.360000E-5	2.630000E-5	2.199538E+1	-6.770293E+1
6.769593E+1	5.900000E-6	-1.830000E-5	2.204208E+1	-6.769593E+1
6.768893E+1	1.180000E-5	-2.310000E-5	2.208878E+1	-6.768893E+1
6.768193E+1	1.410000E-5	-3.290000E-5	2.213548E+1	-6.768193E+1
6.767493E+1	2.440000E-5	2.050000E-5	2.218218E+1	-6.767493E+1
6.766793E+1	-1.990000E-5	1.620000E-5	2.222888E+1	-6.766793E+1
6.766093E+1	-4.320000E-5	5.100000E-6	2.227558E+1	-6.766093E+1
6.765393E+1	-2.130000E-5	2.410000E-5	2.232228E+1	-6.765393E+1
6.764693E+1	-2.780000E-5	-1.920000E-5	2.236898E+1	-6.764693E+1
6.763993E+1	1.150000E-5	9.800000E-6	2.241568E+1	-6.763993E+1
6.763293E+1	3.010000E-5	-5.400000E-6	2.246238E+1	-6.763293E+1
6.762593E+1	-9.000000E-6	2.370000E-5	2.250908E+1	-6.762593E+1
6.761893E+1	1.260000E-5	2.150000E-5	2.255577E+1	-6.761893E+1
6.761193E+1	-1.550000E-5	1.620000E-5	2.260247E+1	-6.761193E+1
6.760493E+1	-4.100000E-6	1.630000E-5	2.264917E+1	-6.760493E+1
6.759793E+1	-1.100000E-5	5.200000E-6	2.269587E+1	-6.759793E+1
6.759093E+1	7.900000E-6	1.060000E-5	2.274257E+1	-6.759093E+1
6.758393E+1	-2.370000E-5	1.490000E-5	2.278927E+1	-6.758393E+1
6.757693E+1	-2.760000E-5	2.270000E-5	2.283597E+1	-6.757693E+1
6.756993E+1	7.100000E-6	3.810000E-5	2.288267E+1	-6.756993E+1
6.756293E+1	-1.240000E-5	-7.300000E-6	2.292937E+1	-6.756293E+1
6.755593E+1	-2.080000E-5	3.160000E-5	2.297607E+1	-6.755593E+1
6.754893E+1	-2.110000E-5	1.960000E-5	2.302277E+1	-6.754893E+1
6.754193E+1	9.000000E-6	2.620000E-5	2.306947E+1	-6.754193E+1
6.753493E+1	5.500000E-6	5.300000E-6	2.311617E+1	-6.753493E+1
6.752793E+1	-2.190000E-5	-9.000000E-6	2.316286E+1	-6.752793E+1
6.752093E+1	-1.500000E-6	2.150000E-5	2.320956E+1	-6.752093E+1
6.751393E+1	3.500000E-6	-7.100000E-6	2.325626E+1	-6.751393E+1
6.750693E+1	-1.890000E-5	3.360000E-5	2.330296E+1	-6.750693E+1
6.749993E+1	-3.370000E-5	1.740000E-5	2.334966E+1	-6.749993E+1
6.749293E+1	-3.720000E-5	6.400000E-6	2.339636E+1	-6.749293E+1
6.748593E+1	-5.400000E-6	7.000000E-6	2.344306E+1	-6.748593E+1
6.747893E+1	1.990000E-5	2.960000E-5	2.348976E+1	-6.747893E+1
6.747193E+1	-2.470000E-5	1.060000E-5	2.353646E+1	-6.747193E+1
6.746493E+1	-2.800000E-6	-1.300000E-5	2.358316E+1	-6.746493E+1
6.745793E+1	-2.050000E-5	-2.900000E-6	2.362986E+1	-6.745793E+1
6.745093E+1	-1.260000E-5	-1.080000E-5	2.367656E+1	-6.745093E+1
6.744393E+1	6.500000E-6	6.900000E-6	2.372326E+1	-6.744393E+1
6.743693E+1	-1.020000E-5	1.710000E-5	2.376996E+1	-6.743693E+1
6.742993E+1	1.740000E-5	2.180000E-5	2.381666E+1	-6.742993E+1
6.742293E+1	-7.700000E-6	-1.430000E-5	2.386336E+1	-6.742293E+1
6.741593E+1	-2.300000E-5	-2.460000E-5	2.391006E+1	-6.741593E+1
6.740893E+1	-1.260000E-5	-1.340000E-5	2.395675E+1	-6.740893E+1
6.740193E+1	9.700000E-6	-7.700000E-6	2.400345E+1	-6.740193E+1
6.739493E+1	1.020000E-5	2.970000E-5	2.405015E+1	-6.739493E+1
6.738793E+1	1.410000E-5	2.020000E-5	2.409685E+1	-6.738793E+1
6.738093E+1	-6.900000E-6	-1.160000E-5	2.414355E+1	-6.738093E+1
6.737393E+1	1.630000E-5	-1.890000E-5	2.419025E+1	-6.737393E+1
6.736693E+1	1.610000E-5	3.000000E-7	2.423695E+1	-6.736693E+1
6.735993E+1	-2.700000E-6	-3.000000E-6	2.428365E+1	-6.735993E+1
6.735293E+1	-2.010000E-5	1.920000E-5	2.433035E+1	-6.735293E+1
6.734593E+1	-3.210000E-5	5.560000E-5	2.437705E+1	-6.734593E+1
6.733893E+1	-1.280000E-5	1.920000E-5	2.442375E+1	-6.733893E+1
6.733193E+1	-3.540000E-5	-5.500000E-6	2.447045E+1	-6.733193E+1
6.732493E+1	-1.359000E-4	-7.270000E-5	2.451715E+1	-6.732493E+1
6.731793E+1	-3.700000E-5	-2.490000E-5	2.456384E+1	-6.731793E+1
6.731093E+1	-1.640000E-5	-1.140000E-5	2.461054E+1	-6.731093E+1
6.730393E+1	6.500000E-6	5.640000E-5	2.465724E+1	-6.730393E+1
6.729693E+1	3.000000E-6	5.000000E-6	2.470394E+1	-6.729693E+1
6.728993E+1	9.600000E-6	3.600000E-6	2.475064E+1	-6.728993E+1
6.728293E+1	-1.080000E-5	6.200000E-6	2.479734E+1	-6.728293E+1
6.727593E+1	2.120000E-5	-4.270000E-5	2.484404E+1	-6.727593E+1
6.726893E+1	-3.690000E-5	-9.900000E-6	2.489074E+1	-6.726893E+1
6.726193E+1	2.250000E-5	7.900000E-6	2.493744E+1	-6.726193E+1
6.725493E+1	-1.000000E-7	-9.700000E-6	2.498414E+1	-6.725493E+1
6.724793E+1	-1.200000E-5	1.160000E-5	2.503084E+1	-6.724793E+1
6.724093E+1	-1.700000E-6	1.630000E-5	2.507754E+1	-6.724093E+1
6.723393E+1	-3.750000E-5	1.870000E-5	2.512424E+1	-6.723393E+1
6.722693E+1	-7.000000E-7	-8.300000E-6	2.517094E+1	-6.722693E+1
6.721993E+1	1.080000E-5	1.020000E-5	2.521764E+1	-6.721993E+1
6.721293E+1	-1.850000E-5	-2.430000E-5	2.526434E+1	-6.721293E+1
6.720593E+1	2.140000E-5	8.300000E-6	2.531103E+1	-6.720593E+1
6.719893E+1	-2.420000E-5	1.480000E-5	2.535773E+1	-6.719893E+1
6.719193E+1	-3.870000E-5	7.200000E-6	2.540443E+1	-6.719193E+1
6.718493E+1	-4.280000E-5	4.100000E-6	2.545113E+1	-6.718493E+1
6.717793E+1	-3.240000E-5	1.300000E-5	2.549783E+1	-6.717793E+1
6.717093E+1	-2.500000E-5	2.460000E-5	2.554453E+1	-6.717093E+1
6.716393E+1	-7.600000E-6	3.810000E-5	2.559123E+1	-6.716393E+1
6.715693E+1	-1.760000E-5	6.800000E-6	2.563793E+1	-6.715693E+1
6.714993E+1	3.100000E-6	1.730000E-5	2.568463E+1	-6.714993E+1
6.714293E+1	-1.180000E-5	2.710000E-5	2.573133E+1	-6.714293E+1
6.713593E+1	8.500000E-6	-3.540000E-5	2.577803E+1	-6.713593E+1
6.712893E+1	1.440000E-5	1.930000E-5	2.582473E+1	-6.712893E+1
6.712193E+1	-3.590000E-5	-1.040000E-5	2.587143E+1	-6.712193E+1
6.711493E+1	-4.600000E-6	2.040000E-5	2.591813E+1	-6.711493E+1
6.710793E+1	3.700000E-6	9.800000E-6	2.596482E+1	-6.710793E+1
6.710093E+1	9.000000E-6	-2.600000E-6	2.601152E+1	-6.710093E+1
6.709393E+1	-5.800000E-6	3.570000E-5	2.605822E+1	-6.709393E+1
6.708693E+1	-4.900000E-6	1.300000E-5	2.610492E+1	-6.708693E+1
6.707993E+1	-1.070000E-5	-8.700000E-6	2.615162E+1	-6.707993E+1
6.707293E+1	-3.250000E-5	-1.640000E-5	2.619832E+1	-6.707293E+1
6.706593E+1	1.770000E-5	-1.710000E-5	2.624502E+1	-6.706593E+1
6.705893E+1	-5.500000E-6	9.300000E-6	2.629172E+1	-6.705893E+1
6.705193E+1	-5.000000E-7	-1.080000E-5	2.633842E+1	-6.705193E+1
6.704493E+1	-2.200000E-6	2.200000E-6	2.638512E+1	-6.704493E+1
6.703793E+1	3.820000E-5	1.980000E-5	2.643182E+1	-6.703793E+1
6.703093E+1	-1.200000E-5	2.550000E-5	2.647852E+1	-6.703093E+1
6.702393E+1	-2.100000E-6	-1.360000E-5	2.652522E+1	-6.702393E+1
6.701693E+1	1.400000E-5	-2.690000E-5	2.657192E+1	-6.701693E+1
6.700993E+1	-3.280000E-5	-1.900000E-5	2.661862E+1	-6.700993E+1
6.700293E+1	-2.700000E-6	1.410000E-5	2.666531E+1	-6.700293E+1
6.699593E+1	-4.120000E-5	3.460000E-5	2.671201E+1	-6.699593E+1
6.698893E+1	-2.210000E-5	1.880000E-5	2.675871E+1	-6.698893E+1
6.698193E+1	-4.600000E-6	1.600000E-5	2.680541E+1	-6.698193E+1
6.697493E+1	-8.500000E-6	-8.000000E-7	2.685211E+1	-6.697493E+1
6.696793E+1	3.050000E-5	-3.000000E-7	2.689881E+1	-6.696793E+1
6.696093E+1	5.300000E-6	3.100000E-5	2.694551E+1	-6.696093E+1
6.695393E+1	8.000000E-7	-1.310000E-5	2.699221E+1	-6.695393E+1
6.694693E+1	-1.000000E-5	2.610000E-5	2.703891E+1	-6.694693E+1
6.693993E+1	-4.380000E-5	1.780000E-5	2.708561E+1	-6.693993E+1
6.693293E+1	-1.680000E-5	-5.260000E-5	2.713231E+1	-6.693293E+1
6.692593E+1	-5.100000E-6	-9.400000E-6	2.717901E+1	-6.692593E+1
6.691893E+1	1.950000E-5	2.390000E-5	2.722571E+1	-6.691893E+1
6.691193E+1	4.700000E-6	8.200000E-6	2.727241E+1	-6.691193E+1
6.690493E+1	-9.500000E-6	-2.710000E-5	2.731911E+1	-6.690493E+1
6.689793E+1	-1.820000E-5	1.390000E-5	2.736580E+1	-6.689793E+1
6.689093E+1	-3.410000E-5	-1.800000E-5	2.741250E+1	-6.689093E+1
6.688393E+1	-1.560000E-5	-2.990000E-5	2.745920E+1	-6.688393E+1
6.687693E+1	-2.290000E-5	1.880000E-5	2.750590E+1	-6.687693E+1
6.686993E+1	-1.680000E-5	-8.300000E-6	2.755260E+1	-6.686993E+1
6.686293E+1	-8.500000E-6	-1.910000E-5	2.759930E+1	-6.686293E+1
6.685593E+1	1.480000E-5	1.000000E-5	2.764600E+1	-6.685593E+1
6.684893E+1	-4.870000E-5	2.280000E-5	2.769270E+1	-6.684893E+1
6.684193E+1	-1.500000E-6	2.700000E-6	2.773940E+1	-6.684193E+1
6.683493E+1	4.000000E-6	-1.750000E-5	2.778610E+1	-6.683493E+1
6.682793E+1	-1.460000E-5	8.500000E-6	2.783280E+1	-6.682793E+1
6.682093E+1	-1.070000E-5	7.200000E-6	2.787950E+1	-6.682093E+1
6.681393E+1	6.300000E-6	-1.570000E-5	2.792620E+1	-6.681393E+1
6.680693E+1	9.900000E-6	1.440000E-5	2.797290E+1	-6.680693E+1
6.679993E+1	9.000000E-6	-1.890000E-5	2.801959E+1	-6.679993E+1
6.679293E+1	-1.510000E-5	1.930000E-5	2.806629E+1	-6.679293E+1
6.678593E+1	1.300000E-6	1.730000E-5	2.811299E+1	-6.678593E+1
6.677893E+1	1.580000E-5	5.800000E-6	2.815969E+1	-6.677893E+1
6.677193E+1	5.900000E-6	9.300000E-6	2.820639E+1	-6.677193E+1
6.676493E+1	-2.110000E-5	-2.000000E-7	2.825309E+1	-6.676493E+1
6.675793E+1	-1.990000E-5	-2.450000E-5	2.829979E+1	-6.675793E+1
6.675093E+1	-4.400000E-5	5.100000E-6	2.834649E+1	-6.675093E+1
6.674393E+1	-5.550000E-5	1.680000E-5	2.839319E+1	-6.674393E+1
6.673693E+1	-2.380000E-5	1.170000E-5	2.843989E+1	-6.673693E+1
6.672993E+1	1.080000E-5	1.760000E-5	2.848659E+1	-6.672993E+1
6.672293E+1	1.400000E-5	-4.800000E-6	2.853329E+1	-6.672293E+1
6.671593E+1	-6.700000E-6	1.890000E-5	2.857999E+1	-6.671593E+1
6.670893E+1	-1.410000E-5	-1.020000E-5	2.862669E+1	-6.670893E+1
6.670193E+1	1.080000E-5	4.120000E-5	2.867339E+1	-6.670193E+1
6.669493E+1	6.800000E-6	2.020000E-5	2.872009E+1	-6.669493E+1
6.668793E+1	-3.120000E-5	2.130000E-5	2.876678E+1	-6.668793E+1
6.668093E+1	-2.280000E-5	2.940000E-5	2.881348E+1	-6.668093E+1
6.667393E+1	-1.140000E-5	1.370000E-5	2.886018E+1	-6.667393E+1
6.666693E+1	-6.200000E-6	-5.300000E-6	2.890688E+1	-6.666693E+1
6.665993E+1	1.950000E-5	7.400000E-6	2.895358E+1	-6.665993E+1
6.665293E+1	-1.700000E-5	1.970000E-5	2.900028E+1	-6.665293E+1
6.664593E+1	-3.860000E-5	-1.050000E-5	2.904698E+1	-6.664593E+1
6.663893E+1	-6.900000E-6	-9.500000E-6	2.909368E+1	-6.663893E+1
6.663193E+1	1.020000E-5	2.210000E-5	2.914038E+1	-6.663193E+1
6.662493E+1	1.030000E-5	4.160000E-5	2.918708E+1	-6.662493E+1
6.661793E+1	-5.900000E-6	3.730000E-5	2.923378E+1	-6.661793E+1
6.661093E+1	-1.430000E-5	-1.750000E-5	2.928048E+1	-6.661093E+1
6.660393E+1	8.300000E-6	2.560000E-5	2.932718E+1	-6.660393E+1
6.659693E+1	9.200000E-6	-1.210000E-5	2.937387E+1	-6.659693E+1
6.658993E+1	-3.010000E-5	1.600000E-6	2.942057E+1	-6.658993E+1
6.658293E+1	-1.280000E-5	7.700000E-6	2.946727E+1	-6.658293E+1
6.657593E+1	-4.900000E-6	1.840000E-5	2.951397E+1	-6.657593E+1
6.656893E+1	-1.150000E-5	-1.940000E-5	2.956067E+1	-6.656893E+1
6.656193E+1	-3.360000E-5	2.400000E-6	2.960737E+1	-6.656193E+1
6.655493E+1	-7.400000E-6	2.840000E-5	2.965407E+1	-6.655493E+1
6.654793E+1	-2.620000E-5	-1.440000E-5	2.970077E+1	-6.654793E+1
6.654093E+1	-2.570000E-5	-3.140000E-5	2.974747E+1	-6.654093E+1
6.653393E+1	7.100000E-6	1.790000E-5	2.979417E+1	-6.653393E+1
6.652693E+1	3.900000E-6	-3.040000E-5	2.984087E+1	-6.652693E+1
6.651993E+1	-2.200000E-5	-6.200000E-6	2.988757E+1	-6.651993E+1
6.651293E+1	-2.280000E-5	7.000000E-6	2.993427E+1	-6.651293E+1
6.650593E+1	2.900000E-6	-1.910000E-5	2.998097E+1	-6.650593E+1
6.649893E+1	-1.370000E-5	-9.700000E-6	3.002767E+1	-6.649893E+1
6.649193E+1	-2.950000E-5	-2.990000E-5	3.007437E+1	-6.649193E+1
6.648493E+1	-1.440000E-5	1.220000E-5	3.012107E+1	-6.648493E+1
6.647793E+1	-2.730000E-5	6.100000E-6	3.016776E+1	-6.647793E+1
6.647093E+1	-1.200000E-6	1.610000E-5	3.021446E+1	-6.647093E+1
6.646393E+1	-7.100000E-6	2.000000E-7	3.026116E+1	-6.646393E+1
6.645693E+1	1.050000E-5	2.710000E-5	3.030786E+1	-6.645693E+1
6.644993E+1	2.240000E-5	-5.600000E-6	3.035456E+1	-6.644993E+1
6.644293E+1	7.700000E-6	2.070000E-5	3.040126E+1	-6.644293E+1
6.643593E+1	-1.280000E-5	-2.150000E-5	3.044796E+1	-6.643593E+1
6.642893E+1	4.400000E-6	-4.300000E-6	3.049466E+1	-6.642893E+1
6.642193E+1	-2.410000E-5	6.100000E-6	3.054136E+1	-6.642193E+1
6.641493E+1	-2.600000E-6	-2.390000E-5	3.058806E+1	-6.641493E+1
6.640793E+1	-2.330000E-5	-3.090000E-5	3.063476E+1	-6.640793E+1
6.640093E+1	-2.630000E-5	2.850000E-5	3.068146E+1	-6.640093E+1
6.639393E+1	-6.470000E-5	3.150000E-5	3.072816E+1	-6.639393E+1
6.638693E+1	-3.280000E-5	2.050000E-5	3.077485E+1	-6.638693E+1
6.637993E+1	-6.100000E-6	1.470000E-5	3.082155E+1	-6.637993E+1
6.637293E+1	-1.700000E-5	-5.800000E-6	3.086825E+1	-6.637293E+1
6.636593E+1	-3.400000E-5	1.740000E-5	3.091495E+1	-6.636593E+1
6.635893E+1	-2.430000E-5	-1.270000E-5	3.096165E+1	-6.635893E+1
6.635193E+1	2.600000E-6	-3.400000E-6	3.100835E+1	-6.635193E+1
6.634493E+1	-7.300000E-6	-3.210000E-5	3.105505E+1	-6.634493E+1
6.633793E+1	-2.500000E-6	6.500000E-6	3.110175E+1	-6.633793E+1
6.633093E+1	-2.400000E-5	2.420000E-5	3.114845E+1	-6.633093E+1
6.632393E+1	-4.950000E-5	-1.250000E-5	3.119515E+1	-6.632393E+1
6.631693E+1	-2.490000E-5	-3.900000E-6	3.124185E+1	-6.631693E+1
6.630993E+1	2.890000E-5	-6.300000E-6	3.128855E+1	-6.630993E+1
6.630293E+1	-2.200000E-6	1.100000E-6	3.133525E+1	-6.630293E+1
6.629593E+1	-6.200000E-6	8.400000E-6	3.138195E+1	-6.629593E+1
6.628893E+1	-2.480000E-5	3.760000E-5	3.142865E+1	-6.628893E+1
6.628193E+1	-2.200000E-5	2.790000E-5	3.147535E+1	-6.628193E+1
6.627493E+1	-3.700000E-5	-2.690000E-5	3.152205E+1	-6.627493E+1
6.626793E+1	1.240000E-5	-1.080000E-5	3.156874E+1	-6.626793E+1
6.626093E+1	-1.260000E-5	2.120000E-5	3.161544E+1	-6.626093E+1
6.625393E+1	-3.500000E-5	6.600000E-6	3.166214E+1	-6.625393E+1
6.624693E+1	-4.230000E-5	2.740000E-5	3.170884E+1	-6.624693E+1
6.623993E+1	1.260000E-5	6.690000E-5	3.175554E+1	-6.623993E+1
6.623293E+1	-6.500000E-6	1.580000E-5	3.180224E+1	-6.623293E+1
6.622593E+1	-2.100000E-6	-7.200000E-6	3.184894E+1	-6.622593E+1
6.621893E+1	6.360000E-5	-4.800000E-6	3.189564E+1	-6.621893E+1
6.621193E+1	3.110000E-5	-4.810000E-5	3.194234E+1	-6.621193E+1
6.620493E+1	1.480000E-5	1.090000E-5	3.198904E+1	-6.620493E+1
6.619793E+1	1.900000E-5	-2.390000E-5	3.203574E+1	-6.619793E+1
6.619093E+1	1.340000E-5	1.230000E-5	3.208244E+1	-6.619093E+1
6.618393E+1	9.000000E-6	-1.080000E-5	3.212914E+1	-6.618393E+1
6.617693E+1	5.970000E-5	1.500000E-5	3.217583E+1	-6.617693E+1
6.616993E+1	2.740000E-5	-1.650000E-5	3.222253E+1	-6.616993E+1
6.616293E+1	6.900000E-6	-5.900000E-6	3.226923E+1	-6.616293E+1
6.615593E+1	-1.910000E-5	-2.600000E-5	3.231593E+1	-6.615593E+1
6.614893E+1	-5.300000E-6	9.400000E-6	3.236263E+1	-6.614893E+1
6.614193E+1	1.840000E-5	1.220000E-5	3.240933E+1	-6.614193E+1
6.613493E+1	2.690000E-5	1.330000E-5	3.245603E+1	-6.613493E+1
6.612793E+1	-2.700000E-5	1.010000E-5	3.250273E+1	-6.612793E+1
6.612093E+1	7.400000E-6	1.810000E-5	3.254943E+1	-6.612093E+1
6.611393E+1	1.150000E-5	1.220000E-5	3.259613E+1	-6.611393E+1
6.610693E+1	2.230000E-5	-2.600000E-6	3.264283E+1	-6.610693E+1
6.609993E+1	3.510000E-5	2.680000E-5	3.268953E+1	-6.609993E+1
6.609293E+1	-8.500000E-6	-1.770000E-5	3.273623E+1	-6.609293E+1
6.608593E+1	-9.800000E-6	-3.200000E-6	3.278292E+1	-6.608593E+1
6.607893E+1	-2.400000E-5	4.250000E-5	3.282962E+1	-6.607893E+1
6.607193E+1	-1.770000E-5	1.000000E-6	3.287632E+1	-6.607193E+1
6.606493E+1	2.390000E-5	1.050000E-5	3.292302E+1	-6.606493E+1
6.605793E+1	2.350000E-5	2.090000E-5	3.296972E+1	-6.605793E+1
6.605093E+1	-2.400000E-6	2.440000E-5	3.301642E+1	-6.605093E+1
6.604393E+1	4.000000E-7	-5.400000E-6	3.306312E+1	-6.604393E+1
6.603693E+1	-1.940000E-5	3.520000E-5	3.310982E+1	-6.603693E+1
6.602993E+1	-1.200000E-6	1.260000E-5	3.315652E+1	-6.602993E+1
6.602293E+1	1.700000E-6	-2.200000E-6	3.320322E+1	-6.602293E+1
6.601593E+1	-1.250000E-5	-1.280000E-5	3.324992E+1	-6.601593E+1
6.600893E+1	1.240000E-5	1.770000E-5	3.329662E+1	-6.600893E+1
6.600193E+1	-7.500000E-6	6.900000E-6	3.334332E+1	-6.600193E+1
6.599493E+1	1.610000E-5	-6.800000E-6	3.339002E+1	-6.599493E+1
6.598793E+1	-2.630000E-5	1.400000E-6	3.343672E+1	-6.598793E+1
6.598093E+1	-5.130000E-5	-3.900000E-5	3.348342E+1	-6.598093E+1
6.597393E+1	-7.400000E-6	8.600000E-6	3.353012E+1	-6.597393E+1
6.596693E+1	-1.140000E-5	1.600000E-6	3.357682E+1	-6.596693E+1
6.595993E+1	-1.230000E-5	1.500000E-6	3.362351E+1	-6.595993E+1
6.595293E+1	-1.710000E-5	2.060000E-5	3.367021E+1	-6.595293E+1
6.594593E+1	-1.900000E-6	2.590000E-5	3.371691E+1	-6.594593E+1
6.593893E+1	-2.180000E-5	2.610000E-5	3.376361E+1	-6.593893E+1
6.593193E+1	-3.520000E-5	-6.000000E-7	3.381031E+1	-6.593193E+1
6.592493E+1	-1.800000E-6	1.020000E-5	3.385701E+1	-6.592493E+1
6.591793E+1	-3.590000E-5	2.470000E-5	3.390371E+1	-6.591793E+1
6.591093E+1	-1.110000E-5	3.990000E-5	3.395041E+1	-6.591093E+1
6.590393E+1	-2.350000E-5	1.240000E-5	3.399711E+1	-6.590393E+1
6.589693E+1	2.400000E-6	-4.900000E-6	3.404381E+1	-6.589693E+1
6.588993E+1	-1.390000E-5	-3.900000E-6	3.409051E+1	-6.588993E+1
6.588293E+1	-3.960000E-5	1.900000E-6	3.413721E+1	-6.588293E+1
6.587593E+1	-2.900000E-6	-2.020000E-5	3.418391E+1	-6.587593E+1
6.586893E+1	-3.120000E-5	1.630000E-5	3.423061E+1	-6.586893E+1
6.586193E+1	-2.380000E-5	6.000000E-7	3.427731E+1	-6.586193E+1
6.585493E+1	-1.910000E-5	-1.420000E-5	3.432401E+1	-6.585493E+1
6.584793E+1	2.030000E-5	2.800000E-5	3.437070E+1	-6.584793E+1
6.584093E+1	3.350000E-5	4.940000E-5	3.441740E+1	-6.584093E+1
6.583393E+1	3.000000E-6	4.310000E-5	3.446410E+1	-6.583393E+1
6.582693E+1	1.350000E-5	3.200000E-6	3.451080E+1	-6.582693E+1
6.581993E+1	-2.900000E-6	3.790000E-5	3.455750E+1	-6.581993E+1
6.581293E+1	-5.000000E-7	2.640000E-5	3.460420E+1	-6.581293E+1
6.580593E+1	-8.200000E-6	1.680000E-5	3.465090E+1	-6.580593E+1
6.579893E+1	-1.670000E-5	1.410000E-5	3.469760E+1	-6.579893E+1
6.579193E+1	-2.800000E-6	2.420000E-5	3.474430E+1	-6.579193E+1
6.578493E+1	-3.290000E-5	-3.500000E-6	3.479100E+1	-6.578493E+1
6.577793E+1	-1.130000E-5	-3.180000E-5	3.483770E+1	-6.577793E+1
6.577093E+1	8.200000E-6	3.450000E-5	3.488440E+1	-6.577093E+1
6.576393E+1	-3.840000E-5	-2.500000E-6	3.493110E+1	-6.576393E+1
6.575693E+1	-8.000000E-7	1.950000E-5	3.497779E+1	-6.575693E+1
6.574993E+1	2.940000E-5	3.070000E-5	3.502449E+1	-6.574993E+1
6.574293E+1	6.000000E-7	8.200000E-6	3.507119E+1	-6.574293E+1
6.573593E+1	-3.700000E-6	2.960000E-5	3.511789E+1	-6.573593E+1
6.572893E+1	-7.300000E-6	3.240000E-5	3.516459E+1	-6.572893E+1
6.572193E+1	1.690000E-5	5.500000E-6	3.521129E+1	-6.572193E+1
6.571493E+1	1.800000E-5	1.770000E-5	3.525799E+1	-6.571493E+1
6.570793E+1	4.020000E-5	-8.100000E-6	3.530469E+1	-6.570793E+1
6.570093E+1	1.670000E-5	-4.200000E-6	3.535139E+1	-6.570093E+1
6.569393E+1	-1.680000E-5	4.100000E-6	3.539809E+1	-6.569393E+1
6.568693E+1	4.000000E-6	2.790000E-5	3.544479E+1	-6.568693E+1
6.567993E+1	-6.100000E-6	-1.300000E-6	3.549149E+1	-6.567993E+1
6.567293E+1	1.510000E-5	1.130000E-5	3.553819E+1	-6.567293E+1
6.566593E+1	-1.160000E-5	2.250000E-5	3.558488E+1	-6.566593E+1
6.565893E+1	-1.220000E-5	-5.100000E-6	3.563158E+1	-6.565893E+1
6.565193E+1	-2.470000E-5	7.600000E-6	3.567828E+1	-6.565193E+1
6.564493E+1	-1.820000E-5	2.130000E-5	3.572498E+1	-6.564493E+1
6.563793E+1	1.060000E-5	1.510000E-5	3.577168E+1	-6.563793E+1
6.563093E+1	3.070000E-5	-4.800000E-6	3.581838E+1	-6.563093E+1
6.562393E+1	-5.400000E-6	3.200000E-6	3.586508E+1	-6.562393E+1
6.561693E+1	-5.500000E-6	-1.870000E-5	3.591178E+1	-6.561693E+1
6.560993E+1	-1.260000E-5	4.750000E-5	3.595848E+1	-6.560993E+1
6.560293E+1	-3.230000E-5	1.970000E-5	3.600518E+1	-6.560293E+1
6.559593E+1	-4.900000E-6	-2.410000E-5	3.605188E+1	-6.559593E+1
6.558893E+1	-1.830000E-5	-1.550000E-5	3.609858E+1	-6.558893E+1
6.558193E+1	-2.400000E-5	1.420000E-5	3.614528E+1	-6.558193E+1
6.557493E+1	6.400000E-6	-7.600000E-6	3.619198E+1	-6.557493E+1
6.556793E+1	9.300000E-6	2.800000E-5	3.623868E+1	-6.556793E+1
6.556093E+1	-1.000000E-6	1.640000E-5	3.628537E+1	-6.556093E+1
6.555393E+1	4.990000E-5	-1.350000E-5	3.633207E+1	-6.555393E+1
6.554693E+1	6.690000E-5	-2.760000E-5	3.637877E+1	-6.554693E+1
6.553993E+1	5.610000E-5	1.800000E-6	3.642547E+1	-6.553993E+1
6.553293E+1	9.210000E-5	6.000000E-7	3.647217E+1	-6.553293E+1
6.552593E+1	1.371000E-4	5.000000E-6	3.651887E+1	-6.552593E+1
6.551893E+1	2.185000E-4	6.300000E-6	3.656557E+1	-6.551893E+1
6.551193E+1	3.370000E-4	1.170000E-5	3.661227E+1	-6.551193E+1
6.550493E+1	4.752000E-4	4.550000E-5	3.665897E+1	-6.550493E+1
6.549793E+1	6.200000E-4	-3.460000E-5	3.670567E+1	-6.549793E+1
6.549093E+1	8.514000E-4	2.590000E-5	3.675237E+1	-6.549093E+1
6.548393E+1	1.103400E-3	5.000000E-6	3.679907E+1	-6.548393E+1
6.547693E+1	1.468300E-3	-1.780000E-5	3.684577E+1	-6.547693E+1
6.546993E+1	1.820200E-3	-2.340000E-5	3.689247E+1	-6.546993E+1
6.546293E+1	2.326400E-3	-1.980000E-5	3.693917E+1	-6.546293E+1
6.545593E+1	2.777200E-3	-2.850000E-5	3.698587E+1	-6.545593E+1
6.544893E+1	3.195600E-3	-2.510000E-5	3.703257E+1	-6.544893E+1
6.544193E+1	3.500700E-3	-5.890000E-5	3.707927E+1	-6.544193E+1
6.543493E+1	3.455900E-3	1.310000E-5	3.712597E+1	-6.543493E+1
6.542793E+1	2.891100E-3	5.180000E-5	3.717266E+1	-6.542793E+1
6.542093E+1	1.640300E-3	1.461000E-4	3.721936E+1	-6.542093E+1
6.541393E+1	-4.954000E-4	1.915000E-4	3.726606E+1	-6.541393E+1
6.540693E+1	-3.313600E-3	2.802000E-4	3.731276E+1	-6.540693E+1
6.539993E+1	-6.395300E-3	2.702000E-4	3.735946E+1	-6.539993E+1
6.539293E+1	-8.699400E-3	1.835000E-4	3.740616E+1	-6.539293E+1
6.538593E+1	-9.909300E-3	1.404000E-4	3.745286E+1	-6.538593E+1
6.537893E+1	-9.492400E-3	7.400000E-6	3.749956E+1	-6.537893E+1
6.537193E+1	-7.562500E-3	-1.432000E-4	3.754626E+1	-6.537193E+1
6.536493E+1	-4.847800E-3	-2.381000E-4	3.759296E+1	-6.536493E+1
6.535793E+1	-1.988200E-3	-2.471000E-4	3.763966E+1	-6.535793E+1
6.535093E+1	7.273000E-4	-2.589000E-4	3.768636E+1	-6.535093E+1
6.534393E+1	2.394800E-3	-1.551000E-4	3.773306E+1	-6.534393E+1
6.533693E+1	2.933900E-3	-3.460000E-5	3.777975E+1	-6.533693E+1
6.532993E+1	2.681200E-3	3.240000E-5	3.782645E+1	-6.532993E+1
6.532293E+1	2.078200E-3	6.950000E-5	3.787315E+1	-6.532293E+1
6.531593E+1	1.440900E-3	9.860000E-5	3.791985E+1	-6.531593E+1
6.530893E+1	1.143400E-3	5.020000E-5	3.796655E+1	-6.530893E+1
6.530193E+1	1.145700E-3	5.170000E-5	3.801325E+1	-6.530193E+1
6.529493E+1	1.390800E-3	3.990000E-5	3.805995E+1	-6.529493E+1
6.528793E+1	1.643300E-3	-1.360000E-5	3.810665E+1	-6.528793E+1
6.528093E+1	1.671700E-3	8.700000E-6	3.815335E+1	-6.528093E+1
6.527393E+1	1.454900E-3	-1.900000E-6	3.820005E+1	-6.527393E+1
6.526693E+1	1.086400E-3	4.360000E-5	3.824675E+1	-6.526693E+1
6.525993E+1	6.563000E-4	7.630000E-5	3.829345E+1	-6.525993E+1
6.525293E+1	2.788000E-4	2.830000E-5	3.834015E+1	-6.525293E+1
6.524593E+1	3.430000E-5	2.490000E-5	3.838684E+1	-6.524593E+1
6.523893E+1	5.190000E-5	1.110000E-5	3.843354E+1	-6.523893E+1
6.523193E+1	1.860000E-4	-2.020000E-5	3.848024E+1	-6.523193E+1
6.522493E+1	3.098000E-4	-1.410000E-5	3.852694E+1	-6.522493E+1
6.521793E+1	4.299000E-4	-1.900000E-5	3.857364E+1	-6.521793E+1
6.521093E+1	4.368000E-4	-5.200000E-6	3.862034E+1	-6.521093E+1
6.520393E+1	3.724000E-4	3.500000E-5	3.866704E+1	-6.520393E+1
6.519693E+1	2.597000E-4	2.640000E-5	3.871374E+1	-6.519693E+1
6.518993E+1	4.880000E-5	3.320000E-5	3.876044E+1	-6.518993E+1
6.518293E+1	-1.266000E-4	3.120000E-5	3.880714E+1	-6.518293E+1
6.517593E+1	-2.457000E-4	1.410000E-5	3.885384E+1	-6.517593E+1
6.516893E+1	-3.005000E-4	-1.980000E-5	3.890054E+1	-6.516893E+1
6.516193E+1	-3.185000E-4	2.060000E-5	3.894724E+1	-6.516193E+1
6.515493E+1	-2.118000E-4	-1.380000E-5	3.899393E+1	-6.515493E+1
6.514793E+1	-5.900000E-6	-4.990000E-5	3.904063E+1	-6.514793E+1
6.514093E+1	1.958000E-4	-1.010000E-5	3.908733E+1	-6.514093E+1
6.513393E+1	4.134000E-4	-1.080000E-5	3.913403E+1	-6.513393E+1
6.512693E+1	6.144000E-4	-3.000000E-6	3.918073E+1	-6.512693E+1
6.511993E+1	6.971000E-4	2.700000E-6	3.922743E+1	-6.511993E+1
6.511293E+1	6.715000E-4	-1.950000E-5	3.927413E+1	-6.511293E+1
6.510593E+1	5.052000E-4	3.500000E-6	3.932083E+1	-6.510593E+1
6.509893E+1	2.429000E-4	2.640000E-5	3.936753E+1	-6.509893E+1
6.509193E+1	-1.314000E-4	4.780000E-5	3.941423E+1	-6.509193E+1
6.508493E+1	-4.206000E-4	2.750000E-5	3.946093E+1	-6.508493E+1
6.507793E+1	-6.123000E-4	-4.000000E-6	3.950763E+1	-6.507793E+1
6.507093E+1	-6.091000E-4	1.360000E-5	3.955433E+1	-6.507093E+1
6.506393E+1	-4.126000E-4	-9.400000E-6	3.960103E+1	-6.506393E+1
