6.569993E+1	-1.565714E-5	0.000000E+0
6.569293E+1	9.200000E-6	4.669933E-2
6.568593E+1	4.285714E-6	9.339865E-2
6.567893E+1	1.674286E-5	1.400980E-1
6.567193E+1	1.337143E-5	1.867973E-1
6.566493E+1	2.342857E-6	2.334966E-1
6.565793E+1	-1.171429E-5	2.801960E-1
6.565093E+1	-1.205714E-5	3.268953E-1
6.564393E+1	7.085714E-6	3.735946E-1
6.563693E+1	4.571428E-7	4.202939E-1
6.562993E+1	1.080000E-5	4.669932E-1
6.562293E+1	1.308571E-5	5.136926E-1
6.561593E+1	2.571428E-6	5.603919E-1
6.560893E+1	5.257143E-6	6.070912E-1
6.560193E+1	1.160000E-5	6.537905E-1
6.559493E+1	-4.171428E-6	7.004899E-1
6.558793E+1	4.000000E-7	7.471892E-1
6.558093E+1	7.411538E-22	7.938885E-1
6.557393E+1	-6.114285E-6	8.405879E-1
6.556693E+1	7.028571E-6	8.872872E-1
6.555993E+1	-2.342857E-6	9.339865E-1
6.555293E+1	9.142857E-7	9.806858E-1
6.554593E+1	1.320000E-5	1.027385E+0
6.553893E+1	-1.314286E-5	1.074085E+0
6.553193E+1	9.714286E-7	1.120784E+0
6.552493E+1	-5.771429E-6	1.167483E+0
6.551793E+1	2.342857E-6	1.214182E+0
6.551093E+1	-5.485714E-6	1.260882E+0
6.550393E+1	1.142857E-7	1.307581E+0
6.549693E+1	2.628571E-6	1.354280E+0
6.548993E+1	-2.571428E-6	1.400980E+0
6.548293E+1	-5.885714E-6	1.447679E+0
6.547593E+1	1.137143E-5	1.494378E+0
6.546893E+1	-6.742857E-6	1.541078E+0
6.546193E+1	-7.542857E-6	1.587777E+0
6.545493E+1	-1.302857E-5	1.634476E+0
6.544793E+1	-1.868571E-5	1.681176E+0
6.544093E+1	-7.371429E-6	1.727875E+0
6.543393E+1	-7.142857E-6	1.774574E+0
6.542693E+1	-6.685714E-6	1.821274E+0
6.541993E+1	-2.857143E-5	1.867973E+0
6.541293E+1	-3.017143E-5	1.914672E+0
6.540593E+1	-4.514286E-6	1.961372E+0
6.539893E+1	2.925714E-5	2.008071E+0
6.539193E+1	5.371428E-5	2.054770E+0
6.538493E+1	7.531429E-5	2.101470E+0
6.537793E+1	6.977143E-5	2.148169E+0
6.537093E+1	8.142857E-5	2.194868E+0
6.536393E+1	6.062857E-5	2.241568E+0
6.535693E+1	1.908571E-5	2.288267E+0
6.534993E+1	-9.428572E-6	2.334966E+0
6.534293E+1	-2.331429E-5	2.381665E+0
6.533593E+1	-3.657143E-5	2.428365E+0
6.532893E+1	-3.434286E-5	2.475064E+0
6.532193E+1	-2.280000E-5	2.521764E+0
6.531493E+1	9.942857E-6	2.568463E+0
6.530793E+1	1.005714E-5	2.615162E+0
6.530093E+1	2.628571E-5	2.661861E+0
6.529393E+1	4.228571E-6	2.708561E+0
6.528693E+1	-1.948571E-5	2.755260E+0
6.527993E+1	-8.571428E-6	2.801960E+0
6.527293E+1	-1.405714E-5	2.848659E+0
6.526593E+1	6.000000E-6	2.895358E+0
6.525893E+1	5.257143E-6	2.942057E+0
6.525193E+1	4.342857E-6	2.988757E+0
6.524493E+1	8.457143E-6	3.035456E+0
6.523793E+1	-4.000000E-7	3.082155E+0
6.523093E+1	3.714286E-6	3.128855E+0
6.522393E+1	-2.285714E-6	3.175554E+0
6.521693E+1	-1.600000E-6	3.222253E+0
6.520993E+1	8.514286E-6	3.268953E+0
6.520293E+1	-2.742857E-6	3.315652E+0
6.519593E+1	-2.685714E-6	3.362351E+0
6.518893E+1	-2.000000E-6	3.409051E+0
6.518193E+1	6.514286E-6	3.455750E+0
6.517493E+1	5.600000E-6	3.502449E+0
6.516793E+1	1.291429E-5	3.549149E+0
6.516093E+1	-3.657143E-6	3.595848E+0
6.515393E+1	4.342857E-6	3.642547E+0
6.514693E+1	-1.600000E-6	3.689247E+0
6.513993E+1	-3.314286E-6	3.735946E+0
6.513293E+1	7.428571E-6	3.782645E+0
6.512593E+1	6.342857E-6	3.829345E+0
6.511893E+1	-3.200000E-6	3.876044E+0
6.511193E+1	-9.142857E-7	3.922743E+0
6.510493E+1	-1.982857E-5	3.969443E+0
6.509793E+1	-1.925714E-5	4.016142E+0
6.509093E+1	-2.971429E-6	4.062841E+0
6.508393E+1	-4.914286E-6	4.109540E+0
6.507693E+1	9.657143E-6	4.156240E+0
6.506993E+1	1.714286E-6	4.202939E+0
6.506293E+1	1.377143E-5	4.249639E+0
6.505593E+1	1.040000E-5	4.296338E+0
6.504893E+1	-3.942857E-6	4.343037E+0
6.504193E+1	-1.028571E-6	4.389737E+0
6.503493E+1	9.085715E-6	4.436436E+0
6.502793E+1	8.685714E-6	4.483135E+0
6.502093E+1	-4.057143E-6	4.529835E+0
6.501393E+1	-4.800000E-6	4.576534E+0
6.500693E+1	-2.514286E-6	4.623233E+0
6.499993E+1	-9.142857E-7	4.669932E+0
6.499293E+1	6.800000E-6	4.716632E+0
6.498593E+1	-2.062857E-5	4.763331E+0
6.497893E+1	-5.314286E-6	4.810030E+0
6.497193E+1	-1.142857E-6	4.856730E+0
6.496493E+1	1.205714E-5	4.903429E+0
6.495793E+1	4.514286E-6	4.950129E+0
6.495093E+1	5.314286E-6	4.996828E+0
6.494393E+1	9.600000E-6	5.043527E+0
6.493693E+1	-4.514286E-6	5.090227E+0
6.492993E+1	-3.428571E-7	5.136926E+0
6.492293E+1	-3.085714E-6	5.183625E+0
6.491593E+1	3.428571E-7	5.230324E+0
6.490893E+1	1.697143E-5	5.277024E+0
6.490193E+1	2.857143E-6	5.323723E+0
6.489493E+1	-1.320000E-5	5.370422E+0
6.488793E+1	-1.697143E-5	5.417122E+0
6.488093E+1	6.285715E-7	5.463821E+0
6.487393E+1	1.508571E-5	5.510520E+0
6.486693E+1	1.022857E-5	5.557220E+0
6.485993E+1	7.257143E-6	5.603919E+0
6.485293E+1	-2.800000E-6	5.650619E+0
6.484593E+1	1.714286E-7	5.697318E+0
6.483893E+1	-2.628571E-6	5.744017E+0
6.483193E+1	-3.428572E-6	5.790716E+0
6.482493E+1	-6.628572E-6	5.837416E+0
6.481793E+1	2.000000E-6	5.884115E+0
6.481093E+1	5.200000E-6	5.930814E+0
